Selection	View	Channel	Begin Clock Time	Begin Time (s)	End Time (s)	Delta Time (s)	Freq 5% (Hz)	Freq 95% (Hz)	Center Freq (Hz)	Avg Power (dB)	Max Power (dB)	Energy (dB)	Begin Date Time	Begin Path	Begin File	File Offset (s)	Low Freq (Hz)	High Freq (Hz)	ID	NOTES
1	Spectrogram 1	1	2.388	2.388079092	5.388079092	3.000	1781.2	10968.8	7500.0	27.0	39.6	71.7	2.388	/Users/mary/Desktop/listens_20180309/completed_listens/file5e575963e6a6.wav	file5e575963e6a6.wav	2.388	1413.0	11220.0	background	
2	Spectrogram 1	1	153.492	153.491889262	153.935803843	0.444	2062.5	3187.5	2718.8	29.1	42.2	56.7	153.492	/Users/mary/Desktop/listens_20180309/completed_listens/file5e575963e6a6.wav	file5e575963e6a6.wav	153.492	2059.3	3330.5	UNK1	CLNU? STJA?
3	Spectrogram 1	1	197.667	197.666502220	197.870702927	0.204	2812.5	4125.0	3562.5	27.4	39.2	52.2	197.667	/Users/mary/Desktop/listens_20180309/completed_listens/file5e575963e6a6.wav	file5e575963e6a6.wav	197.667	2745.8	4245.8	GCRF	
4	Spectrogram 1	1	225.552	225.551622845	225.968902551	0.417	2062.5	4218.8	2812.5	28.8	46.4	59.2	225.552	/Users/mary/Desktop/listens_20180309/completed_listens/file5e575963e6a6.wav	file5e575963e6a6.wav	225.552	1957.6	4550.8	PIKA	
5	Spectrogram 1	1	217.546	217.546063847	220.546063847	3.000	1781.2	10968.8	7500.0	27.0	39.0	71.6	217.546	/Users/mary/Desktop/listens_20180309/completed_listens/file5e575963e6a6.wav	file5e575963e6a6.wav	217.546	1413.0	11220.0	background	
6	Spectrogram 1	1	314.153	314.153487293	314.561888707	0.408	2250.0	7125.0	4875.0	38.2	58.1	73.5	314.153	/Users/mary/Desktop/listens_20180309/completed_listens/file5e575963e6a6.wav	file5e575963e6a6.wav	314.153	991.5	9355.9	PIKA	
7	Spectrogram 1	1	320.094	320.094358270	327.108208643	7.014	1781.2	7875.0	4781.2	34.7	60.7	82.4	320.094	/Users/mary/Desktop/listens_20180309/completed_listens/file5e575963e6a6.wav	file5e575963e6a6.wav	320.094	966.1	9533.9	PIKA	
8	Spectrogram 1	1	328.085	328.084820720	328.484343843	0.400	1781.2	7125.0	4406.2	36.0	56.5	71.2	328.085	/Users/mary/Desktop/listens_20180309/completed_listens/file5e575963e6a6.wav	file5e575963e6a6.wav	328.085	864.4	9228.8	PIKA	
9	Spectrogram 1	1	329.168	329.167972297	329.505347378	0.337	1968.8	6750.0	4312.5	37.5	55.8	72.0	329.168	/Users/mary/Desktop/listens_20180309/completed_listens/file5e575963e6a6.wav	file5e575963e6a6.wav	329.168	737.3	8923.7	PIKA	
10	Spectrogram 1	1	331.254	331.254370826	331.671650531	0.417	1687.5	6937.5	4312.5	36.8	59.8	72.2	331.254	/Users/mary/Desktop/listens_20180309/completed_listens/file5e575963e6a6.wav	file5e575963e6a6.wav	331.254	813.6	9127.1	PIKA	
11	Spectrogram 1	1	334.625	334.624622086	335.334885415	0.710	2343.8	7312.5	4500.0	38.3	61.1	76.7	334.625	/Users/mary/Desktop/listens_20180309/completed_listens/file5e575963e6a6.wav	file5e575963e6a6.wav	334.625	839.0	10550.8	PIKA	
12	Spectrogram 1	1	340.484	340.484294550	341.247827629	0.764	2156.2	9000.0	4406.2	37.1	58.9	76.1	340.484	/Users/mary/Desktop/listens_20180309/completed_listens/file5e575963e6a6.wav	file5e575963e6a6.wav	340.484	686.4	11161.0	PIKA	
13	Spectrogram 1	1	337.303	337.303108595	337.675996843	0.373	3093.8	3843.8	3468.8	27.3	39.1	52.3	337.303	/Users/mary/Desktop/listens_20180309/completed_listens/file5e575963e6a6.wav	file5e575963e6a6.wav	337.303	3076.3	3915.3	HETH	*WCSP
15	Spectrogram 1	1	371.434	371.434296447	371.638497154	0.204	3562.5	4593.8	4031.2	26.5	38.2	50.2	371.434	/Users/mary/Desktop/listens_20180309/completed_listens/file5e575963e6a6.wav	file5e575963e6a6.wav	371.434	3483.1	4627.1	GCRF	
16	Spectrogram 1	1	373.050	373.050145521	378.785521902	5.735	3187.5	4593.8	3843.8	25.9	40.1	65.2	373.050	/Users/mary/Desktop/listens_20180309/completed_listens/file5e575963e6a6.wav	file5e575963e6a6.wav	373.050	3178.0	4627.1	GCRF	
17	Spectrogram 1	1	380.162	380.161657102	380.676598015	0.515	2812.5	5812.5	3843.8	27.7	43.0	60.3	380.162	/Users/mary/Desktop/listens_20180309/completed_listens/file5e575963e6a6.wav	file5e575963e6a6.wav	380.162	2618.6	6178.0	PIKA	
18	Spectrogram 1	1	380.739	380.738746056	380.960703347	0.222	3562.5	4593.8	4031.2	26.3	36.6	50.4	380.739	/Users/mary/Desktop/listens_20180309/completed_listens/file5e575963e6a6.wav	file5e575963e6a6.wav	380.739	3508.5	4678.0	GCRF	
19	Spectrogram 1	1	382.925	382.924778309	386.191989622	3.267	3187.5	4687.5	3937.5	25.7	37.1	62.8	382.925	/Users/mary/Desktop/listens_20180309/completed_listens/file5e575963e6a6.wav	file5e575963e6a6.wav	382.925	3152.5	4754.2	GCRF	
20	Spectrogram 1	1	389.639	389.638801960	389.878515833	0.240	3187.5	4218.8	3750.0	26.8	37.6	51.8	389.639	/Users/mary/Desktop/listens_20180309/completed_listens/file5e575963e6a6.wav	file5e575963e6a6.wav	389.639	3076.3	4398.3	GCRF	
21	Spectrogram 1	1	392.264	392.264012176	392.477091175	0.213	3375.0	4593.8	4031.2	26.4	36.6	50.9	392.264	/Users/mary/Desktop/listens_20180309/completed_listens/file5e575963e6a6.wav	file5e575963e6a6.wav	392.264	3330.5	4601.7	GCRF	
22	Spectrogram 1	1	393.542	393.542486168	398.814241528	5.272	3281.2	4687.5	3937.5	25.8	37.8	64.7	393.542	/Users/mary/Desktop/listens_20180309/completed_listens/file5e575963e6a6.wav	file5e575963e6a6.wav	393.542	3279.7	4703.4	GCRF	
23	Spectrogram 1	1	408.709	408.709234760	415.767476591	7.058	3187.5	4687.5	3937.5	25.8	38.6	66.3	408.709	/Users/mary/Desktop/listens_20180309/completed_listens/file5e575963e6a6.wav	file5e575963e6a6.wav	408.709	3178.0	4754.2	GCRF	
24	Spectrogram 1	1	404.829	404.829421325	407.217681769	2.388	2906.2	4500.0	3750.0	26.1	36.8	62.4	404.829	/Users/mary/Desktop/listens_20180309/completed_listens/file5e575963e6a6.wav	file5e575963e6a6.wav	404.829	2847.5	4652.5	GCRF	
