Selection	View	Channel	Begin Clock Time	Begin Time (s)	End Time (s)	Delta Time (s)	Freq 5% (Hz)	Freq 95% (Hz)	Center Freq (Hz)	Avg Power (dB)	Max Power (dB)	Energy (dB)	Begin Date Time	Begin Path	Begin File	File Offset (s)	Low Freq (Hz)	High Freq (Hz)	ID	NOTES
34	Spectrogram 1	1	169.147	169.147356637	169.577845508	0.430	1406.2	3375.0	1781.2	34.6	48.7	64.9	169.147	/Users/mary/Desktop/listens_20180309/completed_listens/file5e57328c635d.wav	file5e57328c635d.wav	169.147	1358.5	3924.5	CLNU	
37	Spectrogram 1	1	176.059	176.058857980	176.598484875	0.540	1593.8	2812.5	1875.0	34.1	46.8	63.2	176.059	/Users/mary/Desktop/listens_20180309/completed_listens/file5e57328c635d.wav	file5e57328c635d.wav	176.059	1547.2	3018.9	CLNU	
41	Spectrogram 1	1	190.260	190.260162648	190.611829613	0.352	1687.5	2812.5	1968.8	35.1	47.5	61.8	190.260	/Users/mary/Desktop/listens_20180309/completed_listens/file5e57328c635d.wav	file5e57328c635d.wav	190.260	1622.6	2981.1	CLNU	
43	Spectrogram 1	1	193.546	193.546429806	193.910223219	0.364	1218.8	2812.5	1687.5	36.1	47.6	64.7	193.546	/Users/mary/Desktop/listens_20180309/completed_listens/file5e57328c635d.wav	file5e57328c635d.wav	193.546	1207.5	3132.1	CLNU	
44	Spectrogram 1	1	194.899	194.898528656	195.298701409	0.400	1500.0	3375.0	1875.0	34.4	47.5	64.2	194.899	/Users/mary/Desktop/listens_20180309/completed_listens/file5e57328c635d.wav	file5e57328c635d.wav	194.899	1471.7	3849.1	CLNU	
47	Spectrogram 1	1	198.552	198.551794340	199.018662553	0.467	1875.0	3093.8	2437.5	33.0	43.1	61.2	198.552	/Users/mary/Desktop/listens_20180309/completed_listens/file5e57328c635d.wav	file5e57328c635d.wav	198.552	1849.1	3207.5	CLNU	
53	Spectrogram 1	1	217.856	217.855763518	218.468149096	0.612	1593.8	3281.2	2156.2	32.9	44.6	64.1	217.856	/Users/mary/Desktop/listens_20180309/completed_listens/file5e57328c635d.wav	file5e57328c635d.wav	217.856	1584.9	3660.4	CLNU	
54	Spectrogram 1	1	219.535	219.535276439	220.153725240	0.618	2062.5	3468.8	2531.2	31.8	44.0	62.0	219.535	/Users/mary/Desktop/listens_20180309/completed_listens/file5e57328c635d.wav	file5e57328c635d.wav	219.535	2000.0	3735.8	CLNU	
45	Spectrogram 1	1	196.484	196.484235113	197.872713304	1.388	3750.0	5531.2	4312.5	29.0	46.0	63.6	196.484	/Users/mary/Desktop/listens_20180309/completed_listens/file5e57328c635d.wav	file5e57328c635d.wav	196.484	3584.9	5660.4	DEJU	*
49	Spectrogram 1	1	201.341	201.340877168	202.547458653	1.207	3375.0	5250.0	4312.5	27.4	38.8	61.4	201.341	/Users/mary/Desktop/listens_20180309/completed_listens/file5e57328c635d.wav	file5e57328c635d.wav	201.341	3358.5	5396.2	DEJU	*
208	Spectrogram 1	1	271.383	271.383103387	271.613505882	0.230	4593.8	6093.8	5343.8	26.6	37.0	52.2	271.383	/Users/mary/Desktop/listens_20180309/completed_listens/file5e57328c635d.wav	file5e57328c635d.wav	271.383	4547.8	6152.9	DEJU	smack
71	Spectrogram 1	1	279.738	279.737742363	279.840817164	0.103	4406.2	8156.2	6375.0	27.7	37.9	54.4	279.738	/Users/mary/Desktop/listens_20180309/completed_listens/file5e57328c635d.wav	file5e57328c635d.wav	279.738	4075.5	8377.4	DEJU	smack
1	Spectrogram 1	1	0.524	0.523643709	0.887437122	0.364	3187.5	4500.0	3750.0	30.6	45.8	58.5	0.524	/Users/mary/Desktop/listens_20180309/completed_listens/file5e57328c635d.wav	file5e57328c635d.wav	0.524	3009.4	4777.4	GCRF	
30	Spectrogram 1	1	128.069	128.069428416	128.663624323	0.594	2437.5	4031.2	3093.8	29.6	41.7	59.8	128.069	/Users/mary/Desktop/listens_20180309/completed_listens/file5e57328c635d.wav	file5e57328c635d.wav	128.069	2377.4	4150.9	HETH	HETH?
4	Spectrogram 1	1	24.415	24.415092063	24.760695804	0.346	2250.0	4218.8	2812.5	31.1	46.4	60.4	24.415	/Users/mary/Desktop/listens_20180309/completed_listens/file5e57328c635d.wav	file5e57328c635d.wav	24.415	2144.2	4514.1	PIKA	*PIKA?
11	Spectrogram 1	1	43.493	43.493153414	43.869073274	0.376	2250.0	4687.5	3093.8	30.9	44.5	61.3	43.493	/Users/mary/Desktop/listens_20180309/completed_listens/file5e57328c635d.wav	file5e57328c635d.wav	43.493	2075.5	5018.9	PIKA	
25	Spectrogram 1	1	108.620	108.619693634	109.068372176	0.449	2250.0	5625.0	3375.0	31.3	47.4	63.8	108.620	/Users/mary/Desktop/listens_20180309/completed_listens/file5e57328c635d.wav	file5e57328c635d.wav	108.620	2113.2	6113.2	PIKA	
78	Spectrogram 1	1	313.304	313.303651094	313.709887071	0.406	1781.2	3750.0	2625.0	31.9	43.6	61.8	313.304	/Users/mary/Desktop/listens_20180309/completed_listens/file5e57328c635d.wav	file5e57328c635d.wav	313.304	1735.8	4150.9	PIKA	
99	Spectrogram 1	1	466.674	466.674153066	467.042864863	0.369	2812.5	3937.5	3468.8	40.3	58.1	67.5	466.674	/Users/mary/Desktop/listens_20180309/completed_listens/file5e57328c635d.wav	file5e57328c635d.wav	466.674	2615.0	3949.1	PIKA	with other crap
100	Spectrogram 1	1	468.526	468.526286745	468.826400999	0.300	2250.0	4781.2	4125.0	40.7	61.8	70.0	468.526	/Users/mary/Desktop/listens_20180309/completed_listens/file5e57328c635d.wav	file5e57328c635d.wav	468.526	1974.6	4803.0	PIKA	with other crap
101	Spectrogram 1	1	468.921	468.920722622	469.246560954	0.326	2343.8	3750.0	3187.5	37.7	54.9	64.8	468.921	/Users/mary/Desktop/listens_20180309/completed_listens/file5e57328c635d.wav	file5e57328c635d.wav	468.921	2188.0	3842.4	PIKA	with other crap
102	Spectrogram 1	1	469.315	469.315158498	469.520951129	0.206	1875.0	3656.2	2718.8	38.8	55.7	64.7	469.315	/Users/mary/Desktop/listens_20180309/completed_listens/file5e57328c635d.wav	file5e57328c635d.wav	469.315	1814.5	3735.7	PIKA	with other crap
103	Spectrogram 1	1	469.615	469.615272751	469.872513540	0.257	2343.8	4031.2	3281.2	39.1	57.6	65.8	469.615	/Users/mary/Desktop/listens_20180309/completed_listens/file5e57328c635d.wav	file5e57328c635d.wav	469.615	2294.8	4109.2	PIKA	with other crap
104	Spectrogram 1	1	469.958	469.958260470	470.155478408	0.197	2156.2	4125.0	3375.0	39.9	56.9	66.2	469.958	/Users/mary/Desktop/listens_20180309/completed_listens/file5e57328c635d.wav	file5e57328c635d.wav	469.958	1974.6	4162.6	PIKA	with other crap
105	Spectrogram 1	1	470.370	470.369845732	470.558488977	0.189	1875.0	3750.0	2718.8	33.1	45.2	59.5	470.370	/Users/mary/Desktop/listens_20180309/completed_listens/file5e57328c635d.wav	file5e57328c635d.wav	470.370	1814.5	4162.6	PIKA	with other crap
106	Spectrogram 1	1	470.781	470.781430994	470.944350161	0.163	1781.2	3750.0	2625.0	33.1	45.2	59.1	470.781	/Users/mary/Desktop/listens_20180309/completed_listens/file5e57328c635d.wav	file5e57328c635d.wav	470.781	1761.1	4162.6	PIKA	with other crap
107	Spectrogram 1	1	471.237	471.237305086	471.511695261	0.274	2343.8	3937.5	3281.2	37.9	57.5	64.8	471.237	/Users/mary/Desktop/listens_20180309/completed_listens/file5e57328c635d.wav	file5e57328c635d.wav	471.237	2241.4	3949.1	PIKA	with other crap
108	Spectrogram 1	1	471.735	471.734637278	472.009027453	0.274	1875.0	3562.5	2718.8	33.2	46.4	60.5	471.735	/Users/mary/Desktop/listens_20180309/completed_listens/file5e57328c635d.wav	file5e57328c635d.wav	471.735	1867.8	3842.4	PIKA	with other crap
109	Spectrogram 1	1	472.198	472.197670698	472.412038022	0.214	1968.8	3750.0	3093.8	35.3	53.5	61.6	472.198	/Users/mary/Desktop/listens_20180309/completed_listens/file5e57328c635d.wav	file5e57328c635d.wav	472.198	1867.8	3842.4	PIKA	with other crap
110	Spectrogram 1	1	472.721	472.720726968	472.986542450	0.266	1875.0	3468.8	2531.2	36.4	55.3	63.1	472.721	/Users/mary/Desktop/listens_20180309/completed_listens/file5e57328c635d.wav	file5e57328c635d.wav	472.721	1867.8	3628.9	PIKA	with other crap
111	Spectrogram 1	1	473.218	473.218059160	473.449575870	0.232	1781.2	3562.5	2531.2	33.1	44.7	60.2	473.218	/Users/mary/Desktop/listens_20180309/completed_listens/file5e57328c635d.wav	file5e57328c635d.wav	473.218	1761.1	4002.5	PIKA	with other crap
112	Spectrogram 1	1	473.724	473.723966045	474.006930913	0.283	2156.2	3656.2	3000.0	36.8	54.2	63.4	473.724	/Users/mary/Desktop/listens_20180309/completed_listens/file5e57328c635d.wav	file5e57328c635d.wav	473.724	2134.7	3735.7	PIKA	with other crap
113	Spectrogram 1	1	474.247	474.247022316	474.529987183	0.283	2343.8	3656.2	3000.0	36.6	53.7	62.9	474.247	/Users/mary/Desktop/listens_20180309/completed_listens/file5e57328c635d.wav	file5e57328c635d.wav	474.247	2188.0	3682.3	PIKA	with other crap
114	Spectrogram 1	1	474.830	474.830101437	475.070192840	0.240	2062.5	3750.0	3000.0	38.0	56.2	64.4	474.830	/Users/mary/Desktop/listens_20180309/completed_listens/file5e57328c635d.wav	file5e57328c635d.wav	474.830	2027.9	3789.0	PIKA	with other crap
115	Spectrogram 1	1	475.430	475.430329944	475.670421347	0.240	2250.0	3937.5	3281.2	37.0	56.7	63.7	475.430	/Users/mary/Desktop/listens_20180309/completed_listens/file5e57328c635d.wav	file5e57328c635d.wav	475.430	1974.6	3949.1	PIKA	with other crap
116	Spectrogram 1	1	476.056	476.056282530	476.930901213	0.875	2250.0	3937.5	3281.2	37.1	59.2	69.2	476.056	/Users/mary/Desktop/listens_20180309/completed_listens/file5e57328c635d.wav	file5e57328c635d.wav	476.056	2081.3	4002.5	PIKA	with other crap
119	Spectrogram 1	1	477.944	477.944123848	478.218514023	0.274	2718.8	4500.0	4125.0	41.4	63.7	69.0	477.944	/Users/mary/Desktop/listens_20180309/completed_listens/file5e57328c635d.wav	file5e57328c635d.wav	477.944	2348.1	4589.5	PIKA	with other crap
120	Spectrogram 1	1	480.044	480.044039993	480.327004861	0.283	2343.8	4125.0	3562.5	39.2	60.0	66.6	480.044	/Users/mary/Desktop/listens_20180309/completed_listens/file5e57328c635d.wav	file5e57328c635d.wav	480.044	2241.4	4216.0	PIKA	with other crap
121	Spectrogram 1	1	480.781	480.781463588	481.064428455	0.283	2250.0	4031.2	3468.8	42.4	60.8	69.9	480.781	/Users/mary/Desktop/listens_20180309/completed_listens/file5e57328c635d.wav	file5e57328c635d.wav	480.781	2081.3	4055.9	PIKA	with other crap
122	Spectrogram 1	1	481.510	481.510312489	481.784702664	0.274	2250.0	4031.2	3562.5	39.4	59.9	66.7	481.510	/Users/mary/Desktop/listens_20180309/completed_listens/file5e57328c635d.wav	file5e57328c635d.wav	481.510	2134.7	4109.2	PIKA	with other crap
123	Spectrogram 1	1	482.291	482.290609549	482.556425031	0.266	2437.5	3937.5	3187.5	33.9	51.8	60.2	482.291	/Users/mary/Desktop/listens_20180309/completed_listens/file5e57328c635d.wav	file5e57328c635d.wav	482.291	2401.5	4002.5	PIKA	with other crap
124	Spectrogram 1	1	483.157	483.156653538	483.473917178	0.317	2250.0	3656.2	3000.0	38.1	55.3	64.9	483.157	/Users/mary/Desktop/listens_20180309/completed_listens/file5e57328c635d.wav	file5e57328c635d.wav	483.157	2241.4	3735.7	PIKA	with other crap
212	Spectrogram 1	1	483.650	483.650217339	485.238781906	1.589	2906.2	3843.8	3375.0	36.9	56.2	69.0	483.650	/Users/mary/Desktop/listens_20180309/completed_listens/file5e57328c635d.wav	file5e57328c635d.wav	483.650	2866.2	3898.1	PIKA	
125	Spectrogram 1	1	485.310	485.310051044	486.604829682	1.295	2250.0	4125.0	3375.0	37.3	59.2	71.6	485.310	/Users/mary/Desktop/listens_20180309/completed_listens/file5e57328c635d.wav	file5e57328c635d.wav	485.310	2081.3	4216.0	PIKA	with other crap
126	Spectrogram 1	1	488.646	488.645606606	488.851399237	0.206	2531.2	3656.2	3187.5	32.6	44.9	56.8	488.646	/Users/mary/Desktop/listens_20180309/completed_listens/file5e57328c635d.wav	file5e57328c635d.wav	488.646	2454.9	3789.0	PIKA	with other crap
130	Spectrogram 1	1	489.246	489.245835114	489.417328973	0.171	2625.0	3750.0	3187.5	32.5	44.4	56.3	489.246	/Users/mary/Desktop/listens_20180309/completed_listens/file5e57328c635d.wav	file5e57328c635d.wav	489.246	2615.0	3949.1	PIKA	with other crap
129	Spectrogram 1	1	489.889	489.888937086	490.163327261	0.274	2156.2	3562.5	2812.5	32.2	42.2	58.8	489.889	/Users/mary/Desktop/listens_20180309/completed_listens/file5e57328c635d.wav	file5e57328c635d.wav	489.889	2134.7	3789.0	PIKA	with other crap
131	Spectrogram 1	1	490.506	490.506314979	490.832153312	0.326	2250.0	4312.5	3656.2	37.6	58.4	66.3	490.506	/Users/mary/Desktop/listens_20180309/completed_listens/file5e57328c635d.wav	file5e57328c635d.wav	490.506	2081.3	4322.7	PIKA	with other crap
132	Spectrogram 1	1	491.149	491.149416951	491.449531205	0.300	2437.5	3843.8	3093.8	31.9	44.2	59.4	491.149	/Users/mary/Desktop/listens_20180309/completed_listens/file5e57328c635d.wav	file5e57328c635d.wav	491.149	2294.8	4162.6	PIKA	with other crap
133	Spectrogram 1	1	491.784	491.783944230	492.264127036	0.480	2437.5	3750.0	3187.5	32.1	49.9	61.0	491.784	/Users/mary/Desktop/listens_20180309/completed_listens/file5e57328c635d.wav	file5e57328c635d.wav	491.784	2348.1	3949.1	PIKA	with other crap
135	Spectrogram 1	1	492.532	492.532232187	492.892369291	0.360	2156.2	3562.5	3000.0	33.1	46.3	60.9	492.532	/Users/mary/Desktop/listens_20180309/completed_listens/file5e57328c635d.wav	file5e57328c635d.wav	492.532	2081.3	3842.4	PIKA	with other crap
142	Spectrogram 1	1	493.321	493.321103940	493.484023106	0.163	2437.5	3656.2	3187.5	36.8	51.7	60.5	493.321	/Users/mary/Desktop/listens_20180309/completed_listens/file5e57328c635d.wav	file5e57328c635d.wav	493.321	2294.8	3735.7	PIKA	with other crap
136	Spectrogram 1	1	494.161	494.161423850	494.367216481	0.206	2250.0	3750.0	3093.8	33.0	47.4	58.3	494.161	/Users/mary/Desktop/listens_20180309/completed_listens/file5e57328c635d.wav	file5e57328c635d.wav	494.161	2241.4	3895.8	PIKA	with other crap
137	Spectrogram 1	1	494.813	494.813100515	495.164662926	0.352	2156.2	3656.2	3093.8	33.1	48.9	61.1	494.813	/Users/mary/Desktop/listens_20180309/completed_listens/file5e57328c635d.wav	file5e57328c635d.wav	494.813	2081.3	3895.8	PIKA	with other crap
138	Spectrogram 1	1	495.628	495.627696346	495.876362442	0.249	2156.2	3656.2	3093.8	32.9	46.1	59.5	495.628	/Users/mary/Desktop/listens_20180309/completed_listens/file5e57328c635d.wav	file5e57328c635d.wav	495.628	2081.3	3949.1	PIKA	with other crap
139	Spectrogram 1	1	496.511	496.510889721	496.913900290	0.403	2156.2	3937.5	3093.8	32.2	48.3	61.6	496.511	/Users/mary/Desktop/listens_20180309/completed_listens/file5e57328c635d.wav	file5e57328c635d.wav	496.511	2134.7	4269.3	PIKA	with other crap
140	Spectrogram 1	1	497.523	497.522703491	497.831392437	0.309	2343.8	3750.0	3187.5	32.3	46.9	59.4	497.523	/Users/mary/Desktop/listens_20180309/completed_listens/file5e57328c635d.wav	file5e57328c635d.wav	497.523	2294.8	4002.5	PIKA	with other crap
141	Spectrogram 1	1	498.449	498.448770331	498.628838883	0.180	2156.2	3656.2	3000.0	33.6	45.4	58.5	498.449	/Users/mary/Desktop/listens_20180309/completed_listens/file5e57328c635d.wav	file5e57328c635d.wav	498.449	2134.7	3895.8	PIKA	with other crap
145	Spectrogram 1	1	500.817	500.816753719	501.631349550	0.815	2625.0	3562.5	3281.2	38.8	58.1	68.0	500.817	/Users/mary/Desktop/listens_20180309/completed_listens/file5e57328c635d.wav	file5e57328c635d.wav	500.817	2561.6	3628.9	PIKA	with other crap
146	Spectrogram 1	1	502.626	502.626013934	502.866105337	0.240	2718.8	3656.2	3093.8	40.1	58.0	64.0	502.626	/Users/mary/Desktop/listens_20180309/completed_listens/file5e57328c635d.wav	file5e57328c635d.wav	502.626	2668.3	3735.7	PIKA	with other crap
152	Spectrogram 1	1	503.700	503.699672797	503.922614814	0.223	2437.5	3656.2	3093.8	40.4	57.5	65.1	503.700	/Users/mary/Desktop/listens_20180309/completed_listens/file5e57328c635d.wav	file5e57328c635d.wav	503.700	2401.5	3682.3	PIKA	with other crap
147	Spectrogram 1	1	504.744	504.743963095	504.949755727	0.206	2250.0	3937.5	3093.8	31.7	46.1	57.8	504.744	/Users/mary/Desktop/listens_20180309/completed_listens/file5e57328c635d.wav	file5e57328c635d.wav	504.744	2188.0	4216.0	PIKA	with other crap
148	Spectrogram 1	1	505.713	505.712903400	505.987293575	0.274	2531.2	3843.8	3187.5	31.5	46.9	57.6	505.713	/Users/mary/Desktop/listens_20180309/completed_listens/file5e57328c635d.wav	file5e57328c635d.wav	505.713	2508.2	3949.1	PIKA	with other crap
149	Spectrogram 1	1	506.536	506.536073924	506.638970240	0.103	2156.2	3750.0	2906.2	32.2	44.1	55.0	506.536	/Users/mary/Desktop/listens_20180309/completed_listens/file5e57328c635d.wav	file5e57328c635d.wav	506.536	2134.7	3949.1	PIKA	with other crap
150	Spectrogram 1	1	506.725	506.724717170	506.861912257	0.137	2343.8	3937.5	3187.5	31.8	46.6	55.9	506.725	/Users/mary/Desktop/listens_20180309/completed_listens/file5e57328c635d.wav	file5e57328c635d.wav	506.725	2294.8	4162.6	PIKA	with other crap
151	Spectrogram 1	1	507.419	507.419267299	507.736530939	0.317	2718.8	3656.2	3281.2	33.8	49.3	59.6	507.419	/Users/mary/Desktop/listens_20180309/completed_listens/file5e57328c635d.wav	file5e57328c635d.wav	507.419	2615.0	3789.0	PIKA	with other crap
153	Spectrogram 1	1	508.230	508.229768372	508.581330784	0.352	2812.5	3562.5	3281.2	37.2	54.9	61.9	508.230	/Users/mary/Desktop/listens_20180309/completed_listens/file5e57328c635d.wav	file5e57328c635d.wav	508.230	2775.1	3628.9	PIKA	with other crap
154	Spectrogram 1	1	509.104	509.104387054	509.447374773	0.343	2718.8	3656.2	3187.5	37.6	55.1	63.1	509.104	/Users/mary/Desktop/listens_20180309/completed_listens/file5e57328c635d.wav	file5e57328c635d.wav	509.104	2668.3	3735.7	PIKA	with other crap
155	Spectrogram 1	1	510.150	510.150499596	510.330568148	0.180	2531.2	3750.0	3187.5	32.9	46.4	56.8	510.150	/Users/mary/Desktop/listens_20180309/completed_listens/file5e57328c635d.wav	file5e57328c635d.wav	510.150	2454.9	3895.8	PIKA	with other crap
156	Spectrogram 1	1	511.025	511.025118278	511.213761523	0.189	2250.0	3843.8	3093.8	33.0	45.6	58.5	511.025	/Users/mary/Desktop/listens_20180309/completed_listens/file5e57328c635d.wav	file5e57328c635d.wav	511.025	2241.4	4109.2	PIKA	with other crap
157	Spectrogram 1	1	512.071	512.071230819	512.345620994	0.274	2437.5	3937.5	3187.5	38.0	55.8	64.6	512.071	/Users/mary/Desktop/listens_20180309/completed_listens/file5e57328c635d.wav	file5e57328c635d.wav	512.071	2294.8	3949.1	PIKA	with other crap
158	Spectrogram 1	1	513.195	513.194515597	513.408882921	0.214	2718.8	4218.8	4031.2	39.3	62.0	65.9	513.195	/Users/mary/Desktop/listens_20180309/completed_listens/file5e57328c635d.wav	file5e57328c635d.wav	513.195	2241.4	4269.3	PIKA	with other crap
159	Spectrogram 1	1	514.575	514.575041164	514.686512172	0.111	2343.8	3937.5	3187.5	32.8	47.4	56.6	514.575	/Users/mary/Desktop/listens_20180309/completed_listens/file5e57328c635d.wav	file5e57328c635d.wav	514.575	2241.4	4322.7	PIKA	with other crap
160	Spectrogram 1	1	514.738	514.737960330	515.261016601	0.523	2531.2	4125.0	3187.5	31.3	46.2	61.4	514.738	/Users/mary/Desktop/listens_20180309/completed_listens/file5e57328c635d.wav	file5e57328c635d.wav	514.738	2454.9	4482.8	PIKA	with other crap
171	Spectrogram 1	1	557.015	557.014537139	557.340375472	0.326	2156.2	4500.0	3000.0	31.2	45.4	60.7	557.015	/Users/mary/Desktop/listens_20180309/completed_listens/file5e57328c635d.wav	file5e57328c635d.wav	557.015	2088.6	4784.8	PIKA	
5	Spectrogram 1	1	27.394	27.393918137	28.576246728	1.182	2718.8	3750.0	3187.5	29.3	41.2	60.9	27.394	/Users/mary/Desktop/listens_20180309/completed_listens/file5e57328c635d.wav	file5e57328c635d.wav	27.394	2641.5	3924.5	ROWR	
15	Spectrogram 1	1	57.894	57.894040393	58.967230959	1.073	3843.8	5437.5	4593.8	28.6	41.3	61.6	57.894	/Users/mary/Desktop/listens_20180309/completed_listens/file5e57328c635d.wav	file5e57328c635d.wav	57.894	3735.8	5584.9	ROWR	*DEJU??
36	Spectrogram 1	1	172.203	172.202744235	173.536653414	1.334	3937.5	5625.0	4781.2	27.3	39.0	61.5	172.203	/Users/mary/Desktop/listens_20180309/completed_listens/file5e57328c635d.wav	file5e57328c635d.wav	172.203	3773.6	5735.8	ROWR	*DEJU
42	Spectrogram 1	1	189.854	189.853926671	191.321226767	1.467	3468.8	5250.0	4031.2	30.1	46.7	65.1	189.854	/Users/mary/Desktop/listens_20180309/completed_listens/file5e57328c635d.wav	file5e57328c635d.wav	189.854	3283.0	5471.7	ROWR	*DEJU
85	Spectrogram 1	1	402.932	402.931988746	404.138570230	1.207	2343.8	3562.5	2812.5	30.2	39.8	62.5	402.932	/Users/mary/Desktop/listens_20180309/completed_listens/file5e57328c635d.wav	file5e57328c635d.wav	402.932	2339.6	3660.4	ROWR	
22	Spectrogram 1	1	82.530	82.529835252	83.105841488	0.576	3093.8	4875.0	3843.8	29.6	43.7	60.4	82.530	/Users/mary/Desktop/listens_20180309/completed_listens/file5e57328c635d.wav	file5e57328c635d.wav	82.530	2981.1	5056.6	UNK1	*weird addition to WCSP?
24	Spectrogram 1	1	91.360	91.359505261	91.941574721	0.582	3187.5	4500.0	3750.0	29.5	44.2	59.2	91.360	/Users/mary/Desktop/listens_20180309/completed_listens/file5e57328c635d.wav	file5e57328c635d.wav	91.360	3056.6	4603.8	UNK1	*weird addition to WCSP song?
60	Spectrogram 1	1	236.084	236.084207806	236.696593383	0.612	3281.2	4312.5	3468.8	31.0	47.7	59.7	236.084	/Users/mary/Desktop/listens_20180309/completed_listens/file5e57328c635d.wav	file5e57328c635d.wav	236.084	3245.3	4415.1	UNK1	*weird addition to WCSP song?
67	Spectrogram 1	1	272.639	272.638637347	272.947861747	0.309	2906.2	3937.5	3281.2	29.3	38.7	55.1	272.639	/Users/mary/Desktop/listens_20180309/completed_listens/file5e57328c635d.wav	file5e57328c635d.wav	272.639	2867.9	4075.5	UNK1	
83	Spectrogram 1	1	383.748	383.747786649	383.893304014	0.146	6468.8	7125.0	7031.2	52.5	70.8	79.2	383.748	/Users/mary/Desktop/listens_20180309/completed_listens/file5e57328c635d.wav	file5e57328c635d.wav	383.748	4188.7	7434.0	UNK2	peep
91	Spectrogram 1	1	410.915	410.915359899	411.030561146	0.115	1687.5	8718.8	3937.5	33.9	52.5	63.6	410.915	/Users/mary/Desktop/listens_20180309/completed_listens/file5e57328c635d.wav	file5e57328c635d.wav	410.915	1509.4	9434.0	UNK3	
161	Spectrogram 1	1	514.733	514.733196661	515.059034994	0.326	5437.5	10593.8	7406.2	31.7	52.1	64.4	514.733	/Users/mary/Desktop/listens_20180309/completed_listens/file5e57328c635d.wav	file5e57328c635d.wav	514.733	5069.8	10833.4	UNK4	
89	Spectrogram 1	1	409.163	409.163088296	409.284352766	0.121	2250.0	9375.0	6187.5	44.3	63.6	75.1	409.163	/Users/mary/Desktop/listens_20180309/completed_listens/file5e57328c635d.wav	file5e57328c635d.wav	409.163	1358.5	11622.6	XXHU	
90	Spectrogram 1	1	409.715	409.714841638	409.854295779	0.139	1968.8	9843.8	6093.8	40.0	59.1	71.4	409.715	/Users/mary/Desktop/listens_20180309/completed_listens/file5e57328c635d.wav	file5e57328c635d.wav	409.715	1434.0	11471.7	XXHU	
88	Spectrogram 1	1	410.712	410.712158054	411.852044079	1.140	2718.8	4687.5	3562.5	31.1	48.0	65.2	410.712	/Users/mary/Desktop/listens_20180309/completed_listens/file5e57328c635d.wav	file5e57328c635d.wav	410.712	2679.2	4905.7	WCSP	song
210	Spectrogram 1	1	411.952	411.952434378	414.183700640	2.231	1968.8	10687.5	5906.2	34.0	59.0	77.4	411.952	/Users/mary/Desktop/listens_20180309/completed_listens/file5e57328c635d.wav	file5e57328c635d.wav	411.952	1719.7	11350.3	XXHU	
175	Spectrogram 1	1	414.230	414.230313857	418.498823229	4.269	2718.8	10500.0	5812.5	40.0	64.5	86.1	414.230	/Users/mary/Desktop/listens_20180309/completed_listens/file5e57328c635d.wav	file5e57328c635d.wav	414.230	1974.7	11544.3	XXHU	very loud smack
176	Spectrogram 1	1	418.975	418.975053798	426.486484832	7.511	3562.5	10125.0	6093.8	44.4	67.7	93.0	418.975	/Users/mary/Desktop/listens_20180309/completed_listens/file5e57328c635d.wav	file5e57328c635d.wav	418.975	2050.6	11810.1	XXHU	very loud smack
177	Spectrogram 1	1	426.624	426.623679920	429.847764473	3.224	4031.2	9937.5	6375.0	45.3	68.6	90.1	426.624	/Users/mary/Desktop/listens_20180309/completed_listens/file5e57328c635d.wav	file5e57328c635d.wav	426.624	2620.3	11772.2	XXHU	very loud smack
178	Spectrogram 1	1	430.019	430.019258332	450.084039862	20.065	3468.8	9281.2	6375.0	45.9	69.8	99.0	430.019	/Users/mary/Desktop/listens_20180309/completed_listens/file5e57328c635d.wav	file5e57328c635d.wav	430.019	1329.1	11658.2	XXHU	very loud smack
179	Spectrogram 1	1	450.502	450.501663265	462.334739552	11.833	4031.2	10125.0	6656.2	45.6	73.6	96.3	450.502	/Users/mary/Desktop/listens_20180309/completed_listens/file5e57328c635d.wav	file5e57328c635d.wav	450.502	1784.8	11734.2	XXHU	very loud smack
211	Spectrogram 1	1	462.607	462.607383799	463.407729306	0.800	3656.2	9375.0	6000.0	43.5	68.9	82.6	462.607	/Users/mary/Desktop/listens_20180309/completed_listens/file5e57328c635d.wav	file5e57328c635d.wav	462.607	1719.7	11770.7	XXHU	
180	Spectrogram 1	1	463.432	463.432300251	479.381229160	15.949	4125.0	10031.2	6468.8	43.8	74.1	95.2	463.432	/Users/mary/Desktop/listens_20180309/completed_listens/file5e57328c635d.wav	file5e57328c635d.wav	463.432	3075.9	11544.3	XXHU	very loud smack
181	Spectrogram 1	1	479.567	479.566642757	479.999979167	0.433	3750.0	9375.0	6000.0	44.0	66.4	80.1	479.567	/Users/mary/Desktop/listens_20180309/completed_listens/file5e57328c635d.wav	file5e57328c635d.wav	479.567	2012.7	11620.3	XXHU	very loud smack
182	Spectrogram 1	1	480.122	480.121588218	489.450854160	9.329	3937.5	9843.8	6093.8	42.5	67.1	91.7	480.122	/Users/mary/Desktop/listens_20180309/completed_listens/file5e57328c635d.wav	file5e57328c635d.wav	480.122	2658.2	11544.3	XXHU	very loud smack
183	Spectrogram 1	1	490.274	490.274024685	490.685609947	0.412	4218.8	10406.2	6187.5	40.7	63.3	75.9	490.274	/Users/mary/Desktop/listens_20180309/completed_listens/file5e57328c635d.wav	file5e57328c635d.wav	490.274	3531.6	11468.4	XXHU	very loud smack
184	Spectrogram 1	1	491.337	491.337286612	491.817469418	0.480	4125.0	10312.5	6468.8	39.8	62.8	75.7	491.337	/Users/mary/Desktop/listens_20180309/completed_listens/file5e57328c635d.wav	file5e57328c635d.wav	491.337	3417.7	11468.4	XXHU	very loud smack
185	Spectrogram 1	1	492.092	492.091859593	492.537743627	0.446	4125.0	9750.0	6187.5	40.2	62.9	75.2	492.092	/Users/mary/Desktop/listens_20180309/completed_listens/file5e57328c635d.wav	file5e57328c635d.wav	492.092	3303.8	10519.0	XXHU	very loud smack
186	Spectrogram 1	1	493.224	493.223719064	493.601005554	0.377	5156.2	9093.8	6281.2	42.4	64.9	75.1	493.224	/Users/mary/Desktop/listens_20180309/completed_listens/file5e57328c635d.wav	file5e57328c635d.wav	493.224	4822.8	9683.5	XXHU	very loud smack
187	Spectrogram 1	1	494.458	494.458474850	494.938657656	0.480	4125.0	10125.0	6187.5	40.1	63.7	76.1	494.458	/Users/mary/Desktop/listens_20180309/completed_listens/file5e57328c635d.wav	file5e57328c635d.wav	494.458	3303.8	11582.3	XXHU	very loud smack
188	Spectrogram 1	1	496.208	496.207712214	496.790791336	0.583	4406.2	10500.0	6000.0	38.8	64.5	75.5	496.208	/Users/mary/Desktop/listens_20180309/completed_listens/file5e57328c635d.wav	file5e57328c635d.wav	496.208	3379.7	11316.5	XXHU	very loud smack
189	Spectrogram 1	1	497.717	497.716858175	514.248866205	16.532	4218.8	10031.2	6375.0	43.5	72.0	94.8	497.717	/Users/mary/Desktop/listens_20180309/completed_listens/file5e57328c635d.wav	file5e57328c635d.wav	497.717	3265.8	11354.4	XXHU	very loud smack
190	Spectrogram 1	1	515.214	515.214107824	532.809377781	17.595	4031.2	10125.0	5906.2	40.8	66.6	92.9	515.214	/Users/mary/Desktop/listens_20180309/completed_listens/file5e57328c635d.wav	file5e57328c635d.wav	515.214	2734.2	11962.0	XXHU	very loud smack
194	Spectrogram 1	1	533.220	533.220348111	533.563335830	0.343	4125.0	7406.2	5437.5	42.2	64.9	74.2	533.220	/Users/mary/Desktop/listens_20180309/completed_listens/file5e57328c635d.wav	file5e57328c635d.wav	533.220	3151.9	7708.9	XXHU	very loud smack
191	Spectrogram 1	1	533.770	533.769743393	534.181328655	0.412	3468.8	7593.8	5812.5	40.6	63.5	74.8	533.770	/Users/mary/Desktop/listens_20180309/completed_listens/file5e57328c635d.wav	file5e57328c635d.wav	533.770	2430.4	8658.2	XXHU	very loud smack
192	Spectrogram 1	1	534.696	534.695810233	535.210291811	0.514	4593.8	7687.5	6000.0	40.3	62.3	73.6	534.696	/Users/mary/Desktop/listens_20180309/completed_listens/file5e57328c635d.wav	file5e57328c635d.wav	534.696	4443.0	8620.3	XXHU	very loud smack
193	Spectrogram 1	1	535.931	535.930566019	536.342151282	0.412	5250.0	8156.2	6000.0	41.2	64.4	73.3	535.931	/Users/mary/Desktop/listens_20180309/completed_listens/file5e57328c635d.wav	file5e57328c635d.wav	535.931	5088.6	9075.9	XXHU	very loud smack
195	Spectrogram 1	1	537.199	537.199005645	547.225302526	10.026	3937.5	10031.2	5906.2	39.9	66.5	89.3	537.199	/Users/mary/Desktop/listens_20180309/completed_listens/file5e57328c635d.wav	file5e57328c635d.wav	537.199	2658.2	11278.5	XXHU	very loud smack
196	Spectrogram 1	1	549.146	549.146033749	549.591917783	0.446	3375.0	10312.5	5906.2	37.5	60.6	73.6	549.146	/Users/mary/Desktop/listens_20180309/completed_listens/file5e57328c635d.wav	file5e57328c635d.wav	549.146	2316.5	11392.4	XXHU	very loud smack
202	Spectrogram 1	1	549.759	549.759434489	552.331842378	2.572	4031.2	8718.8	5906.2	40.7	65.1	83.0	549.759	/Users/mary/Desktop/listens_20180309/completed_listens/file5e57328c635d.wav	file5e57328c635d.wav	549.759	3038.0	9721.5	XXHU	very loud smack
197	Spectrogram 1	1	551.135	551.135362516	551.649844094	0.514	7312.5	9468.8	8156.2	39.1	59.5	70.3	551.135	/Users/mary/Desktop/listens_20180309/completed_listens/file5e57328c635d.wav	file5e57328c635d.wav	551.135	7291.1	9797.5	XXHU	very loud smack
198	Spectrogram 1	1	552.503	552.502533092	570.269296909	17.767	3656.2	10781.2	5906.2	36.9	64.6	89.0	552.503	/Users/mary/Desktop/listens_20180309/completed_listens/file5e57328c635d.wav	file5e57328c635d.wav	552.503	2658.2	11734.2	XXHU	very loud smack
174	Spectrogram 1	1	557.154	557.154040876	559.288295562	2.134	3562.5	10593.8	5812.5	36.1	62.8	78.7	557.154	/Users/mary/Desktop/listens_20180309/completed_listens/file5e57328c635d.wav	file5e57328c635d.wav	557.154	2772.2	11430.4	XXHU	very loud smack
173	Spectrogram 1	1	563.945	563.944851241	569.280487956	5.336	3281.2	10875.0	6093.8	36.0	64.3	83.0	563.945	/Users/mary/Desktop/listens_20180309/completed_listens/file5e57328c635d.wav	file5e57328c635d.wav	563.945	2430.4	11734.2	XXHU	very loud smack
199	Spectrogram 1	1	575.816	575.816301811	576.193588301	0.377	1875.0	10687.5	5531.2	35.3	56.7	71.1	575.816	/Users/mary/Desktop/listens_20180309/completed_listens/file5e57328c635d.wav	file5e57328c635d.wav	575.816	1670.9	11544.3	XXHU	very loud smack
200	Spectrogram 1	1	579.109	579.108983908	580.583831098	1.475	3656.2	10406.2	5906.2	38.2	64.3	79.3	579.109	/Users/mary/Desktop/listens_20180309/completed_listens/file5e57328c635d.wav	file5e57328c635d.wav	579.109	2696.2	11316.5	XXHU	very loud smack
172	Spectrogram 1	1	580.922	580.921877152	582.668085531	1.746	3468.8	11062.5	5906.2	34.5	61.3	76.5	580.922	/Users/mary/Desktop/listens_20180309/completed_listens/file5e57328c635d.wav	file5e57328c635d.wav	580.922	2810.1	11772.2	XXHU	very loud smack
201	Spectrogram 1	1	586.106	586.105933365	586.586116171	0.480	4031.2	7968.8	5437.5	38.1	60.9	71.7	586.106	/Users/mary/Desktop/listens_20180309/completed_listens/file5e57328c635d.wav	file5e57328c635d.wav	586.106	3607.6	8316.5	XXHU	very loud smack
2	Spectrogram 1	1	9.426	9.426046330	10.377972426	0.952	2906.2	4500.0	3562.5	28.5	42.2	60.8	9.426	/Users/mary/Desktop/listens_20180309/completed_listens/file5e57328c635d.wav	file5e57328c635d.wav	9.426	2821.3	4627.0	WCSP	song
3	Spectrogram 1	1	19.112	19.111605063	20.196922077	1.085	2906.2	4593.8	3468.8	28.4	43.8	61.5	19.112	/Users/mary/Desktop/listens_20180309/completed_listens/file5e57328c635d.wav	file5e57328c635d.wav	19.112	2896.6	4739.8	WCSP	song
6	Spectrogram 1	1	31.499	31.499052520	31.571811203	0.073	6562.5	8531.2	6750.0	40.3	58.4	64.1	31.499	/Users/mary/Desktop/listens_20180309/completed_listens/file5e57328c635d.wav	file5e57328c635d.wav	31.499	6113.2	9584.9	WCSP	
7	Spectrogram 1	1	33.567	33.566611747	33.894025819	0.327	6562.5	8343.8	6750.0	41.1	64.7	72.4	33.567	/Users/mary/Desktop/listens_20180309/completed_listens/file5e57328c635d.wav	file5e57328c635d.wav	33.567	6000.0	9962.3	WCSP	
8	Spectrogram 1	1	35.101	35.100607303	35.203682103	0.103	6562.5	9000.0	6750.0	40.9	60.6	67.1	35.101	/Users/mary/Desktop/listens_20180309/completed_listens/file5e57328c635d.wav	file5e57328c635d.wav	35.101	6075.5	10188.7	WCSP	
203	Spectrogram 1	1	35.813	35.813483050	37.050380652	1.237	1968.8	3656.2	2531.2	30.5	40.8	64.4	35.813	/Users/mary/Desktop/listens_20180309/completed_listens/file5e57328c635d.wav	file5e57328c635d.wav	35.813	1949.0	3859.9	WCSP	song
9	Spectrogram 1	1	36.283	36.282935893	36.398137140	0.115	6656.2	8437.5	6843.8	36.4	56.3	61.5	36.283	/Users/mary/Desktop/listens_20180309/completed_listens/file5e57328c635d.wav	file5e57328c635d.wav	36.283	6150.9	9056.6	WCSP	
10	Spectrogram 1	1	37.217	37.216672318	37.325810342	0.109	6281.2	7687.5	6562.5	34.5	53.0	58.1	37.217	/Users/mary/Desktop/listens_20180309/completed_listens/file5e57328c635d.wav	file5e57328c635d.wav	37.217	5962.3	8150.9	WCSP	
12	Spectrogram 1	1	44.409	44.408700169	44.996832852	0.588	6093.8	8531.2	6562.5	31.7	58.0	64.3	44.409	/Users/mary/Desktop/listens_20180309/completed_listens/file5e57328c635d.wav	file5e57328c635d.wav	44.409	5773.6	8905.7	WCSP	
13	Spectrogram 1	1	51.133	51.132764793	52.272650819	1.140	2906.2	4593.8	3562.5	29.2	43.6	62.7	51.133	/Users/mary/Desktop/listens_20180309/completed_listens/file5e57328c635d.wav	file5e57328c635d.wav	51.133	2867.9	4830.2	WCSP	song
14	Spectrogram 1	1	53.498	53.498015540	53.570774222	0.073	6468.8	8062.5	6656.2	32.4	49.4	54.2	53.498	/Users/mary/Desktop/listens_20180309/completed_listens/file5e57328c635d.wav	file5e57328c635d.wav	53.498	6226.4	8339.6	WCSP	
16	Spectrogram 1	1	60.519	60.519416185	61.616859646	1.097	2906.2	4593.8	3656.2	29.4	44.9	62.7	60.519	/Users/mary/Desktop/listens_20180309/completed_listens/file5e57328c635d.wav	file5e57328c635d.wav	60.519	2905.7	4867.9	WCSP	song
17	Spectrogram 1	1	63.373	63.373313971	64.464694208	1.091	3000.0	4687.5	3656.2	30.7	46.0	64.2	63.373	/Users/mary/Desktop/listens_20180309/completed_listens/file5e57328c635d.wav	file5e57328c635d.wav	63.373	2830.2	4943.4	WCSP	song
18	Spectrogram 1	1	71.266	71.266202442	72.315140115	1.049	3000.0	4968.8	3750.0	28.2	43.7	61.7	71.266	/Users/mary/Desktop/listens_20180309/completed_listens/file5e57328c635d.wav	file5e57328c635d.wav	71.266	2943.4	5132.1	WCSP	song
19	Spectrogram 1	1	74.120	74.119693036	74.398601319	0.279	2812.5	3937.5	3281.2	30.6	42.4	56.5	74.120	/Users/mary/Desktop/listens_20180309/completed_listens/file5e57328c635d.wav	file5e57328c635d.wav	74.120	2792.5	4188.7	WCSP	song last note
20	Spectrogram 1	1	81.517	81.517276921	82.511645581	0.994	2906.2	4500.0	3468.8	30.7	47.9	63.6	81.517	/Users/mary/Desktop/listens_20180309/completed_listens/file5e57328c635d.wav	file5e57328c635d.wav	81.517	2754.7	4754.7	WCSP	song
21	Spectrogram 1	1	82.906	82.905755112	83.214979512	0.309	3843.8	4500.0	4218.8	30.6	43.0	54.7	82.906	/Users/mary/Desktop/listens_20180309/completed_listens/file5e57328c635d.wav	file5e57328c635d.wav	82.906	3811.3	4603.8	WCSP	song first note cs
23	Spectrogram 1	1	90.323	90.322694036	91.304936249	0.982	3000.0	4125.0	3375.0	31.8	50.0	63.2	90.323	/Users/mary/Desktop/listens_20180309/completed_listens/file5e57328c635d.wav	file5e57328c635d.wav	90.323	2830.2	4301.9	WCSP	song
26	Spectrogram 1	1	115.369	115.368701145	115.744621004	0.376	3843.8	4593.8	4312.5	28.6	38.6	53.7	115.369	/Users/mary/Desktop/listens_20180309/completed_listens/file5e57328c635d.wav	file5e57328c635d.wav	115.369	3773.6	4603.8	WCSP	song first note
27	Spectrogram 1	1	122.337	122.336595382	122.651883006	0.315	3562.5	4312.5	3937.5	29.1	38.7	53.8	122.337	/Users/mary/Desktop/listens_20180309/completed_listens/file5e57328c635d.wav	file5e57328c635d.wav	122.337	3547.2	4415.1	WCSP	song first note
28	Spectrogram 1	1	123.034	123.033866089	123.124814442	0.091	6187.5	7406.2	6750.0	28.5	39.8	49.9	123.034	/Users/mary/Desktop/listens_20180309/completed_listens/file5e57328c635d.wav	file5e57328c635d.wav	123.034	5924.5	7434.0	WCSP	
29	Spectrogram 1	1	125.260	125.260374449	125.878823251	0.618	2062.5	3656.2	2625.0	30.1	42.5	60.5	125.260	/Users/mary/Desktop/listens_20180309/completed_listens/file5e57328c635d.wav	file5e57328c635d.wav	125.260	2000.0	3773.6	WCSP	song last note
31	Spectrogram 1	1	132.221	132.221307034	133.635198114	1.414	2343.8	4406.2	3093.8	29.2	41.3	64.2	132.221	/Users/mary/Desktop/listens_20180309/completed_listens/file5e57328c635d.wav	file5e57328c635d.wav	132.221	2254.8	4566.0	WCSP	*MOCH?
32	Spectrogram 1	1	152.114	152.113861724	153.090040714	0.976	2812.5	4593.8	3562.5	28.8	42.0	61.6	152.114	/Users/mary/Desktop/listens_20180309/completed_listens/file5e57328c635d.wav	file5e57328c635d.wav	152.114	2754.7	4717.0	WCSP	song
33	Spectrogram 1	1	162.732	162.732230511	163.811484301	1.079	2718.8	4500.0	3375.0	29.2	45.4	62.7	162.732	/Users/mary/Desktop/listens_20180309/completed_listens/file5e57328c635d.wav	file5e57328c635d.wav	162.732	2717.0	4754.7	WCSP	song
35	Spectrogram 1	1	170.336	170.335748450	171.439255135	1.104	2718.8	4593.8	3375.0	28.9	43.7	62.7	170.336	/Users/mary/Desktop/listens_20180309/completed_listens/file5e57328c635d.wav	file5e57328c635d.wav	170.336	2717.0	4792.5	WCSP	
38	Spectrogram 1	1	179.218	179.217797445	180.284924788	1.067	2718.8	4406.2	3281.2	29.2	44.0	62.4	179.218	/Users/mary/Desktop/listens_20180309/completed_listens/file5e57328c635d.wav	file5e57328c635d.wav	179.218	2679.2	4679.2	WCSP	song
39	Spectrogram 1	1	185.013	185.012716764	186.140476342	1.128	2531.2	4687.5	3375.0	29.8	46.5	64.2	185.013	/Users/mary/Desktop/listens_20180309/completed_listens/file5e57328c635d.wav	file5e57328c635d.wav	185.013	2490.6	4943.4	WCSP	song
40	Spectrogram 1	1	190.254	190.254099424	191.363669332	1.110	2906.2	4031.2	3468.8	33.0	48.6	65.3	190.254	/Users/mary/Desktop/listens_20180309/completed_listens/file5e57328c635d.wav	file5e57328c635d.wav	190.254	2754.7	4301.9	WCSP	song
46	Spectrogram 1	1	197.394	197.393718644	198.527541446	1.134	2812.5	4125.0	3375.0	31.8	48.9	64.6	197.394	/Users/mary/Desktop/listens_20180309/completed_listens/file5e57328c635d.wav	file5e57328c635d.wav	197.394	2679.2	4339.6	WCSP	song
48	Spectrogram 1	1	200.674	200.673922579	201.589469333	0.916	2718.8	4500.0	3281.2	29.4	45.6	62.0	200.674	/Users/mary/Desktop/listens_20180309/completed_listens/file5e57328c635d.wav	file5e57328c635d.wav	200.674	2641.5	4679.2	WCSP	song
50	Spectrogram 1	1	202.975	202.975333529	203.909069955	0.934	2812.5	4406.2	3375.0	30.1	46.8	62.7	202.975	/Users/mary/Desktop/listens_20180309/completed_listens/file5e57328c635d.wav	file5e57328c635d.wav	202.975	2641.5	4603.8	WCSP	song
51	Spectrogram 1	1	208.710	208.709761325	209.752635774	1.043	2625.0	4406.2	3281.2	30.4	45.9	63.7	208.710	/Users/mary/Desktop/listens_20180309/completed_listens/file5e57328c635d.wav	file5e57328c635d.wav	208.710	2566.0	4641.5	WCSP	song
52	Spectrogram 1	1	217.001	217.000848999	217.795131283	0.794	3093.8	4593.8	3843.8	27.5	39.3	58.8	217.001	/Users/mary/Desktop/listens_20180309/completed_listens/file5e57328c635d.wav	file5e57328c635d.wav	217.001	3056.6	4717.0	WCSP	song
55	Spectrogram 1	1	225.982	225.982477617	227.019288842	1.037	2718.8	4500.0	3468.8	28.5	39.3	61.6	225.982	/Users/mary/Desktop/listens_20180309/completed_listens/file5e57328c635d.wav	file5e57328c635d.wav	225.982	2679.2	4679.2	WCSP	song
56	Spectrogram 1	1	228.828	228.828384120	229.046660167	0.218	2812.5	4312.5	3375.0	29.7	41.6	55.6	228.828	/Users/mary/Desktop/listens_20180309/completed_listens/file5e57328c635d.wav	file5e57328c635d.wav	228.828	2792.5	4528.3	WCSP	song last notes
58	Spectrogram 1	1	235.005	235.004954016	235.496075123	0.491	2718.8	4687.5	3562.5	29.1	44.3	59.3	235.005	/Users/mary/Desktop/listens_20180309/completed_listens/file5e57328c635d.wav	file5e57328c635d.wav	235.005	2717.0	4792.5	WCSP	song first part
59	Spectrogram 1	1	235.435	235.435442887	236.126650371	0.691	3093.8	4500.0	3562.5	31.1	47.7	62.2	235.435	/Users/mary/Desktop/listens_20180309/completed_listens/file5e57328c635d.wav	file5e57328c635d.wav	235.435	2943.4	4830.2	WCSP	song cs
61	Spectrogram 1	1	243.046	243.045739171	243.233699100	0.188	2531.2	3750.0	3093.8	31.2	42.3	55.4	243.046	/Users/mary/Desktop/listens_20180309/completed_listens/file5e57328c635d.wav	file5e57328c635d.wav	243.046	2528.3	3886.8	WCSP	*song fragment
62	Spectrogram 1	1	245.150	245.149604765	246.368312696	1.219	2906.2	4312.5	3375.0	32.0	51.3	65.6	245.150	/Users/mary/Desktop/listens_20180309/completed_listens/file5e57328c635d.wav	file5e57328c635d.wav	245.150	2792.5	4603.8	WCSP	song with other crap
63	Spectrogram 1	1	251.607	251.607482808	251.813632408	0.206	2625.0	3468.8	3093.8	30.7	40.9	54.0	251.607	/Users/mary/Desktop/listens_20180309/completed_listens/file5e57328c635d.wav	file5e57328c635d.wav	251.607	2603.8	3584.9	WCSP	*song fragment
64	Spectrogram 1	1	255.027	255.027140884	256.167026910	1.140	2906.2	4781.2	3562.5	28.7	44.7	62.4	255.027	/Users/mary/Desktop/listens_20180309/completed_listens/file5e57328c635d.wav	file5e57328c635d.wav	255.027	2830.2	4905.7	WCSP	song
65	Spectrogram 1	1	260.842	260.841675074	261.163025922	0.321	2906.2	4312.5	3468.8	28.5	39.6	55.6	260.842	/Users/mary/Desktop/listens_20180309/completed_listens/file5e57328c635d.wav	file5e57328c635d.wav	260.842	2867.9	4415.1	WCSP	*song fragment
66	Spectrogram 1	1	264.292	264.291649268	265.449724964	1.158	2718.8	4687.5	3750.0	30.0	44.0	64.1	264.292	/Users/mary/Desktop/listens_20180309/completed_listens/file5e57328c635d.wav	file5e57328c635d.wav	264.292	2641.5	4905.7	WCSP	song
68	Spectrogram 1	1	274.864	274.863840386	276.015852859	1.152	2906.2	4875.0	3656.2	28.2	43.1	62.2	274.864	/Users/mary/Desktop/listens_20180309/completed_listens/file5e57328c635d.wav	file5e57328c635d.wav	274.864	2905.7	5018.9	WCSP	song
69	Spectrogram 1	1	277.134	277.134361701	277.413269984	0.279	2812.5	3843.8	3281.2	29.7	41.1	55.0	277.134	/Users/mary/Desktop/listens_20180309/completed_listens/file5e57328c635d.wav	file5e57328c635d.wav	277.134	2754.7	4000.0	WCSP	*song fragment
70	Spectrogram 1	1	280.562	280.562340765	280.883691612	0.321	2906.2	4125.0	3375.0	29.0	41.7	55.5	280.562	/Users/mary/Desktop/listens_20180309/completed_listens/file5e57328c635d.wav	file5e57328c635d.wav	280.562	2905.7	4301.9	WCSP	*song fragment
72	Spectrogram 1	1	283.631	283.631472104	284.680409777	1.049	2812.5	4593.8	3281.2	29.3	47.3	62.7	283.631	/Users/mary/Desktop/listens_20180309/completed_listens/file5e57328c635d.wav	file5e57328c635d.wav	283.631	2754.7	4830.2	WCSP	song
73	Spectrogram 1	1	291.302	291.302191314	291.659921503	0.358	2812.5	4125.0	3281.2	28.5	38.9	55.8	291.302	/Users/mary/Desktop/listens_20180309/completed_listens/file5e57328c635d.wav	file5e57328c635d.wav	291.302	2792.5	4264.2	WCSP	*song fragment
74	Spectrogram 1	1	292.812	292.811933975	293.957883224	1.146	2812.5	4781.2	3562.5	29.0	44.6	63.1	292.812	/Users/mary/Desktop/listens_20180309/completed_listens/file5e57328c635d.wav	file5e57328c635d.wav	292.812	2754.7	4981.1	WCSP	song
75	Spectrogram 1	1	301.276	301.276286327	302.446488470	1.170	2812.5	4500.0	3562.5	30.7	47.5	64.5	301.276	/Users/mary/Desktop/listens_20180309/completed_listens/file5e57328c635d.wav	file5e57328c635d.wav	301.276	2717.0	4754.7	WCSP	song
77	Spectrogram 1	1	311.383	311.382918861	312.492488769	1.110	2812.5	4500.0	3468.8	28.3	39.9	61.5	311.383	/Users/mary/Desktop/listens_20180309/completed_listens/file5e57328c635d.wav	file5e57328c635d.wav	311.383	2754.7	4641.5	WCSP	song
76	Spectrogram 1	1	311.995	311.995304438	312.098379239	0.103	6093.8	7406.2	6656.2	29.0	40.2	50.8	311.995	/Users/mary/Desktop/listens_20180309/completed_listens/file5e57328c635d.wav	file5e57328c635d.wav	311.995	5924.5	7434.0	WCSP	call
79	Spectrogram 1	1	320.699	320.699376069	320.802450869	0.103	6281.2	7593.8	6937.5	28.8	39.9	50.6	320.699	/Users/mary/Desktop/listens_20180309/completed_listens/file5e57328c635d.wav	file5e57328c635d.wav	320.699	6188.7	7773.6	WCSP	call
80	Spectrogram 1	1	321.306	321.305698423	322.245498072	0.940	2906.2	4687.5	3375.0	29.2	45.4	61.9	321.306	/Users/mary/Desktop/listens_20180309/completed_listens/file5e57328c635d.wav	file5e57328c635d.wav	321.306	2905.7	4830.2	WCSP	song
81	Spectrogram 1	1	333.434	333.433949824	334.567772626	1.134	2906.2	4500.0	3562.5	29.6	46.4	62.9	333.434	/Users/mary/Desktop/listens_20180309/completed_listens/file5e57328c635d.wav	file5e57328c635d.wav	333.434	2905.7	4754.7	WCSP	song
82	Spectrogram 1	1	342.601	342.600708805	343.746658054	1.146	2906.2	4593.8	3468.8	30.0	47.2	63.5	342.601	/Users/mary/Desktop/listens_20180309/completed_listens/file5e57328c635d.wav	file5e57328c635d.wav	342.601	2830.2	4792.5	WCSP	song
84	Spectrogram 1	1	393.095	393.094849424	394.277178014	1.182	2906.2	4312.5	3468.8	28.2	40.0	60.9	393.095	/Users/mary/Desktop/listens_20180309/completed_listens/file5e57328c635d.wav	file5e57328c635d.wav	393.095	2905.7	4452.8	WCSP	song
86	Spectrogram 1	1	404.884	404.884346725	406.151560445	1.267	2718.8	4781.2	3468.8	28.9	46.6	63.6	404.884	/Users/mary/Desktop/listens_20180309/completed_listens/file5e57328c635d.wav	file5e57328c635d.wav	404.884	2641.5	5056.6	WCSP	song
93	Spectrogram 1	1	419.606	419.605782239	421.183525744	1.578	2812.5	4218.8	3750.0	40.0	60.0	74.0	419.606	/Users/mary/Desktop/listens_20180309/completed_listens/file5e57328c635d.wav	file5e57328c635d.wav	419.606	2679.2	4301.9	WCSP	song w other crap
92	Spectrogram 1	1	427.565	427.564715161	428.953815421	1.389	2906.2	4218.8	3937.5	42.2	62.8	75.4	427.565	/Users/mary/Desktop/listens_20180309/completed_listens/file5e57328c635d.wav	file5e57328c635d.wav	427.565	2792.5	4301.9	WCSP	song w other crap
95	Spectrogram 1	1	443.982	443.981772436	445.199378836	1.218	2812.5	4312.5	3843.8	40.1	62.6	73.2	443.982	/Users/mary/Desktop/listens_20180309/completed_listens/file5e57328c635d.wav	file5e57328c635d.wav	443.982	2668.3	4376.1	WCSP	song w other crap
96	Spectrogram 1	1	451.287	451.287410839	452.539316011	1.252	3000.0	4406.2	4125.0	41.0	62.7	74.0	451.287	/Users/mary/Desktop/listens_20180309/completed_listens/file5e57328c635d.wav	file5e57328c635d.wav	451.287	2828.4	4429.4	WCSP	song w other crap
97	Spectrogram 1	1	458.700	458.700282711	459.883590339	1.183	2906.2	4406.2	3937.5	39.0	60.1	72.2	458.700	/Users/mary/Desktop/listens_20180309/completed_listens/file5e57328c635d.wav	file5e57328c635d.wav	458.700	2668.3	4482.8	WCSP	song w other crap
98	Spectrogram 1	1	468.886	468.886423850	470.069731478	1.183	2906.2	4500.0	4125.0	40.7	62.3	74.0	468.886	/Users/mary/Desktop/listens_20180309/completed_listens/file5e57328c635d.wav	file5e57328c635d.wav	468.886	2721.7	4589.5	WCSP	song w other crap
117	Spectrogram 1	1	477.387	477.386768805	477.661158980	0.274	3281.2	4031.2	3750.0	41.0	59.1	64.6	477.387	/Users/mary/Desktop/listens_20180309/completed_listens/file5e57328c635d.wav	file5e57328c635d.wav	477.387	3202.0	4109.2	WCSP	song first note
118	Spectrogram 1	1	478.836	478.835891916	479.247477178	0.412	3750.0	4687.5	4312.5	43.2	64.0	69.8	478.836	/Users/mary/Desktop/listens_20180309/completed_listens/file5e57328c635d.wav	file5e57328c635d.wav	478.836	3575.6	4696.3	WCSP	song first note
134	Spectrogram 1	1	487.269	487.268874989	488.452182618	1.183	2437.5	4500.0	4125.0	38.9	62.9	73.3	487.269	/Users/mary/Desktop/listens_20180309/completed_listens/file5e57328c635d.wav	file5e57328c635d.wav	487.269	2241.4	4536.2	WCSP	song with other crap
143	Spectrogram 1	1	492.841	492.840921134	493.158184773	0.317	3000.0	3562.5	3375.0	31.9	44.6	55.7	492.841	/Users/mary/Desktop/listens_20180309/completed_listens/file5e57328c635d.wav	file5e57328c635d.wav	492.841	2935.2	3682.3	WCSP	song first note
144	Spectrogram 1	1	499.573	499.573423240	499.942135037	0.369	2718.8	3656.2	3375.0	39.7	60.7	65.8	499.573	/Users/mary/Desktop/listens_20180309/completed_listens/file5e57328c635d.wav	file5e57328c635d.wav	499.573	2615.0	3735.7	WCSP	song with other crap
166	Spectrogram 1	1	520.955	520.955133912	521.323845710	0.369	3281.2	3937.5	3750.0	37.5	58.0	62.4	520.955	/Users/mary/Desktop/listens_20180309/completed_listens/file5e57328c635d.wav	file5e57328c635d.wav	520.955	3151.9	3949.4	WCSP	song first note
169	Spectrogram 1	1	537.305	537.305020085	538.445454249	1.140	2812.5	4218.8	3843.8	35.5	59.3	67.8	537.305	/Users/mary/Desktop/listens_20180309/completed_listens/file5e57328c635d.wav	file5e57328c635d.wav	537.305	2734.2	4253.2	WCSP	song with other crap
170	Spectrogram 1	1	545.732	545.731517447	546.777629989	1.046	2812.5	4312.5	3937.5	34.5	59.5	67.0	545.732	/Users/mary/Desktop/listens_20180309/completed_listens/file5e57328c635d.wav	file5e57328c635d.wav	545.732	2658.2	4405.1	WCSP	song
168	Spectrogram 1	1	552.985	552.984999904	554.185456919	1.200	2812.5	4406.2	3937.5	38.3	60.0	71.6	552.985	/Users/mary/Desktop/listens_20180309/completed_listens/file5e57328c635d.wav	file5e57328c635d.wav	552.985	2658.2	4443.0	WCSP	song with other crap
167	Spectrogram 1	1	560.177	560.177187184	561.377644199	1.200	2812.5	4406.2	3843.8	33.3	56.3	66.3	560.177	/Users/mary/Desktop/listens_20180309/completed_listens/file5e57328c635d.wav	file5e57328c635d.wav	560.177	2810.1	4443.0	WCSP	song
164	Spectrogram 1	1	568.192	568.192347834	569.238460375	1.046	2906.2	4406.2	3937.5	35.7	57.7	68.2	568.192	/Users/mary/Desktop/listens_20180309/completed_listens/file5e57328c635d.wav	file5e57328c635d.wav	568.192	2810.1	4443.0	WCSP	song
163	Spectrogram 1	1	575.969	575.968849707	577.135007949	1.166	2812.5	4312.5	3656.2	33.1	56.0	66.0	575.969	/Users/mary/Desktop/listens_20180309/completed_listens/file5e57328c635d.wav	file5e57328c635d.wav	575.969	2696.2	4405.1	WCSP	song
165	Spectrogram 1	1	585.264	585.264119379	586.481725780	1.218	2812.5	4218.8	3750.0	34.9	56.7	67.5	585.264	/Users/mary/Desktop/listens_20180309/completed_listens/file5e57328c635d.wav	file5e57328c635d.wav	585.264	2734.2	4291.1	WCSP	song
162	Spectrogram 1	1	592.752	592.752411834	594.201534944	1.449	2906.2	4500.0	3562.5	30.7	50.0	65.2	592.752	/Users/mary/Desktop/listens_20180309/completed_listens/file5e57328c635d.wav	file5e57328c635d.wav	592.752	2772.2	4746.8	WCSP	song
87	Spectrogram 1	1	409.087	409.087214145	410.142215041	1.055	0.0	468.8	93.8	58.2	74.1	89.0	409.087	/Users/mary/Desktop/listens_20180309/completed_listens/file5e57328c635d.wav	file5e57328c635d.wav	409.087	0.0	1094.3	XXHU	wing whirr
94	Spectrogram 1	1	435.582	435.582204504	438.549048268	2.967	0.0	656.2	93.8	52.1	68.6	87.3	435.582	/Users/mary/Desktop/listens_20180309/completed_listens/file5e57328c635d.wav	file5e57328c635d.wav	435.582	0.0	1067.3	XXHU	wing whirr
