Selection	View	Channel	Begin Clock Time	Begin Time (s)	End Time (s)	Delta Time (s)	Freq 5% (Hz)	Freq 95% (Hz)	Center Freq (Hz)	Avg Power (dB)	Max Power (dB)	Energy (dB)	Begin Date Time	Begin Path	Begin File	File Offset (s)	Low Freq (Hz)	High Freq (Hz)	ID	NOTES
1	Spectrogram 1	1	17.661	17.660871179	17.805262884	0.144	1968.8	4406.2	3093.8	33.7	51.2	60.5	17.661	/Users/mary/Desktop/listens_20180309/completed_listens/file5e5749e54e36.wav	file5e5749e54e36.wav	17.661	1620.3	4962.0	GCRF	
2	Spectrogram 1	1	20.724	20.724486479	20.919101385	0.195	1968.8	4218.8	3281.2	31.2	47.9	58.9	20.724	/Users/mary/Desktop/listens_20180309/completed_listens/file5e5749e54e36.wav	file5e5749e54e36.wav	20.724	1645.6	4632.9	GCRF	
3	Spectrogram 1	1	35.295	35.295234984	35.483571990	0.188	1875.0	4125.0	3281.2	30.4	45.4	57.7	35.295	/Users/mary/Desktop/listens_20180309/completed_listens/file5e5749e54e36.wav	file5e5749e54e36.wav	35.295	1670.9	4430.4	GCRF	
4	Spectrogram 1	1	39.944	39.944318494	40.094988099	0.151	2625.0	4218.8	3281.2	30.6	43.6	55.5	39.944	/Users/mary/Desktop/listens_20180309/completed_listens/file5e5749e54e36.wav	file5e5749e54e36.wav	39.944	2405.1	4455.7	GCRF	
5	Spectrogram 1	1	44.401	44.401477524	44.596092430	0.195	1687.5	4406.2	3187.5	32.5	49.1	60.8	44.401	/Users/mary/Desktop/listens_20180309/completed_listens/file5e5749e54e36.wav	file5e5749e54e36.wav	44.401	1392.4	4886.1	GCRF	
6	Spectrogram 1	1	44.973	44.972766442	45.154825548	0.182	1781.2	4312.5	3000.0	32.0	46.6	59.5	44.973	/Users/mary/Desktop/listens_20180309/completed_listens/file5e5749e54e36.wav	file5e5749e54e36.wav	44.973	1620.3	4734.2	GCRF	
7	Spectrogram 1	1	45.958	45.958396774	46.096510579	0.138	1500.0	3937.5	2718.8	29.6	42.3	55.5	45.958	/Users/mary/Desktop/listens_20180309/completed_listens/file5e5749e54e36.wav	file5e5749e54e36.wav	45.958	1316.5	4151.9	GCRF	
8	Spectrogram 1	1	47.233	47.232810516	47.421147522	0.188	1500.0	4031.2	3187.5	33.5	49.5	61.5	47.233	/Users/mary/Desktop/listens_20180309/completed_listens/file5e5749e54e36.wav	file5e5749e54e36.wav	47.233	1291.1	4632.9	GCRF	
9	Spectrogram 1	1	49.392	49.392408186	49.593300992	0.201	1875.0	4312.5	3656.2	33.1	50.4	61.3	49.392	/Users/mary/Desktop/listens_20180309/completed_listens/file5e5749e54e36.wav	file5e5749e54e36.wav	49.392	1493.7	4860.8	GCRF	
10	Spectrogram 1	1	52.413	52.412641252	55.412641252	3.000	1875.0	10968.8	7968.8	27.3	40.7	71.9	52.413	/Users/mary/Desktop/listens_20180309/completed_listens/file5e5749e54e36.wav	file5e5749e54e36.wav	52.413	1413.0	11220.0	background	
11	Spectrogram 1	1	64.386	64.385506184	64.517342089	0.132	2812.5	4125.0	3468.8	28.6	39.6	51.9	64.386	/Users/mary/Desktop/listens_20180309/completed_listens/file5e5749e54e36.wav	file5e5749e54e36.wav	64.386	2683.5	4227.8	GCRF	
12	Spectrogram 1	1	66.137	66.137040341	66.852720964	0.716	3000.0	9000.0	4218.8	39.0	62.9	77.5	66.137	/Users/mary/Desktop/listens_20180309/completed_listens/file5e5749e54e36.wav	file5e5749e54e36.wav	66.137	1012.7	10784.8	PIKA	
13	Spectrogram 1	1	70.355	70.355033704	70.637539213	0.283	2718.8	4218.8	3281.2	29.4	46.5	56.5	70.355	/Users/mary/Desktop/listens_20180309/completed_listens/file5e5749e54e36.wav	file5e5749e54e36.wav	70.355	2557.0	4379.7	GCRF	
14	Spectrogram 1	1	73.790	73.789747521	74.003196128	0.213	1781.2	4593.8	3281.2	31.6	48.4	60.4	73.790	/Users/mary/Desktop/listens_20180309/completed_listens/file5e5749e54e36.wav	file5e5749e54e36.wav	73.790	1519.0	5088.6	GCRF	
15	Spectrogram 1	1	74.355	74.354758539	74.561929246	0.207	1500.0	4781.2	3281.2	31.1	46.5	60.5	74.355	/Users/mary/Desktop/listens_20180309/completed_listens/file5e5749e54e36.wav	file5e5749e54e36.wav	74.355	1164.6	5341.8	GCRF	
16	Spectrogram 1	1	76.627	76.627358413	76.840807020	0.213	1875.0	4875.0	3562.5	32.3	47.3	61.7	76.627	/Users/mary/Desktop/listens_20180309/completed_listens/file5e5749e54e36.wav	file5e5749e54e36.wav	76.627	1569.6	5569.6	GCRF	
17	Spectrogram 1	1	78.762	78.761844482	78.956459389	0.195	1968.8	4781.2	3281.2	38.6	59.6	68.3	78.762	/Users/mary/Desktop/listens_20180309/completed_listens/file5e5749e54e36.wav	file5e5749e54e36.wav	78.762	1417.7	6278.5	GCRF	
18	Spectrogram 1	1	81.417	81.417396269	81.593177474	0.176	1781.2	4687.5	3468.8	35.8	53.6	65.0	81.417	/Users/mary/Desktop/listens_20180309/completed_listens/file5e5749e54e36.wav	file5e5749e54e36.wav	81.417	1265.8	6075.9	GCRF	
19	Spectrogram 1	1	89.939	89.939253994	90.140146800	0.201	2531.2	4687.5	3375.0	36.6	55.1	66.3	89.939	/Users/mary/Desktop/listens_20180309/completed_listens/file5e5749e54e36.wav	file5e5749e54e36.wav	89.939	1316.5	5924.1	GCRF	
20	Spectrogram 1	1	93.914	93.913673307	94.145955614	0.232	2062.5	4593.8	3562.5	36.6	56.3	67.1	93.914	/Users/mary/Desktop/listens_20180309/completed_listens/file5e5749e54e36.wav	file5e5749e54e36.wav	93.914	1265.8	6000.0	GCRF	
21	Spectrogram 1	1	101.522	101.521926701	102.112049320	0.590	1687.5	2718.8	2062.5	28.6	39.8	57.2	101.522	/Users/mary/Desktop/listens_20180309/completed_listens/file5e5749e54e36.wav	file5e5749e54e36.wav	101.522	1620.3	2835.4	CLNU	
22	Spectrogram 1	1	110.231	110.230868152	110.400371458	0.170	1968.8	5437.5	3375.0	35.5	53.1	64.7	110.231	/Users/mary/Desktop/listens_20180309/completed_listens/file5e5749e54e36.wav	file5e5749e54e36.wav	110.231	1443.0	6303.8	GCRF	
23	Spectrogram 1	1	113.646	113.646045863	113.859494470	0.213	2062.5	4875.0	3187.5	33.9	52.0	63.6	113.646	/Users/mary/Desktop/listens_20180309/completed_listens/file5e5749e54e36.wav	file5e5749e54e36.wav	113.646	1670.9	6075.9	GCRF	
24	Spectrogram 1	1	116.953	116.952545001	117.643114024	0.691	2906.2	7218.8	4593.8	37.8	61.0	75.3	116.953	/Users/mary/Desktop/listens_20180309/completed_listens/file5e5749e54e36.wav	file5e5749e54e36.wav	116.953	1670.9	9620.3	PIKA	
25	Spectrogram 1	1	138.993	138.992723054	139.174782159	0.182	2437.5	5437.5	3375.0	39.8	59.6	69.6	138.993	/Users/mary/Desktop/listens_20180309/completed_listens/file5e5749e54e36.wav	file5e5749e54e36.wav	138.993	1443.0	6810.1	GCRF	
26	Spectrogram 1	1	148.826	148.826389720	149.052394128	0.226	2812.5	4781.2	3656.2	46.7	67.1	78.2	148.826	/Users/mary/Desktop/listens_20180309/completed_listens/file5e5749e54e36.wav	file5e5749e54e36.wav	148.826	1088.6	7139.2	GCRF	
27	Spectrogram 1	1	153.910	153.909673953	154.116844659	0.207	1875.0	7406.2	3281.2	43.0	66.3	76.1	153.910	/Users/mary/Desktop/listens_20180309/completed_listens/file5e5749e54e36.wav	file5e5749e54e36.wav	153.910	1113.9	11139.2	GCRF	
28	Spectrogram 1	1	160.788	160.788232944	160.894957248	0.107	1406.2	4406.2	2250.0	32.4	47.8	58.1	160.788	/Users/mary/Desktop/listens_20180309/completed_listens/file5e5749e54e36.wav	file5e5749e54e36.wav	160.788	1265.8	4734.2	GCRF	
29	Spectrogram 1	1	161.566	161.565968607	165.916553449	4.351	2906.2	5812.5	3843.8	28.5	58.7	69.9	161.566	/Users/mary/Desktop/listens_20180309/completed_listens/file5e5749e54e36.wav	file5e5749e54e36.wav	161.566	2860.8	6025.3	AMPI	
30	Spectrogram 1	1	164.943	164.943478917	165.050203220	0.107	1687.5	4968.8	2812.5	40.2	59.8	69.3	164.943	/Users/mary/Desktop/listens_20180309/completed_listens/file5e5749e54e36.wav	file5e5749e54e36.wav	164.943	1240.5	8810.1	GCRF	
31	Spectrogram 1	1	168.297	168.297477081	171.053475270	2.756	3093.8	6000.0	4500.0	26.5	44.8	66.0	168.297	/Users/mary/Desktop/listens_20180309/completed_listens/file5e5749e54e36.wav	file5e5749e54e36.wav	168.297	2911.4	6101.3	AMPI	
32	Spectrogram 1	1	171.076	171.076124117	171.308406425	0.232	1687.5	4125.0	3187.5	39.2	56.9	69.6	171.076	/Users/mary/Desktop/listens_20180309/completed_listens/file5e5749e54e36.wav	file5e5749e54e36.wav	171.076	1240.5	5974.7	GCRF	
33	Spectrogram 1	1	171.327	171.326927701	171.891938719	0.565	3562.5	4500.0	3937.5	26.5	38.2	54.2	171.327	/Users/mary/Desktop/listens_20180309/completed_listens/file5e5749e54e36.wav	file5e5749e54e36.wav	171.327	3544.3	4506.3	AMPI	
34	Spectrogram 1	1	190.732	190.732044457	190.857602461	0.126	1500.0	3937.5	3000.0	29.7	45.4	55.2	190.732	/Users/mary/Desktop/listens_20180309/completed_listens/file5e5749e54e36.wav	file5e5749e54e36.wav	190.732	1291.1	4126.6	GCRF	
35	Spectrogram 1	1	187.562	187.561704854	187.693540758	0.132	1593.8	4031.2	2625.0	30.6	42.3	56.4	187.562	/Users/mary/Desktop/listens_20180309/completed_listens/file5e5749e54e36.wav	file5e5749e54e36.wav	187.562	1443.0	4278.5	GCRF	
36	Spectrogram 1	1	222.949	222.949172471	223.168898978	0.220	2812.5	6187.5	3750.0	36.2	54.7	66.7	222.949	/Users/mary/Desktop/listens_20180309/completed_listens/file5e5749e54e36.wav	file5e5749e54e36.wav	222.949	2329.1	7291.1	AMPI	
37	Spectrogram 1	1	224.123	224.123139809	224.462146420	0.339	3750.0	4968.8	4312.5	39.6	56.9	70.5	224.123	/Users/mary/Desktop/listens_20180309/completed_listens/file5e5749e54e36.wav	file5e5749e54e36.wav	224.123	3113.9	6835.4	AMPI	
38	Spectrogram 1	1	226.008	226.008381526	230.691695078	4.683	3562.5	5437.5	4031.2	39.4	68.2	83.4	226.008	/Users/mary/Desktop/listens_20180309/completed_listens/file5e5749e54e36.wav	file5e5749e54e36.wav	226.008	2025.3	7316.5	AMPI	
39	Spectrogram 1	1	231.641	231.641084376	232.099371091	0.458	3750.0	5062.5	4406.2	34.1	52.3	63.4	231.641	/Users/mary/Desktop/listens_20180309/completed_listens/file5e5749e54e36.wav	file5e5749e54e36.wav	231.641	3594.9	5519.0	AMPI	
40	Spectrogram 1	1	232.605	232.604660541	232.943667152	0.339	3843.8	5906.2	4781.2	27.6	41.2	56.6	232.605	/Users/mary/Desktop/listens_20180309/completed_listens/file5e5749e54e36.wav	file5e5749e54e36.wav	232.605	3670.9	6025.3	AMPI	
41	Spectrogram 1	1	233.314	233.314063264	233.847684781	0.534	3000.0	5906.2	4500.0	28.6	44.4	61.3	233.314	/Users/mary/Desktop/listens_20180309/completed_listens/file5e5749e54e36.wav	file5e5749e54e36.wav	233.314	2810.1	6202.5	AMPI	
42	Spectrogram 1	1	235.363	235.363036731	235.821323446	0.458	3468.8	5250.0	4312.5	29.1	45.4	58.9	235.363	/Users/mary/Desktop/listens_20180309/completed_listens/file5e5749e54e36.wav	file5e5749e54e36.wav	235.363	3367.1	5417.7	AMPI	
43	Spectrogram 1	1	236.468	236.467947167	236.775564277	0.308	3750.0	5156.2	4312.5	30.1	42.7	57.0	236.468	/Users/mary/Desktop/listens_20180309/completed_listens/file5e5749e54e36.wav	file5e5749e54e36.wav	236.468	3721.5	5265.8	AMPI	
44	Spectrogram 1	1	237.496	237.496452663	237.735012871	0.239	3468.8	5531.2	4593.8	27.4	41.4	55.1	237.496	/Users/mary/Desktop/listens_20180309/completed_listens/file5e5749e54e36.wav	file5e5749e54e36.wav	237.496	3291.1	5772.2	AMPI	
45	Spectrogram 1	1	238.407	238.406748193	238.664142101	0.257	3281.2	5062.5	4125.0	28.6	43.2	55.8	238.407	/Users/mary/Desktop/listens_20180309/completed_listens/file5e5749e54e36.wav	file5e5749e54e36.wav	238.407	3139.2	5189.9	AMPI	
46	Spectrogram 1	1	239.116	239.116150916	242.305324219	3.189	3375.0	5437.5	4406.2	28.3	48.4	67.4	239.116	/Users/mary/Desktop/listens_20180309/completed_listens/file5e5749e54e36.wav	file5e5749e54e36.wav	239.116	3164.6	5696.2	AMPI	
47	Spectrogram 1	1	243.544	243.544383198	244.115672116	0.571	1500.0	3562.5	2906.2	32.9	52.6	64.8	243.544	/Users/mary/Desktop/listens_20180309/completed_listens/file5e5749e54e36.wav	file5e5749e54e36.wav	243.544	1139.2	3924.1	GCRF	*chuck chuck chuck
48	Spectrogram 1	1	245.456	245.455555285	245.568557489	0.113	2812.5	4125.0	3281.2	28.8	42.5	51.5	245.456	/Users/mary/Desktop/listens_20180309/completed_listens/file5e5749e54e36.wav	file5e5749e54e36.wav	245.456	2708.9	4278.5	GCRF	
49	Spectrogram 1	1	262.647	262.646684679	262.991969191	0.345	2906.2	3656.2	3281.2	28.2	39.2	52.8	262.647	/Users/mary/Desktop/listens_20180309/completed_listens/file5e5749e54e36.wav	file5e5749e54e36.wav	262.647	2835.4	3696.2	PIKA	
50	Spectrogram 1	1	281.852	281.852296077	282.197580588	0.345	2812.5	3375.0	3093.8	28.1	40.4	51.6	281.852	/Users/mary/Desktop/listens_20180309/completed_listens/file5e5749e54e36.wav	file5e5749e54e36.wav	281.852	2784.8	3417.7	PIKA	
51	Spectrogram 1	1	413.556	413.556420647	413.845204057	0.289	1687.5	2437.5	1968.8	30.0	40.4	53.8	413.556	/Users/mary/Desktop/listens_20180309/completed_listens/file5e5749e54e36.wav	file5e5749e54e36.wav	413.556	1594.9	2481.0	CLNU	
52	Spectrogram 1	1	525.147	525.147179626	525.316682932	0.170	1500.0	4593.8	2250.0	29.1	46.5	56.7	525.147	/Users/mary/Desktop/listens_20180309/completed_listens/file5e5749e54e36.wav	file5e5749e54e36.wav	525.147	1392.4	4784.8	GCRF	
53	Spectrogram 1	1	526.302	526.302313264	526.672709376	0.370	1500.0	4687.5	2625.0	31.4	49.9	63.0	526.302	/Users/mary/Desktop/listens_20180309/completed_listens/file5e5749e54e36.wav	file5e5749e54e36.wav	526.302	1291.1	5164.6	GCRF	
54	Spectrogram 1	1	548.707	548.707167063	548.876670369	0.170	2625.0	4312.5	3375.0	28.2	39.9	53.4	548.707	/Users/mary/Desktop/listens_20180309/completed_listens/file5e5749e54e36.wav	file5e5749e54e36.wav	548.707	2481.0	4430.4	GCRF	
55	Spectrogram 1	1	551.438	551.437502777	554.437502777	3.000	1875.0	10968.8	7781.2	27.2	39.8	71.9	551.438	/Users/mary/Desktop/listens_20180309/completed_listens/file5e5749e54e36.wav	file5e5749e54e36.wav	551.438	1413.0	11220.0	background	
