Selection	View	Channel	Begin Clock Time	Begin Time (s)	End Time (s)	Delta Time (s)	Freq 5% (Hz)	Freq 95% (Hz)	Center Freq (Hz)	Avg Power (dB)	Max Power (dB)	Energy (dB)	Begin Date Time	Begin Path	Begin File	File Offset (s)	Low Freq (Hz)	High Freq (Hz)	ID	NOTES
1	Spectrogram 1	1	3.447	3.446875007	6.446875007	3.000	1500.0	10781.2	3750.0	29.7	45.1	74.4	3.447	/Users/mary/Desktop/listens_20180309/completed_listens/file5e5726c33305.wav	file5e5726c33305.wav	3.447	1413.0	11220.0	background	
2	Spectrogram 1	1	8.926	8.926103810	9.466309466	0.540	2062.5	5625.0	3000.0	31.2	46.5	64.8	8.926	/Users/mary/Desktop/listens_20180309/completed_listens/file5e5726c33305.wav	file5e5726c33305.wav	8.926	1958.5	6279.8	PIKA	
3	Spectrogram 1	1	21.341	21.341053946	21.726915129	0.386	2156.2	6281.2	3468.8	37.2	58.8	71.3	21.341	/Users/mary/Desktop/listens_20180309/completed_listens/file5e5726c33305.wav	file5e5726c33305.wav	21.341	1772.0	8393.8	PIKA	
4	Spectrogram 1	1	22.024	22.024269906	22.281510694	0.257	4500.0	5343.8	4875.0	30.1	43.9	54.3	22.024	/Users/mary/Desktop/listens_20180309/completed_listens/file5e5726c33305.wav	file5e5726c33305.wav	22.024	4445.6	5471.5	UNK1	too faint
5	Spectrogram 1	1	52.749	52.749447102	52.980963812	0.232	4312.5	5156.2	4781.2	30.5	42.9	54.3	52.749	/Users/mary/Desktop/listens_20180309/completed_listens/file5e5726c33305.wav	file5e5726c33305.wav	52.749	4228.0	5316.1	UNK1	too faint
6	Spectrogram 1	1	53.273	53.272503373	53.649789863	0.377	4500.0	5625.0	4968.8	28.6	41.8	55.5	53.273	/Users/mary/Desktop/listens_20180309/completed_listens/file5e5726c33305.wav	file5e5726c33305.wav	53.273	4445.6	5720.2	UNK1	too faint
7	Spectrogram 1	1	102.503	102.503158329	102.923318284	0.420	1593.8	5718.8	3000.0	32.8	51.3	66.1	102.503	/Users/mary/Desktop/listens_20180309/completed_listens/file5e5726c33305.wav	file5e5726c33305.wav	102.503	1585.5	6621.8	PIKA	
8	Spectrogram 1	1	103.627	103.626806983	114.168852668	10.542	2906.2	4687.5	3656.2	29.7	44.6	72.9	103.627	/Users/mary/Desktop/listens_20180309/completed_listens/file5e5726c33305.wav	file5e5726c33305.wav	103.627	2829.0	4818.7	AMPI	too faint
9	Spectrogram 1	1	98.246	98.246036957	102.370464271	4.124	3093.8	4968.8	3843.8	29.3	41.9	68.6	98.246	/Users/mary/Desktop/listens_20180309/completed_listens/file5e5726c33305.wav	file5e5726c33305.wav	98.246	3015.5	5129.5	AMPI	too faint
10	Spectrogram 1	1	114.195	114.195264611	118.534059250	4.339	2812.5	4687.5	3656.2	29.5	41.2	69.0	114.195	/Users/mary/Desktop/listens_20180309/completed_listens/file5e5726c33305.wav	file5e5726c33305.wav	114.195	2766.8	4849.7	AMPI	too faint
11	Spectrogram 1	1	173.082	173.081768735	177.283368286	4.202	2718.8	5906.2	3843.8	28.9	41.6	70.6	173.082	/Users/mary/Desktop/listens_20180309/completed_listens/file5e5726c33305.wav	file5e5726c33305.wav	173.082	2673.6	6279.8	AMPI	too faint
12	Spectrogram 1	1	201.101	201.101310047	201.332826757	0.232	3375.0	4968.8	4031.2	29.5	40.4	55.9	201.101	/Users/mary/Desktop/listens_20180309/completed_listens/file5e5726c33305.wav	file5e5726c33305.wav	201.101	3295.3	5191.7	GCRF	
13	Spectrogram 1	1	211.671	211.671019669	213.626049664	1.955	3937.5	6187.5	5343.8	38.7	61.8	77.2	211.671	/Users/mary/Desktop/listens_20180309/completed_listens/file5e5726c33305.wav	file5e5726c33305.wav	211.671	3590.6	7244.1	DEJU	song
14	Spectrogram 1	1	216.653	216.652916280	217.870522680	1.218	4031.2	6187.5	5437.5	43.4	64.0	79.5	216.653	/Users/mary/Desktop/listens_20180309/completed_listens/file5e5726c33305.wav	file5e5726c33305.wav	216.653	3716.5	7023.6	DEJU	song
15	Spectrogram 1	1	221.120	221.119598378	223.023180215	1.904	3937.5	6281.2	5531.2	48.2	70.9	86.6	221.120	/Users/mary/Desktop/listens_20180309/completed_listens/file5e5726c33305.wav	file5e5726c33305.wav	221.120	3494.8	7144.3	DEJU	song
16	Spectrogram 1	1	223.023	223.023180215	226.907516127	3.884	4406.2	5718.8	4875.0	32.3	52.6	70.7	223.023	/Users/mary/Desktop/listens_20180309/completed_listens/file5e5726c33305.wav	file5e5726c33305.wav	223.023	4277.6	6056.8	AMPI	
17	Spectrogram 1	1	226.923	226.923090259	228.543707228	1.621	3937.5	6187.5	5531.2	50.9	69.0	88.3	226.923	/Users/mary/Desktop/listens_20180309/completed_listens/file5e5726c33305.wav	file5e5726c33305.wav	226.923	3596.2	7041.0	DEJU	song
18	Spectrogram 1	1	228.475	228.475109685	230.344392750	1.869	4218.8	5437.5	4781.2	34.7	56.0	69.6	228.475	/Users/mary/Desktop/listens_20180309/completed_listens/file5e5726c33305.wav	file5e5726c33305.wav	228.475	4050.5	5753.9	AMPI	
19	Spectrogram 1	1	232.538	232.538011747	232.889574159	0.352	4031.2	5250.0	4593.8	30.8	47.5	58.3	232.538	/Users/mary/Desktop/listens_20180309/completed_listens/file5e5726c33305.wav	file5e5726c33305.wav	232.538	3936.9	5451.1	AMPI	
20	Spectrogram 1	1	236.838	236.837878294	241.356741485	4.519	2718.8	6937.5	4031.2	31.3	52.9	74.9	236.838	/Users/mary/Desktop/listens_20180309/completed_listens/file5e5726c33305.wav	file5e5726c33305.wav	236.838	2536.3	7646.7	AMPI	
21	Spectrogram 1	1	241.382	241.382480532	247.659155780	6.277	4312.5	5062.5	4687.5	33.5	52.3	71.9	241.382	/Users/mary/Desktop/listens_20180309/completed_listens/file5e5726c33305.wav	file5e5726c33305.wav	241.382	4201.9	5337.5	AMPI	
22	Spectrogram 1	1	247.691	247.690580260	251.626364330	3.936	3000.0	5906.2	4125.0	30.4	50.0	71.5	247.691	/Users/mary/Desktop/listens_20180309/completed_listens/file5e5726c33305.wav	file5e5726c33305.wav	247.691	2839.1	6094.6	AMPI	
23	Spectrogram 1	1	234.272	234.271777936	234.614765654	0.343	4593.8	6000.0	5250.0	27.2	40.0	54.7	234.272	/Users/mary/Desktop/listens_20180309/completed_listens/file5e5726c33305.wav	file5e5726c33305.wav	234.272	4580.4	6094.6	AMPI	*
24	Spectrogram 1	1	264.340	264.340352019	267.658758195	3.318	2718.8	5062.5	3656.2	30.0	45.5	69.4	264.340	/Users/mary/Desktop/listens_20180309/completed_listens/file5e5726c33305.wav	file5e5726c33305.wav	264.340	2649.8	5261.8	AMPI	
25	Spectrogram 1	1	272.731	272.730784392	278.432955211	5.702	2625.0	6281.2	4031.2	30.4	51.1	74.2	272.731	/Users/mary/Desktop/listens_20180309/completed_listens/file5e5726c33305.wav	file5e5726c33305.wav	272.731	2460.6	6700.3	AMPI	
26	Spectrogram 1	1	284.659	284.659262456	287.763301308	3.104	2625.0	5906.2	3656.2	29.8	48.3	70.5	284.659	/Users/mary/Desktop/listens_20180309/completed_listens/file5e5726c33305.wav	file5e5726c33305.wav	284.659	2498.4	6208.2	AMPI	
27	Spectrogram 1	1	294.653	294.653499082	297.654641619	3.001	2531.2	6562.5	3843.8	30.5	53.1	72.0	294.653	/Users/mary/Desktop/listens_20180309/completed_listens/file5e5726c33305.wav	file5e5726c33305.wav	294.653	2422.7	7116.7	AMPI	
28	Spectrogram 1	1	304.485	304.485341627	308.987055431	4.502	2531.2	6375.0	3843.8	29.5	47.9	72.5	304.485	/Users/mary/Desktop/listens_20180309/completed_listens/file5e5726c33305.wav	file5e5726c33305.wav	304.485	2347.0	6813.9	AMPI	
29	Spectrogram 1	1	314.787	314.787041015	323.627549458	8.841	2812.5	6187.5	4781.2	31.1	53.5	76.7	314.787	/Users/mary/Desktop/listens_20180309/completed_listens/file5e5726c33305.wav	file5e5726c33305.wav	314.787	2687.7	6813.9	AMPI	
30	Spectrogram 1	1	330.962	330.961879997	331.167672628	0.206	2812.5	4406.2	3656.2	32.1	44.2	58.3	330.962	/Users/mary/Desktop/listens_20180309/completed_listens/file5e5726c33305.wav	file5e5726c33305.wav	330.962	2649.8	4731.9	GCRF	jeet
31	Spectrogram 1	1	331.562	331.562108504	331.802199907	0.240	3093.8	4781.2	3937.5	31.7	44.6	58.9	331.562	/Users/mary/Desktop/listens_20180309/completed_listens/file5e5726c33305.wav	file5e5726c33305.wav	331.562	2952.7	5110.4	GCRF	jeet
32	Spectrogram 1	1	333.406	333.405667491	333.637184201	0.232	3281.2	4968.8	3937.5	31.9	45.5	58.8	333.406	/Users/mary/Desktop/listens_20180309/completed_listens/file5e5726c33305.wav	file5e5726c33305.wav	333.406	3104.1	5299.7	GCRF	jeet
33	Spectrogram 1	1	334.315	334.314584945	334.597549812	0.283	3281.2	5062.5	4125.0	33.0	50.8	61.5	334.315	/Users/mary/Desktop/listens_20180309/completed_listens/file5e5726c33305.wav	file5e5726c33305.wav	334.315	3028.4	5489.0	GCRF	jeet
34	Spectrogram 1	1	336.244	336.243890861	336.466832878	0.223	3281.2	4781.2	4031.2	33.2	48.8	59.6	336.244	/Users/mary/Desktop/listens_20180309/completed_listens/file5e5726c33305.wav	file5e5726c33305.wav	336.244	3104.1	5072.6	GCRF	jeet
35	Spectrogram 1	1	341.382	341.381728111	341.630394207	0.249	2906.2	4593.8	3843.8	32.1	47.3	59.1	341.382	/Users/mary/Desktop/listens_20180309/completed_listens/file5e5726c33305.wav	file5e5726c33305.wav	341.382	2763.4	4845.4	GCRF	jeet
36	Spectrogram 1	1	343.225	343.225287098	343.362482185	0.137	3187.5	4312.5	3937.5	33.3	48.0	56.2	343.225	/Users/mary/Desktop/listens_20180309/completed_listens/file5e5726c33305.wav	file5e5726c33305.wav	343.225	3066.2	4429.0	GCRF	jeet
37	Spectrogram 1	1	352.414	352.414027670	352.834187625	0.420	4500.0	5531.2	5062.5	28.1	40.1	55.2	352.414	/Users/mary/Desktop/listens_20180309/completed_listens/file5e5726c33305.wav	file5e5726c33305.wav	352.414	4466.9	5716.1	WCSP	*song first note?
38	Spectrogram 1	1	361.965	361.964729469	362.256269030	0.292	4593.8	5437.5	5062.5	27.9	37.6	52.3	361.965	/Users/mary/Desktop/listens_20180309/completed_listens/file5e5726c33305.wav	file5e5726c33305.wav	361.965	4504.7	5489.0	WCSP	*song first note?
39	Spectrogram 1	1	369.059	369.059192802	369.333582976	0.274	4687.5	5625.0	5156.2	28.8	40.6	53.3	369.059	/Users/mary/Desktop/listens_20180309/completed_listens/file5e5726c33305.wav	file5e5726c33305.wav	369.059	4656.2	5678.2	WCSP	*song first note?
40	Spectrogram 1	1	391.885	391.884674556	393.076556878	1.192	2906.2	5812.5	4312.5	30.1	45.8	66.1	391.885	/Users/mary/Desktop/listens_20180309/completed_listens/file5e5726c33305.wav	file5e5726c33305.wav	391.885	2801.3	6094.6	WCSP	song
41	Spectrogram 1	1	403.939	403.939414735	405.114147671	1.175	2718.8	5437.5	3750.0	30.6	51.8	66.5	403.939	/Users/mary/Desktop/listens_20180309/completed_listens/file5e5726c33305.wav	file5e5726c33305.wav	403.939	2574.1	5905.4	WCSP	song
42	Spectrogram 1	1	417.964	417.964123196	418.898764729	0.935	3375.0	5531.2	4406.2	29.1	42.4	62.5	417.964	/Users/mary/Desktop/listens_20180309/completed_listens/file5e5726c33305.wav	file5e5726c33305.wav	417.964	3293.4	5640.4	WCSP	song
43	Spectrogram 1	1	435.858	435.857911399	437.307034510	1.449	2718.8	5250.0	3843.8	30.0	47.7	66.4	435.858	/Users/mary/Desktop/listens_20180309/completed_listens/file5e5726c33305.wav	file5e5726c33305.wav	435.858	2536.3	5602.5	WCSP	song
44	Spectrogram 1	1	432.347	432.346574631	435.776451816	3.430	3000.0	4593.8	3750.0	29.9	42.5	67.7	432.347	/Users/mary/Desktop/listens_20180309/completed_listens/file5e5726c33305.wav	file5e5726c33305.wav	432.347	2914.8	4731.9	AMPI	
45	Spectrogram 1	1	437.354	437.354431317	440.964377054	3.610	2625.0	4593.8	3468.8	29.9	41.7	68.8	437.354	/Users/mary/Desktop/listens_20180309/completed_listens/file5e5726c33305.wav	file5e5726c33305.wav	437.354	2612.0	4694.0	AMPI	
46	Spectrogram 1	1	440.971	440.971217552	448.336878806	7.366	4218.8	5250.0	4687.5	32.8	53.7	72.9	440.971	/Users/mary/Desktop/listens_20180309/completed_listens/file5e5726c33305.wav	file5e5726c33305.wav	440.971	4088.3	5526.8	AMPI	
47	Spectrogram 1	1	453.312	453.311955831	455.764318018	2.452	2718.8	6281.2	4031.2	29.7	46.1	69.8	453.312	/Users/mary/Desktop/listens_20180309/completed_listens/file5e5726c33305.wav	file5e5726c33305.wav	453.312	2536.3	6738.2	AMPI	
48	Spectrogram 1	1	462.228	462.228130351	465.803777316	3.576	2625.0	6562.5	4031.2	30.2	50.4	72.4	462.228	/Users/mary/Desktop/listens_20180309/completed_listens/file5e5726c33305.wav	file5e5726c33305.wav	462.228	2498.4	7078.9	AMPI	
49	Spectrogram 1	1	468.422	468.421570656	468.610213901	0.189	3187.5	5906.2	4312.5	28.9	40.3	56.5	468.422	/Users/mary/Desktop/listens_20180309/completed_listens/file5e5726c33305.wav	file5e5726c33305.wav	468.422	3066.2	6132.5	ROWR	
50	Spectrogram 1	1	466.750	466.749505528	466.972447545	0.223	3375.0	5343.8	4125.0	28.5	36.7	55.5	466.750	/Users/mary/Desktop/listens_20180309/completed_listens/file5e5726c33305.wav	file5e5726c33305.wav	466.750	3331.2	5602.5	ROWR	
51	Spectrogram 1	1	469.245	469.244741180	469.630602363	0.386	3562.5	5812.5	4406.2	28.8	42.2	58.8	469.245	/Users/mary/Desktop/listens_20180309/completed_listens/file5e5726c33305.wav	file5e5726c33305.wav	469.245	3444.8	6018.9	ROWR	
52	Spectrogram 1	1	471.939	471.938880784	472.959269246	1.020	3562.5	5250.0	4312.5	29.0	42.1	61.8	471.939	/Users/mary/Desktop/listens_20180309/completed_listens/file5e5726c33305.wav	file5e5726c33305.wav	471.939	3520.5	5413.2	WCSP	song
53	Spectrogram 1	1	481.734	481.734075350	483.937771441	2.204	1781.2	4781.2	2625.0	31.1	45.5	70.0	481.734	/Users/mary/Desktop/listens_20180309/completed_listens/file5e5726c33305.wav	file5e5726c33305.wav	481.734	1779.2	5224.0	AMPI	
54	Spectrogram 1	1	488.475	488.475054556	488.878065125	0.403	4406.2	5718.8	5062.5	27.6	37.9	55.1	488.475	/Users/mary/Desktop/listens_20180309/completed_listens/file5e5726c33305.wav	file5e5726c33305.wav	488.475	4353.3	5791.8	WCSP	*song first note?
55	Spectrogram 1	1	491.968	491.968146844	496.169746395	4.202	2718.8	5531.2	3750.0	29.6	48.9	70.9	491.968	/Users/mary/Desktop/listens_20180309/completed_listens/file5e5726c33305.wav	file5e5726c33305.wav	491.968	2536.3	5829.7	AMPI	
56	Spectrogram 1	1	500.012	500.012232754	508.828159781	8.816	2343.8	6000.0	3843.8	31.2	52.0	77.0	500.012	/Users/mary/Desktop/listens_20180309/completed_listens/file5e5726c33305.wav	file5e5726c33305.wav	500.012	2195.6	6473.2	AMPI	
57	Spectrogram 1	1	542.900	542.899979722	543.518428523	0.618	2156.2	4312.5	3000.0	31.3	42.1	63.0	542.900	/Users/mary/Desktop/listens_20180309/completed_listens/file5e5726c33305.wav	file5e5726c33305.wav	542.900	2082.0	4504.7	PIKA	
58	Spectrogram 1	1	548.092	548.091738129	548.601048907	0.509	2531.2	4218.8	3281.2	30.6	41.8	60.4	548.092	/Users/mary/Desktop/listens_20180309/completed_listens/file5e5726c33305.wav	file5e5726c33305.wav	548.092	2460.6	4391.2	PIKA	jeet
59	Spectrogram 1	1	567.972	567.971883090	568.359929396	0.388	2343.8	4218.8	3093.8	30.9	40.5	60.2	567.972	/Users/mary/Desktop/listens_20180309/completed_listens/file5e5726c33305.wav	file5e5726c33305.wav	567.972	2271.3	4466.9	PIKA	
60	Spectrogram 1	1	578.074	578.074219648	579.206079119	1.132	3750.0	5625.0	4968.8	35.5	56.4	70.6	578.074	/Users/mary/Desktop/listens_20180309/completed_listens/file5e5726c33305.wav	file5e5726c33305.wav	578.074	3293.4	6132.5	WCSP	song
61	Spectrogram 1	1	586.325	586.325498767	587.543105168	1.218	2906.2	6375.0	4406.2	29.7	48.1	66.6	586.325	/Users/mary/Desktop/listens_20180309/completed_listens/file5e5726c33305.wav	file5e5726c33305.wav	586.325	2763.4	6776.0	WCSP	song
62	Spectrogram 1	1	592.822	592.821557715	594.099186966	1.278	3000.0	5812.5	5062.5	34.6	56.0	71.7	592.822	/Users/mary/Desktop/listens_20180309/completed_listens/file5e5726c33305.wav	file5e5726c33305.wav	592.822	2687.7	6700.3	WCSP	song
63	Spectrogram 1	1	594.751	594.750701137	596.800052755	2.049	2437.5	5250.0	3468.8	29.4	41.2	67.6	594.751	/Users/mary/Desktop/listens_20180309/completed_listens/file5e5726c33305.wav	file5e5726c33305.wav	594.751	2422.7	5564.7	AMPI	
