Selection	View	Channel	Begin Clock Time	Begin Time (s)	End Time (s)	Delta Time (s)	Freq 5% (Hz)	Freq 95% (Hz)	Center Freq (Hz)	Avg Power (dB)	Max Power (dB)	Energy (dB)	Begin Date Time	Begin Path	Begin File	File Offset (s)	Low Freq (Hz)	High Freq (Hz)	ID	NOTES
1	Spectrogram 1	1	1.723	1.723208702	3.954474965	2.231	3375.0	5250.0	3843.8	31.4	53.1	69.0	1.723	/Users/mary/Desktop/listens_20180309/completed_listens/file5e57488ce478.wav	file5e57488ce478.wav	1.723	3104.1	5716.1	AMPI	
2	Spectrogram 1	1	8.660	8.659536432	10.308733235	1.649	3093.8	5437.5	4500.0	39.6	61.5	78.0	8.660	/Users/mary/Desktop/listens_20180309/completed_listens/file5e57488ce478.wav	file5e57488ce478.wav	8.660	2460.6	6662.5	WCSP	song
3	Spectrogram 1	1	11.902	11.902117579	15.280546606	3.378	3468.8	5156.2	3843.8	31.2	51.2	70.0	11.902	/Users/mary/Desktop/listens_20180309/completed_listens/file5e57488ce478.wav	file5e57488ce478.wav	11.902	3217.7	5451.1	AMPI	
4	Spectrogram 1	1	20.007	20.007274602	31.782054716	11.775	3656.2	5437.5	4125.0	35.2	60.5	80.8	20.007	/Users/mary/Desktop/listens_20180309/completed_listens/file5e57488ce478.wav	file5e57488ce478.wav	20.007	3028.4	6170.3	AMPI	
5	Spectrogram 1	1	29.475	29.474674547	30.044617559	0.570	1031.2	2906.2	1687.5	34.7	46.5	65.8	29.475	/Users/mary/Desktop/listens_20180309/completed_listens/file5e57488ce478.wav	file5e57488ce478.wav	29.475	984.2	3217.7	geophony	water
6	Spectrogram 1	1	35.513	35.513282711	35.684776570	0.171	2437.5	3937.5	3093.8	31.7	46.9	56.8	35.513	/Users/mary/Desktop/listens_20180309/completed_listens/file5e57488ce478.wav	file5e57488ce478.wav	35.513	2271.3	4164.0	GCRF	
7	Spectrogram 1	1	38.252	38.251974206	38.414893372	0.163	3093.8	4500.0	3843.8	30.5	42.1	54.6	38.252	/Users/mary/Desktop/listens_20180309/completed_listens/file5e57488ce478.wav	file5e57488ce478.wav	38.252	3028.4	4618.3	GCRF	faint call
8	Spectrogram 1	1	40.541	40.541417227	40.721485779	0.180	2531.2	3937.5	3187.5	30.1	45.6	54.9	40.541	/Users/mary/Desktop/listens_20180309/completed_listens/file5e57488ce478.wav	file5e57488ce478.wav	40.541	2460.6	4164.0	GCRF	
9	Spectrogram 1	1	49.696	49.696234647	50.502255786	0.806	3000.0	4875.0	4031.2	30.1	45.8	62.7	49.696	/Users/mary/Desktop/listens_20180309/completed_listens/file5e57488ce478.wav	file5e57488ce478.wav	49.696	2839.1	5110.4	GCRF	
10	Spectrogram 1	1	50.597	50.596577408	52.208619685	1.612	3468.8	5343.8	4031.2	29.0	49.0	64.6	50.597	/Users/mary/Desktop/listens_20180309/completed_listens/file5e57488ce478.wav	file5e57488ce478.wav	50.597	3293.4	5564.7	AMPI	
11	Spectrogram 1	1	53.049	53.048939595	53.803512576	0.755	2531.2	4031.2	3187.5	28.9	44.7	60.0	53.049	/Users/mary/Desktop/listens_20180309/completed_listens/file5e57488ce478.wav	file5e57488ce478.wav	53.049	2460.6	4126.2	GCRF	
12	Spectrogram 1	1	56.285	56.285411745	56.877065560	0.592	3468.8	4500.0	3843.8	29.6	42.9	58.5	56.285	/Users/mary/Desktop/listens_20180309/completed_listens/file5e57488ce478.wav	file5e57488ce478.wav	56.285	3293.4	4618.3	AMPI	
13	Spectrogram 1	1	65.021	65.020605652	66.006695342	0.986	3843.8	6187.5	4875.0	27.3	39.9	61.4	65.021	/Users/mary/Desktop/listens_20180309/completed_listens/file5e57488ce478.wav	file5e57488ce478.wav	65.021	3747.6	6321.8	DEJU	
14	Spectrogram 1	1	70.636	70.635747578	71.338872401	0.703	4031.2	6187.5	4875.0	27.3	39.8	59.6	70.636	/Users/mary/Desktop/listens_20180309/completed_listens/file5e57488ce478.wav	file5e57488ce478.wav	70.636	3861.2	6359.6	DEJU	
15	Spectrogram 1	1	75.201	75.201128719	76.418735120	1.218	4031.2	6093.8	4968.8	28.4	41.5	63.2	75.201	/Users/mary/Desktop/listens_20180309/completed_listens/file5e57488ce478.wav	file5e57488ce478.wav	75.201	3899.1	6321.8	DEJU	
16	Spectrogram 1	1	86.444	86.444083982	87.190082270	0.746	2156.2	4968.8	3281.2	29.4	49.1	63.3	86.444	/Users/mary/Desktop/listens_20180309/completed_listens/file5e57488ce478.wav	file5e57488ce478.wav	86.444	2006.3	5337.5	GCRF	
17	Spectrogram 1	1	87.370	87.370150822	88.450562135	1.080	3468.8	5906.2	4593.8	28.0	41.0	62.8	87.370	/Users/mary/Desktop/listens_20180309/completed_listens/file5e57488ce478.wav	file5e57488ce478.wav	87.370	3369.1	6132.5	DEJU	
18	Spectrogram 1	1	90.406	90.406207142	90.611999773	0.206	1781.2	4687.5	3375.0	40.1	61.6	70.5	90.406	/Users/mary/Desktop/listens_20180309/completed_listens/file5e57488ce478.wav	file5e57488ce478.wav	90.406	1211.4	6473.2	GCRF	
19	Spectrogram 1	1	91.349	91.349423368	92.086846962	0.737	1687.5	4687.5	3187.5	38.1	61.6	73.4	91.349	/Users/mary/Desktop/listens_20180309/completed_listens/file5e57488ce478.wav	file5e57488ce478.wav	91.349	1362.8	6056.8	GCRF	
20	Spectrogram 1	1	96.074	96.074079189	98.029109185	1.955	3843.8	5156.2	4500.0	45.6	72.8	85.3	96.074	/Users/mary/Desktop/listens_20180309/completed_listens/file5e57488ce478.wav	file5e57488ce478.wav	96.074	2157.7	6965.3	WCSP	song
21	Spectrogram 1	1	99.271	99.270849295	102.270849295	3.000	1593.8	10875.0	6187.5	28.1	43.0	72.8	99.271	/Users/mary/Desktop/listens_20180309/completed_listens/file5e57488ce478.wav	file5e57488ce478.wav	99.271	1413.0	11220.0	background	
22	Spectrogram 1	1	113.733	113.733181221	115.473843892	1.741	2906.2	5812.5	4406.2	30.7	49.9	68.6	113.733	/Users/mary/Desktop/listens_20180309/completed_listens/file5e57488ce478.wav	file5e57488ce478.wav	113.733	2687.7	6246.1	WCSP	song
23	Spectrogram 1	1	113.793	113.793204071	113.964697931	0.171	2625.0	4031.2	3468.8	32.1	44.5	56.7	113.793	/Users/mary/Desktop/listens_20180309/completed_listens/file5e57488ce478.wav	file5e57488ce478.wav	113.793	2460.6	4164.0	GCRF	
24	Spectrogram 1	1	127.369	127.369147712	129.169833234	1.801	2718.8	5906.2	4125.0	30.0	50.6	68.4	127.369	/Users/mary/Desktop/listens_20180309/completed_listens/file5e57488ce478.wav	file5e57488ce478.wav	127.369	2498.4	6359.6	WCSP	song
25	Spectrogram 1	1	134.480	134.479932579	135.028712928	0.549	1781.2	5062.5	3187.5	35.1	57.6	69.2	134.480	/Users/mary/Desktop/listens_20180309/completed_listens/file5e57488ce478.wav	file5e57488ce478.wav	134.480	1627.8	6359.6	GCRF	
26	Spectrogram 1	1	139.060	139.059517841	139.222437007	0.163	3656.2	5062.5	4500.0	29.0	41.3	53.5	139.060	/Users/mary/Desktop/listens_20180309/completed_listens/file5e57488ce478.wav	file5e57488ce478.wav	139.060	3558.4	5186.1	GCRF	*
27	Spectrogram 1	1	142.006	142.005801487	142.365938592	0.360	2625.0	4687.5	3468.8	28.5	39.9	57.8	142.006	/Users/mary/Desktop/listens_20180309/completed_listens/file5e57488ce478.wav	file5e57488ce478.wav	142.006	2612.0	4921.1	GCRF	
28	Spectrogram 1	1	144.930	144.929771787	145.144139111	0.214	2812.5	4312.5	3656.2	30.0	44.0	55.8	144.930	/Users/mary/Desktop/listens_20180309/completed_listens/file5e57488ce478.wav	file5e57488ce478.wav	144.930	2763.4	4580.4	GCRF	
29	Spectrogram 1	1	151.950	151.950488810	154.145610208	2.195	3000.0	5437.5	4500.0	35.5	59.2	75.0	151.950	/Users/mary/Desktop/listens_20180309/completed_listens/file5e57488ce478.wav	file5e57488ce478.wav	151.950	2347.0	6511.0	WCSP	song
30	Spectrogram 1	1	167.438	167.438135647	167.618204199	0.180	1500.0	3656.2	2250.0	33.4	48.8	60.0	167.438	/Users/mary/Desktop/listens_20180309/completed_listens/file5e57488ce478.wav	file5e57488ce478.wav	167.438	1438.5	4012.6	GCRF	
31	Spectrogram 1	1	171.057	171.057050651	171.202820431	0.146	2343.8	5156.2	3375.0	30.4	44.1	57.1	171.057	/Users/mary/Desktop/listens_20180309/completed_listens/file5e57488ce478.wav	file5e57488ce478.wav	171.057	2157.7	5526.8	GCRF	
32	Spectrogram 1	1	171.383	171.382888983	171.545808149	0.163	2531.2	5062.5	3375.0	32.0	46.9	58.9	171.383	/Users/mary/Desktop/listens_20180309/completed_listens/file5e57488ce478.wav	file5e57488ce478.wav	171.383	2384.9	5413.2	GCRF	
33	Spectrogram 1	1	171.923	171.923094640	172.351829288	0.429	2156.2	5250.0	3375.0	30.9	48.6	62.7	171.923	/Users/mary/Desktop/listens_20180309/completed_listens/file5e57488ce478.wav	file5e57488ce478.wav	171.923	2044.2	5602.5	GCRF	
34	Spectrogram 1	1	168.236	168.235976666	170.997027800	2.761	3187.5	4125.0	3750.0	30.2	51.8	65.1	168.236	/Users/mary/Desktop/listens_20180309/completed_listens/file5e57488ce478.wav	file5e57488ce478.wav	168.236	3179.8	4239.7	AMPI	
35	Spectrogram 1	1	172.455	172.454725603	175.078581650	2.624	3093.8	4218.8	3656.2	29.5	46.2	64.9	172.455	/Users/mary/Desktop/listens_20180309/completed_listens/file5e57488ce478.wav	file5e57488ce478.wav	172.455	3066.2	4391.2	AMPI	
36	Spectrogram 1	1	172.956	172.955850653	173.564653853	0.609	2625.0	4781.2	3656.2	29.7	46.2	61.6	172.956	/Users/mary/Desktop/listens_20180309/completed_listens/file5e57488ce478.wav	file5e57488ce478.wav	172.956	2460.6	5034.7	DUFL	do hic
37	Spectrogram 1	1	174.492	174.491574289	175.091802796	0.600	3281.2	4687.5	3937.5	29.0	42.0	58.8	174.492	/Users/mary/Desktop/listens_20180309/completed_listens/file5e57488ce478.wav	file5e57488ce478.wav	174.492	3217.7	4807.6	DUFL	do hic
38	Spectrogram 1	1	179.160	179.159765656	181.577829071	2.418	3000.0	4125.0	3562.5	29.0	41.8	63.7	179.160	/Users/mary/Desktop/listens_20180309/completed_listens/file5e57488ce478.wav	file5e57488ce478.wav	179.160	2952.7	4126.2	AMPI	
39	Spectrogram 1	1	182.238	182.238080429	182.581068148	0.343	2812.5	4500.0	3656.2	29.8	40.0	57.8	182.238	/Users/mary/Desktop/listens_20180309/completed_listens/file5e57488ce478.wav	file5e57488ce478.wav	182.238	2725.6	4656.2	GCRF	
40	Spectrogram 1	1	188.747	188.746665081	190.624522840	1.878	2906.2	5718.8	4500.0	34.3	57.7	72.8	188.747	/Users/mary/Desktop/listens_20180309/completed_listens/file5e57488ce478.wav	file5e57488ce478.wav	188.747	2460.6	6246.1	WCSP	song
41	Spectrogram 1	1	190.362	190.361598724	194.811864371	4.450	3187.5	4593.8	3843.8	29.3	46.3	67.8	190.362	/Users/mary/Desktop/listens_20180309/completed_listens/file5e57488ce478.wav	file5e57488ce478.wav	190.362	3142.0	4731.9	GCRF	
42	Spectrogram 1	1	199.791	199.791103369	200.562825735	0.772	3375.0	4500.0	3937.5	29.0	40.9	58.7	199.791	/Users/mary/Desktop/listens_20180309/completed_listens/file5e57488ce478.wav	file5e57488ce478.wav	199.791	3293.4	4580.4	GCRF	
43	Spectrogram 1	1	202.544	202.544415259	203.144643766	0.600	1781.2	4218.8	2812.5	33.1	54.3	66.0	202.544	/Users/mary/Desktop/listens_20180309/completed_listens/file5e57488ce478.wav	file5e57488ce478.wav	202.544	1627.8	4959.0	GCRF	
44	Spectrogram 1	1	203.633	203.633401265	205.717051654	2.084	3000.0	5531.2	4500.0	38.3	60.4	77.8	203.633	/Users/mary/Desktop/listens_20180309/completed_listens/file5e57488ce478.wav	file5e57488ce478.wav	203.633	2498.4	6662.5	WCSP	song
45	Spectrogram 1	1	204.517	204.516594640	205.159696612	0.643	2250.0	4218.8	3281.2	39.9	60.4	71.5	204.517	/Users/mary/Desktop/listens_20180309/completed_listens/file5e57488ce478.wav	file5e57488ce478.wav	204.517	2006.3	4277.6	GCRF	w/ WCSP song over
46	Spectrogram 1	1	226.317	226.317348104	226.548864814	0.232	2625.0	4218.8	3468.8	28.2	39.4	54.4	226.317	/Users/mary/Desktop/listens_20180309/completed_listens/file5e57488ce478.wav	file5e57488ce478.wav	226.317	2574.1	4315.5	GCRF	
47	Spectrogram 1	1	242.634	242.633510253	243.319485690	0.686	2906.2	4593.8	3656.2	27.9	42.1	59.0	242.634	/Users/mary/Desktop/listens_20180309/completed_listens/file5e57488ce478.wav	file5e57488ce478.wav	242.634	2839.1	4769.7	GCRF	
48	Spectrogram 1	1	253.251	253.250512930	254.390947094	1.140	2250.0	3656.2	2812.5	28.4	40.3	61.0	253.251	/Users/mary/Desktop/listens_20180309/completed_listens/file5e57488ce478.wav	file5e57488ce478.wav	253.251	2233.4	3823.3	ROWR	
49	Spectrogram 1	1	276.920	276.919783104	277.177023893	0.257	2250.0	3843.8	3000.0	30.6	42.1	57.4	276.920	/Users/mary/Desktop/listens_20180309/completed_listens/file5e57488ce478.wav	file5e57488ce478.wav	276.920	2233.4	4050.5	GCRF	
50	Spectrogram 1	1	283.975	283.975009860	285.055421173	1.080	3468.8	5156.2	4218.8	27.5	41.7	60.8	283.975	/Users/mary/Desktop/listens_20180309/completed_listens/file5e57488ce478.wav	file5e57488ce478.wav	283.975	3293.4	5337.5	ROWR	
51	Spectrogram 1	1	290.119	290.119433543	290.959753453	0.840	2437.5	3937.5	3000.0	29.6	44.2	61.1	290.119	/Users/mary/Desktop/listens_20180309/completed_listens/file5e57488ce478.wav	file5e57488ce478.wav	290.119	2347.0	4088.3	ROWR	
52	Spectrogram 1	1	295.762	295.761671439	296.722037050	0.960	2718.8	5156.2	3750.0	29.6	47.7	63.9	295.762	/Users/mary/Desktop/listens_20180309/completed_listens/file5e57488ce478.wav	file5e57488ce478.wav	295.762	2612.0	5375.4	ROWR	*
53	Spectrogram 1	1	300.610	300.610174509	301.707735208	1.098	2906.2	4968.8	3937.5	29.2	43.3	63.1	300.610	/Users/mary/Desktop/listens_20180309/completed_listens/file5e57488ce478.wav	file5e57488ce478.wav	300.610	2877.0	5072.6	ROWR	
54	Spectrogram 1	1	303.802	303.802388068	304.436915347	0.635	2062.5	4312.5	3093.8	30.6	44.6	62.6	303.802	/Users/mary/Desktop/listens_20180309/completed_listens/file5e57488ce478.wav	file5e57488ce478.wav	303.802	2044.2	4580.4	GCRF	
55	Spectrogram 1	1	305.629	305.628797669	305.946061308	0.317	1781.2	4593.8	3093.8	32.7	49.2	62.8	305.629	/Users/mary/Desktop/listens_20180309/completed_listens/file5e57488ce478.wav	file5e57488ce478.wav	305.629	1779.2	5034.7	GCRF	
56	Spectrogram 1	1	307.447	307.446632577	307.686723980	0.240	1406.2	4593.8	2718.8	33.6	46.9	63.5	307.447	/Users/mary/Desktop/listens_20180309/completed_listens/file5e57488ce478.wav	file5e57488ce478.wav	307.447	1287.1	5261.8	GCRF	
57	Spectrogram 1	1	309.923	309.922522939	313.926904552	4.004	1875.0	4593.8	3375.0	33.3	61.1	74.7	309.923	/Users/mary/Desktop/listens_20180309/completed_listens/file5e57488ce478.wav	file5e57488ce478.wav	309.923	1741.3	5110.4	GCRF	chatter
58	Spectrogram 1	1	314.501	314.501408980	314.792948541	0.292	3562.5	4687.5	4031.2	46.2	67.6	75.9	314.501	/Users/mary/Desktop/listens_20180309/completed_listens/file5e57488ce478.wav	file5e57488ce478.wav	314.501	2271.3	5526.8	GCRF	
59	Spectrogram 1	1	315.222	315.221683189	315.873359854	0.652	3187.5	5062.5	4125.0	44.2	67.0	78.3	315.222	/Users/mary/Desktop/listens_20180309/completed_listens/file5e57488ce478.wav	file5e57488ce478.wav	315.222	1892.7	5905.4	GCRF	
60	Spectrogram 1	1	316.319	316.319243888	316.619358142	0.300	3093.8	4500.0	3937.5	42.5	62.4	72.0	316.319	/Users/mary/Desktop/listens_20180309/completed_listens/file5e57488ce478.wav	file5e57488ce478.wav	316.319	2347.0	5299.7	GCRF	
61	Spectrogram 1	1	317.357	317.356781736	317.802665770	0.446	2531.2	4406.2	3843.8	36.7	58.5	68.5	317.357	/Users/mary/Desktop/listens_20180309/completed_listens/file5e57488ce478.wav	file5e57488ce478.wav	317.357	1968.5	5261.8	GCRF	
62	Spectrogram 1	1	319.749	319.748967849	319.954760480	0.206	1593.8	4125.0	2906.2	31.0	45.4	58.8	319.749	/Users/mary/Desktop/listens_20180309/completed_listens/file5e57488ce478.wav	file5e57488ce478.wav	319.749	1514.2	4429.0	GCRF	
63	Spectrogram 1	1	320.538	320.537839601	320.786505697	0.249	1687.5	4968.8	2718.8	35.1	58.8	66.0	320.538	/Users/mary/Desktop/listens_20180309/completed_listens/file5e57488ce478.wav	file5e57488ce478.wav	320.538	1362.8	6359.6	GCRF	
64	Spectrogram 1	1	321.738	321.738296616	322.072709641	0.334	1500.0	4500.0	2718.8	33.7	54.6	65.3	321.738	/Users/mary/Desktop/listens_20180309/completed_listens/file5e57488ce478.wav	file5e57488ce478.wav	321.738	1324.9	5564.7	GCRF	
65	Spectrogram 1	1	328.645	328.644639908	331.062703323	2.418	2343.8	4781.2	3375.0	27.6	39.4	65.6	328.645	/Users/mary/Desktop/listens_20180309/completed_listens/file5e57488ce478.wav	file5e57488ce478.wav	328.645	2271.3	4883.3	GCRF	
66	Spectrogram 1	1	343.365	343.365197537	343.733909334	0.369	1500.0	5062.5	2625.0	33.4	52.4	65.6	343.365	/Users/mary/Desktop/listens_20180309/completed_listens/file5e57488ce478.wav	file5e57488ce478.wav	343.365	1287.1	5753.9	GCRF	
67	Spectrogram 1	1	345.132	345.131584287	345.328802225	0.197	1781.2	4500.0	3000.0	33.3	48.5	61.4	345.132	/Users/mary/Desktop/listens_20180309/completed_listens/file5e57488ce478.wav	file5e57488ce478.wav	345.132	1627.8	4883.3	GCRF	
68	Spectrogram 1	1	343.948	343.948276658	347.935508885	3.987	2718.8	6468.8	3937.5	29.3	53.2	71.7	343.948	/Users/mary/Desktop/listens_20180309/completed_listens/file5e57488ce478.wav	file5e57488ce478.wav	343.948	2460.6	6851.7	AMPI	
69	Spectrogram 1	1	348.519	348.518588007	348.930173269	0.412	1593.8	4312.5	2812.5	33.3	51.7	65.0	348.519	/Users/mary/Desktop/listens_20180309/completed_listens/file5e57488ce478.wav	file5e57488ce478.wav	348.519	1438.5	4996.8	GCRF	
70	Spectrogram 1	1	350.220	350.219569467	350.528258413	0.309	3000.0	4125.0	3656.2	34.4	52.4	61.1	350.220	/Users/mary/Desktop/listens_20180309/completed_listens/file5e57488ce478.wav	file5e57488ce478.wav	350.220	2877.0	4391.2	GCRF	
71	Spectrogram 1	1	350.811	350.811223281	351.994530910	1.183	2437.5	5437.5	3562.5	27.9	45.8	63.9	350.811	/Users/mary/Desktop/listens_20180309/completed_listens/file5e57488ce478.wav	file5e57488ce478.wav	350.811	2271.3	5678.2	AMPI	
72	Spectrogram 1	1	354.604	354.604044726	356.087466609	1.483	2625.0	5718.8	4125.0	31.1	53.0	68.7	354.604	/Users/mary/Desktop/listens_20180309/completed_listens/file5e57488ce478.wav	file5e57488ce478.wav	354.604	2384.9	6208.2	AMPI	
73	Spectrogram 1	1	353.061	353.060599993	354.261057008	1.200	3562.5	4781.2	3750.0	34.8	56.8	68.9	353.061	/Users/mary/Desktop/listens_20180309/completed_listens/file5e57488ce478.wav	file5e57488ce478.wav	353.061	3142.0	5261.8	AMPI	
74	Spectrogram 1	1	357.185	357.185027308	359.028586295	1.844	3000.0	5531.2	4781.2	36.6	62.2	76.0	357.185	/Users/mary/Desktop/listens_20180309/completed_listens/file5e57488ce478.wav	file5e57488ce478.wav	357.185	2195.6	6851.7	WCSP	song
75	Spectrogram 1	1	367.100	367.100004491	369.058425695	1.958	3187.5	5437.5	4687.5	42.0	66.4	80.9	367.100	/Users/mary/Desktop/listens_20180309/completed_listens/file5e57488ce478.wav	file5e57488ce478.wav	367.100	2498.4	6435.3	WCSP	song w/ AMPI background
76	Spectrogram 1	1	365.336	365.335606441	369.494977789	4.159	3093.8	5437.5	4593.8	39.2	66.4	81.1	365.336	/Users/mary/Desktop/listens_20180309/completed_listens/file5e57488ce478.wav	file5e57488ce478.wav	365.336	2536.3	6321.8	AMPI	w WCSP background
77	Spectrogram 1	1	372.843	372.843374599	374.092398648	1.249	2343.8	3562.5	2906.2	31.4	45.5	64.3	372.843	/Users/mary/Desktop/listens_20180309/completed_listens/file5e57488ce478.wav	file5e57488ce478.wav	372.843	2195.6	3785.5	ROWR	
78	Spectrogram 1	1	360.051	360.051329291	364.089436169	4.038	2531.2	5906.2	3843.8	27.9	47.3	69.7	360.051	/Users/mary/Desktop/listens_20180309/completed_listens/file5e57488ce478.wav	file5e57488ce478.wav	360.051	2384.9	6132.5	GCRF	chatter
79	Spectrogram 1	1	371.251	371.250578717	372.445033754	1.194	3000.0	4500.0	3750.0	27.2	40.8	60.2	371.251	/Users/mary/Desktop/listens_20180309/completed_listens/file5e57488ce478.wav	file5e57488ce478.wav	371.251	2952.7	4656.2	GCRF	
80	Spectrogram 1	1	376.636	376.635743259	378.751808275	2.116	3093.8	5437.5	4312.5	41.8	66.4	81.8	376.636	/Users/mary/Desktop/listens_20180309/completed_listens/file5e57488ce478.wav	file5e57488ce478.wav	376.636	1892.7	6700.3	WCSP	song
81	Spectrogram 1	1	378.894	378.893995556	379.051639368	0.158	3093.8	4593.8	3843.8	28.4	38.5	52.9	378.894	/Users/mary/Desktop/listens_20180309/completed_listens/file5e57488ce478.wav	file5e57488ce478.wav	378.894	2990.5	4769.7	GCRF	
82	Spectrogram 1	1	379.415	379.415432781	379.585203040	0.170	3000.0	4593.8	3750.0	28.2	37.3	53.2	379.415	/Users/mary/Desktop/listens_20180309/completed_listens/file5e57488ce478.wav	file5e57488ce478.wav	379.415	2877.0	4769.7	GCRF	
83	Spectrogram 1	1	383.579	383.579033754	384.640097874	1.061	2906.2	5718.8	3843.8	30.7	56.4	66.6	383.579	/Users/mary/Desktop/listens_20180309/completed_listens/file5e57488ce478.wav	file5e57488ce478.wav	383.579	2574.1	6208.2	GCRF	
84	Spectrogram 1	1	386.150	386.149840535	388.296221668	2.146	3187.5	5437.5	4500.0	42.7	67.6	83.5	386.150	/Users/mary/Desktop/listens_20180309/completed_listens/file5e57488ce478.wav	file5e57488ce478.wav	386.150	2082.0	7722.4	WCSP	song
85	Spectrogram 1	1	394.579	394.579217912	396.998444105	2.419	2437.5	5625.0	3843.8	29.4	49.9	68.9	394.579	/Users/mary/Desktop/listens_20180309/completed_listens/file5e57488ce478.wav	file5e57488ce478.wav	394.579	2309.1	5943.2	AMPI	
86	Spectrogram 1	1	397.940	397.940121808	400.523055036	2.583	3375.0	5437.5	3750.0	30.8	53.8	69.5	397.940	/Users/mary/Desktop/listens_20180309/completed_listens/file5e57488ce478.wav	file5e57488ce478.wav	397.940	3066.2	5905.4	AMPI	
87	Spectrogram 1	1	400.883	400.882662349	402.586428164	1.704	2906.2	4781.2	3656.2	27.7	41.1	63.3	400.883	/Users/mary/Desktop/listens_20180309/completed_listens/file5e57488ce478.wav	file5e57488ce478.wav	400.883	2801.3	4921.1	GCRF	
88	Spectrogram 1	1	403.420	403.419610002	404.038058803	0.618	3656.2	5343.8	4125.0	32.3	53.8	64.4	403.420	/Users/mary/Desktop/listens_20180309/completed_listens/file5e57488ce478.wav	file5e57488ce478.wav	403.420	3217.7	5829.7	AMPI	
89	Spectrogram 1	1	409.531	409.531480213	409.767945931	0.236	3281.2	4781.2	3937.5	28.2	40.2	54.4	409.531	/Users/mary/Desktop/listens_20180309/completed_listens/file5e57488ce478.wav	file5e57488ce478.wav	409.531	3179.8	4959.0	GCRF	
90	Spectrogram 1	1	410.144	410.143865790	410.313636049	0.170	3375.0	4781.2	4125.0	27.9	38.6	52.2	410.144	/Users/mary/Desktop/listens_20180309/completed_listens/file5e57488ce478.wav	file5e57488ce478.wav	410.144	3331.2	4883.3	GCRF	
91	Spectrogram 1	1	411.126	411.126108003	413.745420573	2.619	3281.2	4968.8	3843.8	31.1	54.2	68.8	411.126	/Users/mary/Desktop/listens_20180309/completed_listens/file5e57488ce478.wav	file5e57488ce478.wav	411.126	3066.2	5337.5	AMPI	
92	Spectrogram 1	1	415.567	415.566950548	426.310982660	10.744	3656.2	5156.2	3937.5	35.6	59.7	80.3	415.567	/Users/mary/Desktop/listens_20180309/completed_listens/file5e57488ce478.wav	file5e57488ce478.wav	415.567	3179.8	5867.5	AMPI	
93	Spectrogram 1	1	426.361	426.361485623	430.981661960	4.620	3281.2	4687.5	3937.5	29.2	47.4	68.1	426.361	/Users/mary/Desktop/listens_20180309/completed_listens/file5e57488ce478.wav	file5e57488ce478.wav	426.361	3142.0	4807.6	GCRF	
94	Spectrogram 1	1	431.839	431.839261027	435.828862116	3.990	3000.0	4312.5	3656.2	28.1	43.1	65.9	431.839	/Users/mary/Desktop/listens_20180309/completed_listens/file5e57488ce478.wav	file5e57488ce478.wav	431.839	2952.7	4429.0	GCRF	
95	Spectrogram 1	1	436.629	436.629207623	439.442543346	2.813	3000.0	4687.5	3750.0	27.4	43.5	64.6	436.629	/Users/mary/Desktop/listens_20180309/completed_listens/file5e57488ce478.wav	file5e57488ce478.wav	436.629	2952.7	4807.6	GCRF	
96	Spectrogram 1	1	439.705	439.704782825	440.007944002	0.303	2812.5	4781.2	3656.2	30.3	45.4	59.0	439.705	/Users/mary/Desktop/listens_20180309/completed_listens/file5e57488ce478.wav	file5e57488ce478.wav	439.705	2536.3	4996.8	PIKA	
97	Spectrogram 1	1	440.056	440.056449790	444.688752575	4.632	3375.0	4593.8	3937.5	27.5	42.1	65.4	440.056	/Users/mary/Desktop/listens_20180309/completed_listens/file5e57488ce478.wav	file5e57488ce478.wav	440.056	3293.4	4656.2	GCRF	
98	Spectrogram 1	1	461.643	461.643474345	463.486694301	1.843	3000.0	5625.0	4218.8	28.1	43.6	65.6	461.643	/Users/mary/Desktop/listens_20180309/completed_listens/file5e57488ce478.wav	file5e57488ce478.wav	461.643	2877.0	5829.7	WCSP	song
99	Spectrogram 1	1	478.221	478.221016907	478.887971497	0.667	1968.8	5062.5	3187.5	31.0	44.3	64.9	478.221	/Users/mary/Desktop/listens_20180309/completed_listens/file5e57488ce478.wav	file5e57488ce478.wav	478.221	1854.9	5526.8	PIKA	
100	Spectrogram 1	1	482.521	482.520911500	482.921084254	0.400	3375.0	4406.2	3843.8	30.3	42.9	56.8	482.521	/Users/mary/Desktop/listens_20180309/completed_listens/file5e57488ce478.wav	file5e57488ce478.wav	482.521	3331.2	4429.0	GCRF	
101	Spectrogram 1	1	483.358	483.357636348	484.703671974	1.346	3093.8	4500.0	3750.0	28.7	43.2	62.0	483.358	/Users/mary/Desktop/listens_20180309/completed_listens/file5e57488ce478.wav	file5e57488ce478.wav	483.358	3028.4	4618.3	GCRF	
102	Spectrogram 1	1	485.286	485.285741434	485.625281952	0.340	2906.2	4500.0	3750.0	31.8	48.6	60.2	485.286	/Users/mary/Desktop/listens_20180309/completed_listens/file5e57488ce478.wav	file5e57488ce478.wav	485.286	2801.3	4845.4	GCRF	
103	Spectrogram 1	1	486.195	486.195224965	486.813673766	0.618	3000.0	4781.2	4031.2	32.7	52.4	64.1	486.195	/Users/mary/Desktop/listens_20180309/completed_listens/file5e57488ce478.wav	file5e57488ce478.wav	486.195	2839.1	5148.3	GCRF	
104	Spectrogram 1	1	487.687	487.686777956	487.941433344	0.255	2812.5	4500.0	3562.5	31.3	45.6	58.7	487.687	/Users/mary/Desktop/listens_20180309/completed_listens/file5e57488ce478.wav	file5e57488ce478.wav	487.687	2687.7	4807.6	GCRF	
105	Spectrogram 1	1	488.354	488.353732545	488.681146616	0.327	3000.0	4500.0	3656.2	30.3	43.8	58.0	488.354	/Users/mary/Desktop/listens_20180309/completed_listens/file5e57488ce478.wav	file5e57488ce478.wav	488.354	2839.1	4618.3	GCRF	
106	Spectrogram 1	1	488.960	488.960054899	490.318216972	1.358	3281.2	4968.8	4125.0	28.5	41.3	62.5	488.960	/Users/mary/Desktop/listens_20180309/completed_listens/file5e57488ce478.wav	file5e57488ce478.wav	488.960	3255.5	5072.6	WCSP	song
107	Spectrogram 1	1	497.106	497.106149349	500.634945449	3.529	2906.2	5531.2	3937.5	28.4	42.6	68.3	497.106	/Users/mary/Desktop/listens_20180309/completed_listens/file5e57488ce478.wav	file5e57488ce478.wav	497.106	2839.1	5716.1	AMPI	
108	Spectrogram 1	1	503.606	503.605924984	505.703800328	2.098	3281.2	5531.2	3937.5	29.7	46.2	67.1	503.606	/Users/mary/Desktop/listens_20180309/completed_listens/file5e57488ce478.wav	file5e57488ce478.wav	503.606	3142.0	5791.8	AMPI	
109	Spectrogram 1	1	507.520	507.520017687	508.708409500	1.188	2812.5	5062.5	3937.5	29.4	45.4	64.2	507.520	/Users/mary/Desktop/listens_20180309/completed_listens/file5e57488ce478.wav	file5e57488ce478.wav	507.520	2763.4	5299.7	WCSP	song
110	Spectrogram 1	1	508.781	508.781168183	511.194331152	2.413	3656.2	5531.2	4312.5	28.8	46.0	66.0	508.781	/Users/mary/Desktop/listens_20180309/completed_listens/file5e57488ce478.wav	file5e57488ce478.wav	508.781	3558.4	5716.1	AMPI	
111	Spectrogram 1	1	523.467	523.467249221	525.395354306	1.928	2906.2	5718.8	4312.5	27.9	43.5	65.8	523.467	/Users/mary/Desktop/listens_20180309/completed_listens/file5e57488ce478.wav	file5e57488ce478.wav	523.467	2801.3	5981.1	WCSP	song
112	Spectrogram 1	1	531.195	531.195123646	533.317251885	2.122	3093.8	5718.8	4500.0	34.9	57.5	74.4	531.195	/Users/mary/Desktop/listens_20180309/completed_listens/file5e57488ce478.wav	file5e57488ce478.wav	531.195	2649.8	6851.7	WCSP	song
113	Spectrogram 1	1	540.338	540.337629733	540.713549593	0.376	1781.2	3468.8	2437.5	31.8	48.7	60.7	540.338	/Users/mary/Desktop/listens_20180309/completed_listens/file5e57488ce478.wav	file5e57488ce478.wav	540.338	1741.3	3823.3	GCRF	
114	Spectrogram 1	1	541.732	541.732171147	541.853435618	0.121	1875.0	3937.5	2812.5	31.6	46.7	56.2	541.732	/Users/mary/Desktop/listens_20180309/completed_listens/file5e57488ce478.wav	file5e57488ce478.wav	541.732	1854.9	4126.2	GCRF	
115	Spectrogram 1	1	544.376	544.376068657	552.476535306	8.100	3656.2	5812.5	4031.2	32.8	59.2	77.3	544.376	/Users/mary/Desktop/listens_20180309/completed_listens/file5e57488ce478.wav	file5e57488ce478.wav	544.376	3179.8	6586.8	AMPI	
116	Spectrogram 1	1	554.578	554.577665313	556.639161317	2.061	3093.8	5437.5	4406.2	34.2	57.8	73.0	554.578	/Users/mary/Desktop/listens_20180309/completed_listens/file5e57488ce478.wav	file5e57488ce478.wav	554.578	2687.7	6321.8	WCSP	song
117	Spectrogram 1	1	565.454	565.453920527	567.163749565	1.710	3000.0	5718.8	4312.5	30.3	50.3	67.8	565.454	/Users/mary/Desktop/listens_20180309/completed_listens/file5e57488ce478.wav	file5e57488ce478.wav	565.454	2877.0	6170.3	WCSP	song
118	Spectrogram 1	1	563.720	563.719838595	566.812082600	3.092	1968.8	3375.0	2625.0	29.5	47.8	66.4	563.720	/Users/mary/Desktop/listens_20180309/completed_listens/file5e57488ce478.wav	file5e57488ce478.wav	563.720	1930.6	3520.5	GCRF	*
119	Spectrogram 1	1	575.310	575.310320151	575.710492904	0.400	2625.0	4406.2	3281.2	29.3	42.4	58.3	575.310	/Users/mary/Desktop/listens_20180309/completed_listens/file5e57488ce478.wav	file5e57488ce478.wav	575.310	2612.0	4580.4	PIKA	
120	Spectrogram 1	1	593.214	593.213518813	593.443921308	0.230	1218.8	3937.5	1875.0	31.8	48.0	60.6	593.214	/Users/mary/Desktop/listens_20180309/completed_listens/file5e57488ce478.wav	file5e57488ce478.wav	593.214	1173.5	4429.0	GCRF	
121	Spectrogram 1	1	594.693	594.692945357	594.911221404	0.218	1406.2	4031.2	2062.5	31.0	45.8	59.3	594.693	/Users/mary/Desktop/listens_20180309/completed_listens/file5e57488ce478.wav	file5e57488ce478.wav	594.693	1400.6	4429.0	GCRF	
122	Spectrogram 1	1	596.645	596.645303337	596.948464514	0.303	3187.5	5250.0	4218.8	30.6	46.1	59.7	596.645	/Users/mary/Desktop/listens_20180309/completed_listens/file5e57488ce478.wav	file5e57488ce478.wav	596.645	2914.8	5564.7	GCRF	*
123	Spectrogram 1	1	598.197	598.197488563	598.537029081	0.340	3375.0	4500.0	3937.5	27.6	40.2	54.0	598.197	/Users/mary/Desktop/listens_20180309/completed_listens/file5e57488ce478.wav	file5e57488ce478.wav	598.197	3293.4	4618.3	GCRF	
