Selection	View	Channel	Begin Clock Time	Begin Time (s)	End Time (s)	Delta Time (s)	Freq 5% (Hz)	Freq 95% (Hz)	Center Freq (Hz)	Avg Power (dB)	Max Power (dB)	Energy (dB)	Begin Date Time	Begin Path	Begin File	File Offset (s)	Low Freq (Hz)	High Freq (Hz)	ID	NOTES
1	Spectrogram 1	1	1.718	1.717774899	2.865074541	1.147	3093.8	4593.8	3750.0	28.1	43.5	61.2	1.718	/Users/mary/Desktop/listens_20180309/completed_listens/file5e575bf19156.wav	file5e575bf19156.wav	1.718	2978.9	4777.5	WCSP	song
2	Spectrogram 1	1	3.850	3.849924675	5.078449070	1.229	3000.0	5250.0	4031.2	28.0	42.6	62.9	3.850	/Users/mary/Desktop/listens_20180309/completed_listens/file5e575bf19156.wav	file5e575bf19156.wav	3.850	2838.4	5423.9	WCSP	song
3	Spectrogram 1	1	4.926	4.926152658	6.225748712	1.300	3000.0	5156.2	3750.0	28.4	44.0	63.4	4.926	/Users/mary/Desktop/listens_20180309/completed_listens/file5e575bf19156.wav	file5e575bf19156.wav	4.926	2866.5	5339.6	WCSP	song
4	Spectrogram 1	1	11.031	11.030544646	12.380906170	1.350	2812.5	5062.5	3937.5	28.8	49.1	64.2	11.031	/Users/mary/Desktop/listens_20180309/completed_listens/file5e575bf19156.wav	file5e575bf19156.wav	11.031	2697.9	5283.4	WCSP	song
5	Spectrogram 1	1	17.541	17.540830001	19.246549822	1.706	3000.0	5343.8	4312.5	29.2	47.1	66.0	17.541	/Users/mary/Desktop/listens_20180309/completed_listens/file5e575bf19156.wav	file5e575bf19156.wav	17.541	2838.4	5704.9	WCSP	song
6	Spectrogram 1	1	20.628	20.627721088	21.846092389	1.218	3000.0	5062.5	3937.5	26.8	39.7	61.4	20.628	/Users/mary/Desktop/listens_20180309/completed_listens/file5e575bf19156.wav	file5e575bf19156.wav	20.628	2838.4	5227.2	WCSP	song
7	Spectrogram 1	1	26.037	26.037190381	26.575304373	0.538	3656.2	6000.0	4312.5	29.3	44.6	61.1	26.037	/Users/mary/Desktop/listens_20180309/completed_listens/file5e575bf19156.wav	file5e575bf19156.wav	26.037	3428.6	6267.0	PIKA	
8	Spectrogram 1	1	27.093	27.093112175	28.098268498	1.005	3468.8	4875.0	4218.8	27.3	40.8	59.3	27.093	/Users/mary/Desktop/listens_20180309/completed_listens/file5e575bf19156.wav	file5e575bf19156.wav	27.093	3400.5	4974.2	WCSP	song
9	Spectrogram 1	1	28.636	28.636382490	28.849597467	0.213	3000.0	4500.0	3843.8	29.5	44.6	55.5	28.636	/Users/mary/Desktop/listens_20180309/completed_listens/file5e575bf19156.wav	file5e575bf19156.wav	28.636	2838.4	4693.2	GCRF	
10	Spectrogram 1	1	30.403	30.403020876	30.626388947	0.223	2718.8	4312.5	3750.0	30.1	44.2	56.4	30.403	/Users/mary/Desktop/listens_20180309/completed_listens/file5e575bf19156.wav	file5e575bf19156.wav	30.403	2557.4	4468.4	GCRF	
11	Spectrogram 1	1	38.913	38.912897295	39.572848416	0.660	3562.5	4781.2	4218.8	27.3	42.4	56.9	38.913	/Users/mary/Desktop/listens_20180309/completed_listens/file5e575bf19156.wav	file5e575bf19156.wav	38.913	3484.8	4889.9	ROWR	
12	Spectrogram 1	1	40.599	40.598661387	41.705348652	1.107	3000.0	4687.5	3562.5	28.9	46.8	62.5	40.599	/Users/mary/Desktop/listens_20180309/completed_listens/file5e575bf19156.wav	file5e575bf19156.wav	40.599	2894.6	4946.1	WCSP	song
13	Spectrogram 1	1	41.756	41.756114122	43.147088024	1.391	2906.2	5156.2	3937.5	28.6	46.6	64.2	41.756	/Users/mary/Desktop/listens_20180309/completed_listens/file5e575bf19156.wav	file5e575bf19156.wav	41.756	2754.1	5423.9	WCSP	song
14	Spectrogram 1	1	44.233	44.233469101	45.847811074	1.614	3093.8	5437.5	4500.0	30.8	52.7	67.8	44.233	/Users/mary/Desktop/listens_20180309/completed_listens/file5e575bf19156.wav	file5e575bf19156.wav	44.233	2782.2	5817.3	WCSP	song
15	Spectrogram 1	1	48.033	48.033200871	49.231265984	1.198	2906.2	5343.8	4031.2	27.8	42.3	63.1	48.033	/Users/mary/Desktop/listens_20180309/completed_listens/file5e575bf19156.wav	file5e575bf19156.wav	48.033	2754.1	5620.6	WCSP	song
16	Spectrogram 1	1	55.612	55.611539900	56.850217389	1.239	3000.0	4781.2	3843.8	27.9	44.3	62.0	55.612	/Users/mary/Desktop/listens_20180309/completed_listens/file5e575bf19156.wav	file5e575bf19156.wav	55.612	2866.5	4946.1	WCSP	song-crappy
17	Spectrogram 1	1	58.749	58.748845999	60.363187972	1.614	3093.8	5437.5	4312.5	28.2	49.0	64.6	58.749	/Users/mary/Desktop/listens_20180309/completed_listens/file5e575bf19156.wav	file5e575bf19156.wav	58.749	2950.8	5704.9	WCSP	song
18	Spectrogram 1	1	64.491	64.490905221	64.683814011	0.193	1968.8	4406.2	3000.0	29.4	41.0	56.4	64.491	/Users/mary/Desktop/listens_20180309/completed_listens/file5e575bf19156.wav	file5e575bf19156.wav	64.491	1911.0	4552.7	GCRF	
19	Spectrogram 1	1	62.734	62.734419929	64.348761903	1.614	2718.8	5156.2	3750.0	29.4	47.3	66.0	62.734	/Users/mary/Desktop/listens_20180309/completed_listens/file5e575bf19156.wav	file5e575bf19156.wav	62.734	2557.4	5423.9	WCSP	song
20	Spectrogram 1	1	67.137	67.137069608	67.421356245	0.284	2718.8	4406.2	3562.5	27.8	37.3	55.1	67.137	/Users/mary/Desktop/listens_20180309/completed_listens/file5e575bf19156.wav	file5e575bf19156.wav	67.137	2669.8	4524.6	GCRF	
21	Spectrogram 1	1	68.041	68.040694990	69.482434362	1.442	2718.8	5250.0	3750.0	27.6	42.7	63.8	68.041	/Users/mary/Desktop/listens_20180309/completed_listens/file5e575bf19156.wav	file5e575bf19156.wav	68.041	2613.6	5452.0	WCSP	song
22	Spectrogram 1	1	71.680	71.679769066	72.887987273	1.208	2625.0	4781.2	3562.5	28.3	44.0	62.8	71.680	/Users/mary/Desktop/listens_20180309/completed_listens/file5e575bf19156.wav	file5e575bf19156.wav	71.680	2613.6	4889.9	WCSP	song
23	Spectrogram 1	1	72.918	72.918446555	74.538385905	1.620	2906.2	4968.8	3843.8	27.7	40.6	63.5	72.918	/Users/mary/Desktop/listens_20180309/completed_listens/file5e575bf19156.wav	file5e575bf19156.wav	72.918	2782.2	5114.8	WCSP	song
24	Spectrogram 1	1	76.074	76.074177523	76.561526043	0.487	3656.2	4687.5	4125.0	28.2	40.2	55.7	76.074	/Users/mary/Desktop/listens_20180309/completed_listens/file5e575bf19156.wav	file5e575bf19156.wav	76.074	3569.1	4721.3	ROWR	
25	Spectrogram 1	1	77.008	77.008262187	79.617607389	2.609	2718.8	4968.8	3937.5	29.5	50.1	67.8	77.008	/Users/mary/Desktop/listens_20180309/completed_listens/file5e575bf19156.wav	file5e575bf19156.wav	77.008	2585.5	5171.0	WCSP	song
26	Spectrogram 1	1	82.485	82.484942895	82.799688814	0.315	3375.0	4687.5	4125.0	28.7	40.7	55.7	82.485	/Users/mary/Desktop/listens_20180309/completed_listens/file5e575bf19156.wav	file5e575bf19156.wav	82.485	3203.7	4833.7	GCRF	
27	Spectrogram 1	1	90.444	90.444303805	90.870733760	0.426	1968.8	4781.2	3750.0	31.7	49.2	63.3	90.444	/Users/mary/Desktop/listens_20180309/completed_listens/file5e575bf19156.wav	file5e575bf19156.wav	90.444	1826.7	5227.2	GCRF	
28	Spectrogram 1	1	88.901	88.901033491	89.236085598	0.335	1968.8	4687.5	3468.8	31.5	46.3	61.7	88.901	/Users/mary/Desktop/listens_20180309/completed_listens/file5e575bf19156.wav	file5e575bf19156.wav	88.901	1826.7	4918.0	GCRF	
29	Spectrogram 1	1	87.480	87.479600306	87.824805508	0.345	3000.0	4687.5	4031.2	31.6	48.1	60.3	87.480	/Users/mary/Desktop/listens_20180309/completed_listens/file5e575bf19156.wav	file5e575bf19156.wav	87.480	2782.2	4918.0	GCRF	
30	Spectrogram 1	1	83.593	83.593025281	86.385126178	2.792	2718.8	5250.0	3937.5	29.3	46.3	68.4	83.593	/Users/mary/Desktop/listens_20180309/completed_listens/file5e575bf19156.wav	file5e575bf19156.wav	83.593	2585.5	5452.0	WCSP	song-cs
32	Spectrogram 1	1	86.588	86.588188061	91.857643937	5.269	3093.8	6562.5	4500.0	28.9	49.2	72.1	86.588	/Users/mary/Desktop/listens_20180309/completed_listens/file5e575bf19156.wav	file5e575bf19156.wav	86.588	2838.4	6857.1	AMPI	
33	Spectrogram 1	1	90.771	90.771262860	91.167233533	0.396	4312.5	4687.5	4500.0	35.5	48.7	60.7	90.771	/Users/mary/Desktop/listens_20180309/completed_listens/file5e575bf19156.wav	file5e575bf19156.wav	90.771	4159.3	4974.2	WCSP	song
34	Spectrogram 1	1	91.904	91.904342389	92.137863555	0.234	2812.5	4593.8	3843.8	30.6	46.9	57.5	91.904	/Users/mary/Desktop/listens_20180309/completed_listens/file5e575bf19156.wav	file5e575bf19156.wav	91.904	2557.4	4749.4	GCRF	
35	Spectrogram 1	1	93.245	93.244550819	93.691286963	0.447	1968.8	4406.2	3281.2	29.7	43.1	60.9	93.245	/Users/mary/Desktop/listens_20180309/completed_listens/file5e575bf19156.wav	file5e575bf19156.wav	93.245	1798.6	4749.4	GCRF	
36	Spectrogram 1	1	94.595	94.594912344	94.869045887	0.274	1875.0	4781.2	3656.2	34.1	53.3	64.4	94.595	/Users/mary/Desktop/listens_20180309/completed_listens/file5e575bf19156.wav	file5e575bf19156.wav	94.595	1601.9	5620.6	GCRF	
37	Spectrogram 1	1	96.466	96.465968289	96.882245150	0.416	3187.5	4500.0	3843.8	27.9	39.3	56.1	96.466	/Users/mary/Desktop/listens_20180309/completed_listens/file5e575bf19156.wav	file5e575bf19156.wav	96.466	3091.3	4637.0	GCRF	
38	Spectrogram 1	1	98.221	98.221076488	99.175467340	0.954	3375.0	4968.8	4406.2	28.2	43.8	60.7	98.221	/Users/mary/Desktop/listens_20180309/completed_listens/file5e575bf19156.wav	file5e575bf19156.wav	98.221	3203.7	5086.7	WCSP	song
39	Spectrogram 1	1	99.399	99.398835412	99.987714874	0.589	3093.8	4500.0	3750.0	28.0	39.6	57.7	99.399	/Users/mary/Desktop/listens_20180309/completed_listens/file5e575bf19156.wav	file5e575bf19156.wav	99.399	3091.3	4637.0	GCRF	
40	Spectrogram 1	1	101.132	101.131983849	101.375658109	0.244	1968.8	4500.0	3750.0	34.6	53.3	63.7	101.132	/Users/mary/Desktop/listens_20180309/completed_listens/file5e575bf19156.wav	file5e575bf19156.wav	101.132	1742.4	5086.7	GCRF	
41	Spectrogram 1	1	101.924	101.923925195	102.137140172	0.213	2062.5	4781.2	3750.0	35.3	51.8	63.8	101.924	/Users/mary/Desktop/listens_20180309/completed_listens/file5e575bf19156.wav	file5e575bf19156.wav	101.924	1882.9	5255.3	GCRF	
42	Spectrogram 1	1	102.848	102.847856764	103.101684119	0.254	1875.0	4406.2	3843.8	44.9	66.2	75.8	102.848	/Users/mary/Desktop/listens_20180309/completed_listens/file5e575bf19156.wav	file5e575bf19156.wav	102.848	1377.0	6182.7	GCRF	
43	Spectrogram 1	1	104.259	104.259136854	104.533270397	0.274	1968.8	4687.5	3843.8	38.2	59.9	69.2	104.259	/Users/mary/Desktop/listens_20180309/completed_listens/file5e575bf19156.wav	file5e575bf19156.wav	104.259	1658.1	6267.0	GCRF	
44	Spectrogram 1	1	105.904	105.903938110	106.096846899	0.193	2718.8	4593.8	3656.2	31.1	46.9	57.8	105.904	/Users/mary/Desktop/listens_20180309/completed_listens/file5e575bf19156.wav	file5e575bf19156.wav	105.904	2501.2	4861.8	GCRF	
45	Spectrogram 1	1	108.931	108.930949638	109.164470804	0.234	2812.5	4218.8	3562.5	30.0	43.9	55.8	108.931	/Users/mary/Desktop/listens_20180309/completed_listens/file5e575bf19156.wav	file5e575bf19156.wav	108.931	2669.8	4243.6	GCRF	
46	Spectrogram 1	1	106.854	106.854497949	107.423071223	0.569	3281.2	4218.8	3937.5	29.6	42.3	57.6	106.854	/Users/mary/Desktop/listens_20180309/completed_listens/file5e575bf19156.wav	file5e575bf19156.wav	106.854	3203.7	4384.1	WCSP	song
47	Spectrogram 1	1	108.612	108.612114406	108.805023196	0.193	4968.8	5718.8	5437.5	28.9	42.8	51.0	108.612	/Users/mary/Desktop/listens_20180309/completed_listens/file5e575bf19156.wav	file5e575bf19156.wav	108.612	4889.9	5761.1	WCSP	call
48	Spectrogram 1	1	109.841	109.840638801	110.368599698	0.528	4218.8	4968.8	4500.0	29.3	39.9	55.8	109.841	/Users/mary/Desktop/listens_20180309/completed_listens/file5e575bf19156.wav	file5e575bf19156.wav	109.841	4131.1	4974.2	WCSP	song
49	Spectrogram 1	1	112.347	112.347260288	112.489403607	0.142	4968.8	5531.2	5343.8	29.1	42.4	48.7	112.347	/Users/mary/Desktop/listens_20180309/completed_listens/file5e575bf19156.wav	file5e575bf19156.wav	112.347	4946.1	5620.6	WCSP	call
50	Spectrogram 1	1	113.734	113.734301906	114.069354014	0.335	3562.5	7500.0	5156.2	29.6	44.3	61.4	113.734	/Users/mary/Desktop/listens_20180309/completed_listens/file5e575bf19156.wav	file5e575bf19156.wav	113.734	3344.3	7784.5	PIKA	
51	Spectrogram 1	1	116.438	116.438206234	118.225150808	1.787	2906.2	4875.0	3750.0	30.0	46.0	66.2	116.438	/Users/mary/Desktop/listens_20180309/completed_listens/file5e575bf19156.wav	file5e575bf19156.wav	116.438	2754.1	5114.8	WCSP	song
52	Spectrogram 1	1	118.482	118.481836880	120.654599033	2.173	4968.8	6093.8	5531.2	26.8	43.2	61.0	118.482	/Users/mary/Desktop/listens_20180309/completed_listens/file5e575bf19156.wav	file5e575bf19156.wav	118.482	4889.9	6154.6	WCSP	call
53	Spectrogram 1	1	123.233	123.233484953	124.898592397	1.665	3187.5	5531.2	4218.8	29.3	45.3	66.0	123.233	/Users/mary/Desktop/listens_20180309/completed_listens/file5e575bf19156.wav	file5e575bf19156.wav	123.233	3035.1	5845.4	WCSP	song
54	Spectrogram 1	1	125.736	125.736267168	125.888563581	0.152	4968.8	5531.2	5250.0	27.4	40.2	47.4	125.736	/Users/mary/Desktop/listens_20180309/completed_listens/file5e575bf19156.wav	file5e575bf19156.wav	125.736	4889.9	5620.6	WCSP	call
55	Spectrogram 1	1	126.427	126.426677572	126.589127078	0.162	4875.0	5906.2	5343.8	28.1	39.0	50.7	126.427	/Users/mary/Desktop/listens_20180309/completed_listens/file5e575bf19156.wav	file5e575bf19156.wav	126.427	4861.8	5929.7	WCSP	call
56	Spectrogram 1	1	130.466	130.466096372	131.785998614	1.320	4875.0	6093.8	5437.5	27.4	44.0	59.8	130.466	/Users/mary/Desktop/listens_20180309/completed_listens/file5e575bf19156.wav	file5e575bf19156.wav	130.466	4861.8	6182.7	WCSP	call
57	Spectrogram 1	1	131.837	131.836764085	133.761480580	1.925	3000.0	5625.0	4312.5	28.0	46.4	65.5	131.837	/Users/mary/Desktop/listens_20180309/completed_listens/file5e575bf19156.wav	file5e575bf19156.wav	131.837	2838.4	5733.0	WCSP	song-cs
58	Spectrogram 1	1	133.784	133.783936585	135.611493536	1.828	4687.5	6000.0	5437.5	27.0	43.1	61.1	133.784	/Users/mary/Desktop/listens_20180309/completed_listens/file5e575bf19156.wav	file5e575bf19156.wav	133.784	4637.0	6042.2	WCSP	call
59	Spectrogram 1	1	138.513	138.513194649	138.685797250	0.173	5062.5	5625.0	5343.8	28.9	41.5	49.4	138.513	/Users/mary/Desktop/listens_20180309/completed_listens/file5e575bf19156.wav	file5e575bf19156.wav	138.513	5030.4	5704.9	WCSP	*call
60	Spectrogram 1	1	141.600	141.599735277	142.929790614	1.330	4781.2	5718.8	5250.0	27.2	41.1	58.5	141.600	/Users/mary/Desktop/listens_20180309/completed_listens/file5e575bf19156.wav	file5e575bf19156.wav	141.600	4721.3	5761.1	WCSP	*call
61	Spectrogram 1	1	144.057	144.056784067	144.219233573	0.162	5156.2	5906.2	5531.2	28.9	41.9	50.8	144.057	/Users/mary/Desktop/listens_20180309/completed_listens/file5e575bf19156.wav	file5e575bf19156.wav	144.057	5058.5	5929.7	WCSP	*call
62	Spectrogram 1	1	145.217	145.217464160	145.390066761	0.173	5062.5	5812.5	5343.8	28.2	41.5	49.8	145.217	/Users/mary/Desktop/listens_20180309/completed_listens/file5e575bf19156.wav	file5e575bf19156.wav	145.217	5058.5	5817.3	WCSP	*call
63	Spectrogram 1	1	149.277	149.277462975	149.521137236	0.244	3000.0	4218.8	3656.2	28.1	39.1	53.5	149.277	/Users/mary/Desktop/listens_20180309/completed_listens/file5e575bf19156.wav	file5e575bf19156.wav	149.277	2922.7	4356.0	GCRF	
64	Spectrogram 1	1	147.206	147.206231764	149.104860374	1.899	4687.5	5906.2	5250.0	27.1	41.9	61.0	147.206	/Users/mary/Desktop/listens_20180309/completed_listens/file5e575bf19156.wav	file5e575bf19156.wav	147.206	4637.0	5957.8	WCSP	*call
65	Spectrogram 1	1	153.587	153.586942994	155.160672591	1.574	2812.5	5437.5	3937.5	27.5	44.9	64.1	153.587	/Users/mary/Desktop/listens_20180309/completed_listens/file5e575bf19156.wav	file5e575bf19156.wav	153.587	2697.9	5564.4	WCSP	song
66	Spectrogram 1	1	171.046	171.045694981	174.599277942	3.554	3187.5	4125.0	3656.2	27.9	40.6	63.5	171.046	/Users/mary/Desktop/listens_20180309/completed_listens/file5e575bf19156.wav	file5e575bf19156.wav	171.046	3119.4	4159.3	AMPI	
67	Spectrogram 1	1	179.010	179.010410226	179.365768522	0.355	3468.8	4781.2	4031.2	28.8	40.4	56.3	179.010	/Users/mary/Desktop/listens_20180309/completed_listens/file5e575bf19156.wav	file5e575bf19156.wav	179.010	3344.3	4889.9	GCRF	
68	Spectrogram 1	1	180.132	180.132136757	180.700710030	0.569	1875.0	2812.5	2343.8	31.1	42.7	59.2	180.132	/Users/mary/Desktop/listens_20180309/completed_listens/file5e575bf19156.wav	file5e575bf19156.wav	180.132	1826.7	2950.8	CLNU	
69	Spectrogram 1	1	183.422	183.421739269	187.411905278	3.990	3375.0	4312.5	3750.0	29.3	45.7	65.5	183.422	/Users/mary/Desktop/listens_20180309/completed_listens/file5e575bf19156.wav	file5e575bf19156.wav	183.422	3288.1	4327.9	AMPI	
70	Spectrogram 1	1	183.945	183.945052288	184.483166279	0.538	2062.5	2812.5	2343.8	31.8	42.8	58.4	183.945	/Users/mary/Desktop/listens_20180309/completed_listens/file5e575bf19156.wav	file5e575bf19156.wav	183.945	2051.5	2838.4	CLNU	
71	Spectrogram 1	1	187.647	187.647000229	187.860215206	0.213	1968.8	4500.0	4031.2	36.3	55.6	64.5	187.647	/Users/mary/Desktop/listens_20180309/completed_listens/file5e575bf19156.wav	file5e575bf19156.wav	187.647	1770.5	4805.6	GCRF	
72	Spectrogram 1	1	186.139	186.139208367	187.956612224	1.817	5062.5	6187.5	5718.8	28.3	46.0	61.8	186.139	/Users/mary/Desktop/listens_20180309/completed_listens/file5e575bf19156.wav	file5e575bf19156.wav	186.139	5030.4	6238.9	DEJU	
73	Spectrogram 1	1	189.264	189.263571458	189.486939530	0.223	3093.8	4218.8	3750.0	29.5	41.2	54.2	189.264	/Users/mary/Desktop/listens_20180309/completed_listens/file5e575bf19156.wav	file5e575bf19156.wav	189.264	3091.3	4384.1	GCRF	
74	Spectrogram 1	1	190.411	190.410871099	190.624086077	0.213	3093.8	4312.5	3843.8	31.5	48.2	57.1	190.411	/Users/mary/Desktop/listens_20180309/completed_listens/file5e575bf19156.wav	file5e575bf19156.wav	190.411	2838.4	4524.6	GCRF	
75	Spectrogram 1	1	191.822	191.822151189	192.045519261	0.223	2906.2	4406.2	3656.2	31.9	48.8	58.1	191.822	/Users/mary/Desktop/listens_20180309/completed_listens/file5e575bf19156.wav	file5e575bf19156.wav	191.822	2810.3	4608.9	GCRF	
76	Spectrogram 1	1	191.388	191.387618252	192.199865786	0.812	1593.8	2718.8	2156.2	32.1	43.2	62.3	191.388	/Users/mary/Desktop/listens_20180309/completed_listens/file5e575bf19156.wav	file5e575bf19156.wav	191.388	1545.7	2866.5	CLNU	
77	Spectrogram 1	1	194.918	194.917956518	195.131171495	0.213	3093.8	4875.0	3843.8	32.2	48.4	59.0	194.918	/Users/mary/Desktop/listens_20180309/completed_listens/file5e575bf19156.wav	file5e575bf19156.wav	194.918	2950.8	5171.0	GCRF	
78	Spectrogram 1	1	196.664	196.664288715	196.877503693	0.213	2625.0	4031.2	3375.0	30.4	44.7	56.2	196.664	/Users/mary/Desktop/listens_20180309/completed_listens/file5e575bf19156.wav	file5e575bf19156.wav	196.664	2529.3	4243.6	GCRF	
79	Spectrogram 1	1	200.966	200.966218711	205.027456380	4.061	3375.0	4125.0	3750.0	31.1	51.3	66.5	200.966	/Users/mary/Desktop/listens_20180309/completed_listens/file5e575bf19156.wav	file5e575bf19156.wav	200.966	3316.2	4215.5	AMPI	
80	Spectrogram 1	1	202.753	202.753163285	202.966378263	0.213	3093.8	4593.8	3937.5	33.7	51.3	60.5	202.753	/Users/mary/Desktop/listens_20180309/completed_listens/file5e575bf19156.wav	file5e575bf19156.wav	202.753	2810.3	4974.2	GCRF	
81	Spectrogram 1	1	205.512	205.511608095	206.902581996	1.391	3093.8	5343.8	4031.2	27.6	41.2	63.1	205.512	/Users/mary/Desktop/listens_20180309/completed_listens/file5e575bf19156.wav	file5e575bf19156.wav	205.512	2950.8	5480.1	WCSP	song
82	Spectrogram 1	1	208.298	208.297886522	208.541560782	0.244	3000.0	4968.8	3843.8	30.5	46.6	58.1	208.298	/Users/mary/Desktop/listens_20180309/completed_listens/file5e575bf19156.wav	file5e575bf19156.wav	208.298	2894.6	5171.0	GCRF	
83	Spectrogram 1	1	208.674	208.673551006	209.394420692	0.721	1593.8	2531.2	2156.2	32.7	45.4	61.8	208.674	/Users/mary/Desktop/listens_20180309/completed_listens/file5e575bf19156.wav	file5e575bf19156.wav	208.674	1517.6	2641.7	CLNU	
84	Spectrogram 1	1	212.470	212.469753693	213.109398626	0.640	1781.2	2531.2	2156.2	32.7	42.9	60.5	212.470	/Users/mary/Desktop/listens_20180309/completed_listens/file5e575bf19156.wav	file5e575bf19156.wav	212.470	1770.5	2697.9	CLNU	
85	Spectrogram 1	1	211.647	211.647353065	212.144854679	0.498	3000.0	4218.8	3656.2	28.8	40.2	57.3	211.647	/Users/mary/Desktop/listens_20180309/completed_listens/file5e575bf19156.wav	file5e575bf19156.wav	211.647	2922.7	4384.1	GCRF	
86	Spectrogram 1	1	215.325	215.324925146	219.386162815	4.061	3000.0	4125.0	3656.2	29.1	45.2	66.4	215.325	/Users/mary/Desktop/listens_20180309/completed_listens/file5e575bf19156.wav	file5e575bf19156.wav	215.325	2950.8	4243.6	AMPI	
87	Spectrogram 1	1	218.219	218.218556985	219.619683981	1.401	4312.5	5343.8	4781.2	27.7	41.0	59.7	218.219	/Users/mary/Desktop/listens_20180309/completed_listens/file5e575bf19156.wav	file5e575bf19156.wav	218.219	4271.7	5367.7	WCSP	song
88	Spectrogram 1	1	232.888	232.888287474	237.375955098	4.488	3375.0	4312.5	3750.0	29.2	43.6	65.8	232.888	/Users/mary/Desktop/listens_20180309/completed_listens/file5e575bf19156.wav	file5e575bf19156.wav	232.888	3372.4	4327.9	AMPI	
89	Spectrogram 1	1	253.788	253.788218906	254.844140700	1.056	4500.0	6187.5	5343.8	26.9	40.9	59.9	253.788	/Users/mary/Desktop/listens_20180309/completed_listens/file5e575bf19156.wav	file5e575bf19156.wav	253.788	4468.4	6351.3	AMPI	
90	Spectrogram 1	1	259.535	259.534578200	259.798558648	0.264	2812.5	4781.2	3562.5	29.5	44.2	57.2	259.535	/Users/mary/Desktop/listens_20180309/completed_listens/file5e575bf19156.wav	file5e575bf19156.wav	259.535	2641.7	4946.1	GCRF	
91	Spectrogram 1	1	270.703	270.702517833	272.134104111	1.432	2812.5	4687.5	3656.2	27.4	40.0	62.1	270.703	/Users/mary/Desktop/listens_20180309/completed_listens/file5e575bf19156.wav	file5e575bf19156.wav	270.703	2810.3	4861.8	WCSP	song-very faint
92	Spectrogram 1	1	275.174	275.173500513	275.620236656	0.447	2250.0	3843.8	3093.8	30.8	47.9	60.2	275.174	/Users/mary/Desktop/listens_20180309/completed_listens/file5e575bf19156.wav	file5e575bf19156.wav	275.174	2107.7	4103.0	GCRF	
93	Spectrogram 1	1	279.428	279.428209649	279.763261757	0.335	3843.8	4406.2	4125.0	28.8	37.9	52.3	279.428	/Users/mary/Desktop/listens_20180309/completed_listens/file5e575bf19156.wav	file5e575bf19156.wav	279.428	3822.0	4496.5	WCSP	song first note
94	Spectrogram 1	1	279.773	279.773414851	281.824339874	2.051	3093.8	4031.2	3562.5	29.3	45.2	63.0	279.773	/Users/mary/Desktop/listens_20180309/completed_listens/file5e575bf19156.wav	file5e575bf19156.wav	279.773	3035.1	4159.3	AMPI	
95	Spectrogram 1	1	287.258	287.257839615	287.714892598	0.457	3093.8	4687.5	3656.2	28.6	41.7	57.9	287.258	/Users/mary/Desktop/listens_20180309/completed_listens/file5e575bf19156.wav	file5e575bf19156.wav	287.258	2978.9	4861.8	WCSP	partial song
96	Spectrogram 1	1	285.380	285.379680938	285.917794929	0.538	468.8	7218.8	1593.8	31.8	50.5	68.1	285.380	/Users/mary/Desktop/listens_20180309/completed_listens/file5e575bf19156.wav	file5e575bf19156.wav	285.380	449.6	8402.8	geophony	water
97	Spectrogram 1	1	293.564	293.563960079	294.061461694	0.498	2812.5	4500.0	3468.8	29.1	41.3	58.8	293.564	/Users/mary/Desktop/listens_20180309/completed_listens/file5e575bf19156.wav	file5e575bf19156.wav	293.564	2782.2	4637.0	WCSP	partial song
98	Spectrogram 1	1	296.700	296.699772246	298.273501843	1.574	2718.8	4968.8	3750.0	28.8	43.8	64.8	296.700	/Users/mary/Desktop/listens_20180309/completed_listens/file5e575bf19156.wav	file5e575bf19156.wav	296.700	2585.5	5114.8	WCSP	song
99	Spectrogram 1	1	300.766	300.766195225	302.228240786	1.462	2812.5	4781.2	3750.0	28.1	42.7	63.3	300.766	/Users/mary/Desktop/listens_20180309/completed_listens/file5e575bf19156.wav	file5e575bf19156.wav	300.766	2669.8	4918.0	WCSP	song
100	Spectrogram 1	1	305.701	305.700598993	307.040807423	1.340	2812.5	4875.0	3750.0	28.4	42.1	63.4	305.701	/Users/mary/Desktop/listens_20180309/completed_listens/file5e575bf19156.wav	file5e575bf19156.wav	305.701	2669.8	5002.3	WCSP	song
101	Spectrogram 1	1	309.185	309.184850217	309.580820890	0.396	3187.5	4406.2	3375.0	30.6	47.0	58.3	309.185	/Users/mary/Desktop/listens_20180309/completed_listens/file5e575bf19156.wav	file5e575bf19156.wav	309.185	3091.3	4552.7	WCSP	partial song
102	Spectrogram 1	1	313.358	313.357771922	315.611758828	2.254	2718.8	5250.0	3843.8	29.3	47.1	67.5	313.358	/Users/mary/Desktop/listens_20180309/completed_listens/file5e575bf19156.wav	file5e575bf19156.wav	313.358	2585.5	5480.1	WCSP	song-cs
103	Spectrogram 1	1	317.967	317.966981480	319.753926055	1.787	3093.8	5250.0	4125.0	28.4	45.1	64.8	317.967	/Users/mary/Desktop/listens_20180309/completed_listens/file5e575bf19156.wav	file5e575bf19156.wav	317.967	2950.8	5423.9	WCSP	song
104	Spectrogram 1	1	324.419	324.419179089	326.013214874	1.594	2812.5	5250.0	3843.8	28.3	44.7	64.8	324.419	/Users/mary/Desktop/listens_20180309/completed_listens/file5e575bf19156.wav	file5e575bf19156.wav	324.419	2669.8	5508.2	WCSP	song
105	Spectrogram 1	1	329.222	329.221592632	330.856240794	1.635	2906.2	5250.0	3843.8	28.0	46.2	64.5	329.222	/Users/mary/Desktop/listens_20180309/completed_listens/file5e575bf19156.wav	file5e575bf19156.wav	329.222	2810.3	5508.2	WCSP	song
106	Spectrogram 1	1	333.418	333.418195841	334.697485707	1.279	3093.8	4687.5	3843.8	28.8	45.2	62.3	333.418	/Users/mary/Desktop/listens_20180309/completed_listens/file5e575bf19156.wav	file5e575bf19156.wav	333.418	3035.1	4861.8	WCSP	song
107	Spectrogram 1	1	335.837	335.837171065	338.837171065	3.000	1593.8	10875.0	5812.5	28.2	43.5	72.8	335.837	/Users/mary/Desktop/listens_20180309/completed_listens/file5e575bf19156.wav	file5e575bf19156.wav	335.837	1413.0	11220.0	background	
108	Spectrogram 1	1	341.913	341.913215490	342.329492351	0.416	3000.0	4500.0	3656.2	29.4	43.1	57.9	341.913	/Users/mary/Desktop/listens_20180309/completed_listens/file5e575bf19156.wav	file5e575bf19156.wav	341.913	2950.8	4637.0	WCSP	partial song
109	Spectrogram 1	1	345.218	345.218248566	346.517844620	1.300	3093.8	4687.5	3843.8	28.5	43.5	62.1	345.218	/Users/mary/Desktop/listens_20180309/completed_listens/file5e575bf19156.wav	file5e575bf19156.wav	345.218	3035.1	4805.6	WCSP	song
110	Spectrogram 1	1	349.496	349.496414616	350.501570939	1.005	3187.5	4687.5	4031.2	28.3	42.1	60.6	349.496	/Users/mary/Desktop/listens_20180309/completed_listens/file5e575bf19156.wav	file5e575bf19156.wav	349.496	3119.4	4833.7	WCSP	song
112	Spectrogram 1	1	354.068	354.068339517	362.363417456	8.295	3000.0	7125.0	5250.0	32.8	57.5	79.3	354.068	/Users/mary/Desktop/listens_20180309/completed_listens/file5e575bf19156.wav	file5e575bf19156.wav	354.068	2445.0	7953.2	AMPI	
113	Spectrogram 1	1	358.712	358.711570557	359.249684549	0.538	4125.0	4875.0	4500.0	29.3	42.0	55.9	358.712	/Users/mary/Desktop/listens_20180309/completed_listens/file5e575bf19156.wav	file5e575bf19156.wav	358.712	4103.0	4918.0	WCSP	song first note
114	Spectrogram 1	1	354.285	354.284821498	354.792476207	0.508	4218.8	4781.2	4500.0	29.4	41.5	54.6	354.285	/Users/mary/Desktop/listens_20180309/completed_listens/file5e575bf19156.wav	file5e575bf19156.wav	354.285	4131.1	4805.6	WCSP	song first note
115	Spectrogram 1	1	362.919	362.919402228	365.254613887	2.335	3000.0	5343.8	3937.5	28.1	42.0	66.0	362.919	/Users/mary/Desktop/listens_20180309/completed_listens/file5e575bf19156.wav	file5e575bf19156.wav	362.919	2838.4	5508.2	WCSP	song crappy
116	Spectrogram 1	1	369.712	369.712129261	371.052337691	1.340	3000.0	5531.2	4312.5	28.4	44.8	64.3	369.712	/Users/mary/Desktop/listens_20180309/completed_listens/file5e575bf19156.wav	file5e575bf19156.wav	369.712	2894.6	5733.0	WCSP	song
117	Spectrogram 1	1	373.361	373.360686066	374.477526425	1.117	3281.2	4687.5	3937.5	28.4	42.2	60.9	373.361	/Users/mary/Desktop/listens_20180309/completed_listens/file5e575bf19156.wav	file5e575bf19156.wav	373.361	3203.7	4805.6	WCSP	song
118	Spectrogram 1	1	376.803	376.802584990	378.477845528	1.675	2906.2	5437.5	4406.2	30.6	50.3	67.6	376.803	/Users/mary/Desktop/listens_20180309/completed_listens/file5e575bf19156.wav	file5e575bf19156.wav	376.803	2726.0	5789.2	WCSP	song
119	Spectrogram 1	1	379.655	379.654669978	381.451767647	1.797	2812.5	5906.2	4875.0	34.0	55.6	72.3	379.655	/Users/mary/Desktop/listens_20180309/completed_listens/file5e575bf19156.wav	file5e575bf19156.wav	379.655	2473.1	6238.9	AMPI	
120	Spectrogram 1	1	378.619	378.619054373	379.421148812	0.802	2718.8	5437.5	3562.5	31.3	54.8	65.5	378.619	/Users/mary/Desktop/listens_20180309/completed_listens/file5e575bf19156.wav	file5e575bf19156.wav	378.619	2501.2	5789.2	AMPI	
121	Spectrogram 1	1	384.213	384.213409262	385.675454822	1.462	2906.2	4593.8	3656.2	28.5	41.5	62.9	384.213	/Users/mary/Desktop/listens_20180309/completed_listens/file5e575bf19156.wav	file5e575bf19156.wav	384.213	2866.5	4777.5	WCSP	song
122	Spectrogram 1	1	386.000	386.000353836	387.462399397	1.462	3000.0	4968.8	4031.2	28.6	42.6	63.8	386.000	/Users/mary/Desktop/listens_20180309/completed_listens/file5e575bf19156.wav	file5e575bf19156.wav	386.000	2894.6	5086.7	WCSP	song
123	Spectrogram 1	1	393.372	393.371571028	396.163671925	2.792	2906.2	6281.2	5343.8	35.2	59.1	76.4	393.372	/Users/mary/Desktop/listens_20180309/completed_listens/file5e575bf19156.wav	file5e575bf19156.wav	393.372	2416.9	7138.2	AMPI	
124	Spectrogram 1	1	393.554	393.554326723	394.691473270	1.137	4218.8	5437.5	5156.2	34.0	56.8	66.6	393.554	/Users/mary/Desktop/listens_20180309/completed_listens/file5e575bf19156.wav	file5e575bf19156.wav	393.554	3850.1	5480.1	WCSP	song
125	Spectrogram 1	1	405.613	405.613368625	409.979199119	4.366	3000.0	5250.0	3937.5	34.5	58.5	76.0	405.613	/Users/mary/Desktop/listens_20180309/completed_listens/file5e575bf19156.wav	file5e575bf19156.wav	405.613	2613.6	5761.1	AMPI	
126	Spectrogram 1	1	420.587	420.587018920	424.303051387	3.716	3000.0	6468.8	5343.8	36.5	63.2	79.4	420.587	/Users/mary/Desktop/listens_20180309/completed_listens/file5e575bf19156.wav	file5e575bf19156.wav	420.587	2557.4	7728.3	AMPI	
127	Spectrogram 1	1	431.958	431.958017784	432.313376081	0.355	3093.8	4593.8	3750.0	28.6	40.6	56.4	431.958	/Users/mary/Desktop/listens_20180309/completed_listens/file5e575bf19156.wav	file5e575bf19156.wav	431.958	3007.0	4721.3	WCSP	partial song
128	Spectrogram 1	1	434.933	434.932874377	436.110633301	1.178	3562.5	5812.5	4406.2	28.3	48.0	63.2	434.933	/Users/mary/Desktop/listens_20180309/completed_listens/file5e575bf19156.wav	file5e575bf19156.wav	434.933	3400.5	6070.3	WCSP	song
129	Spectrogram 1	1	445.583	445.582719557	446.811243952	1.229	3093.8	5062.5	4031.2	27.8	40.3	62.1	445.583	/Users/mary/Desktop/listens_20180309/completed_listens/file5e575bf19156.wav	file5e575bf19156.wav	445.583	3046.8	5211.6	WCSP	song
130	Spectrogram 1	1	436.922	436.922130228	442.892149601	5.970	3093.8	6656.2	5343.8	35.4	64.3	80.2	436.922	/Users/mary/Desktop/listens_20180309/completed_listens/file5e575bf19156.wav	file5e575bf19156.wav	436.922	2645.9	7723.8	AMPI	
131	Spectrogram 1	1	439.095	439.094892381	439.805608973	0.711	3750.0	4312.5	4031.2	31.1	43.9	57.8	439.095	/Users/mary/Desktop/listens_20180309/completed_listens/file5e575bf19156.wav	file5e575bf19156.wav	439.095	3661.5	4329.6	WCSP	song first note
132	Spectrogram 1	1	449.776	449.776006208	450.131364504	0.355	2156.2	4968.8	3468.8	29.9	43.4	60.5	449.776	/Users/mary/Desktop/listens_20180309/completed_listens/file5e575bf19156.wav	file5e575bf19156.wav	449.776	2031.2	5318.5	PIKA	song
133	Spectrogram 1	1	447.969	447.968755445	449.684628360	1.716	2812.5	4875.0	3750.0	28.7	43.5	64.7	447.969	/Users/mary/Desktop/listens_20180309/completed_listens/file5e575bf19156.wav	file5e575bf19156.wav	447.969	2645.9	4971.0	WCSP	song
134	Spectrogram 1	1	451.096	451.096049343	452.436257774	1.340	3000.0	4593.8	3843.8	28.6	41.9	62.6	451.096	/Users/mary/Desktop/listens_20180309/completed_listens/file5e575bf19156.wav	file5e575bf19156.wav	451.096	2886.4	4703.8	WCSP	song crappy
135	Spectrogram 1	1	456.400	456.399677904	463.811436650	7.412	3656.2	5250.0	3937.5	37.6	60.9	81.2	456.400	/Users/mary/Desktop/listens_20180309/completed_listens/file5e575bf19156.wav	file5e575bf19156.wav	456.400	3046.8	6147.0	AMPI	
136	Spectrogram 1	1	456.999	456.998710460	457.486058981	0.487	4031.2	4312.5	4125.0	39.6	57.4	64.0	456.999	/Users/mary/Desktop/listens_20180309/completed_listens/file5e575bf19156.wav	file5e575bf19156.wav	456.999	3955.5	4516.7	WCSP	song first note
137	Spectrogram 1	1	458.532	458.531827680	459.039482389	0.508	3750.0	4031.2	3843.8	45.7	59.3	71.0	458.532	/Users/mary/Desktop/listens_20180309/completed_listens/file5e575bf19156.wav	file5e575bf19156.wav	458.532	3661.5	4383.1	WCSP	song first note
138	Spectrogram 1	1	460.359	460.359384632	460.836580058	0.477	4312.5	4781.2	4500.0	34.1	47.1	58.3	460.359	/Users/mary/Desktop/listens_20180309/completed_listens/file5e575bf19156.wav	file5e575bf19156.wav	460.359	4222.7	4810.7	WCSP	song first note
139	Spectrogram 1	1	465.758	465.758086263	467.281050389	1.523	2906.2	4875.0	3843.8	29.0	44.7	64.4	465.758	/Users/mary/Desktop/listens_20180309/completed_listens/file5e575bf19156.wav	file5e575bf19156.wav	465.758	2752.8	5024.5	WCSP	song
140	Spectrogram 1	1	467.159	467.159213259	468.215135053	1.056	3000.0	4687.5	3843.8	28.2	40.3	61.2	467.159	/Users/mary/Desktop/listens_20180309/completed_listens/file5e575bf19156.wav	file5e575bf19156.wav	467.159	2913.1	4784.0	WCSP	song
141	Spectrogram 1	1	469.565	469.565496578	471.332134964	1.767	2718.8	5531.2	4125.0	29.0	50.6	66.6	469.565	/Users/mary/Desktop/listens_20180309/completed_listens/file5e575bf19156.wav	file5e575bf19156.wav	469.565	2539.0	5772.8	WCSP	song
142	Spectrogram 1	1	473.972	473.971939449	475.870568059	1.899	2906.2	5437.5	4125.0	29.5	48.2	67.2	473.972	/Users/mary/Desktop/listens_20180309/completed_listens/file5e575bf19156.wav	file5e575bf19156.wav	473.972	2699.3	5719.4	WCSP	song
143	Spectrogram 1	1	476.641	476.640884574	478.539513185	1.899	2906.2	5718.8	4406.2	29.2	48.4	67.2	476.641	/Users/mary/Desktop/listens_20180309/completed_listens/file5e575bf19156.wav	file5e575bf19156.wav	476.641	2779.5	6066.8	WCSP	song
144	Spectrogram 1	1	482.364	482.364383341	482.800966391	0.437	3281.2	4687.5	3937.5	29.2	42.0	57.7	482.364	/Users/mary/Desktop/listens_20180309/completed_listens/file5e575bf19156.wav	file5e575bf19156.wav	482.364	3207.1	4837.4	WCSP	partial song
145	Spectrogram 1	1	484.528	484.528261805	485.634949070	1.107	2906.2	4593.8	3562.5	29.1	41.9	62.4	484.528	/Users/mary/Desktop/listens_20180309/completed_listens/file5e575bf19156.wav	file5e575bf19156.wav	484.528	2752.8	4730.5	WCSP	partial song
146	Spectrogram 1	1	489.852	489.852060968	492.481712359	2.630	3093.8	5250.0	4218.8	31.3	51.2	69.9	489.852	/Users/mary/Desktop/listens_20180309/completed_listens/file5e575bf19156.wav	file5e575bf19156.wav	489.852	2859.7	5532.3	WCSP	song-cs
147	Spectrogram 1	1	496.431	496.431434784	498.137154605	1.706	2718.8	5437.5	3937.5	28.6	47.2	65.8	496.431	/Users/mary/Desktop/listens_20180309/completed_listens/file5e575bf19156.wav	file5e575bf19156.wav	496.431	2619.2	5692.7	WCSP	song
148	Spectrogram 1	1	500.543	500.543437924	502.472525816	1.929	2812.5	5250.0	3937.5	28.8	47.1	66.2	500.543	/Users/mary/Desktop/listens_20180309/completed_listens/file5e575bf19156.wav	file5e575bf19156.wav	500.543	2645.9	5452.1	WCSP	song
149	Spectrogram 1	1	504.655	504.655441063	506.158099001	1.503	3000.0	5718.8	4406.2	28.6	47.1	65.3	504.655	/Users/mary/Desktop/listens_20180309/completed_listens/file5e575bf19156.wav	file5e575bf19156.wav	504.655	2859.7	5986.6	WCSP	song
150	Spectrogram 1	1	509.714	509.714212310	509.876661817	0.162	3093.8	4406.2	3656.2	30.4	42.6	54.7	509.714	/Users/mary/Desktop/listens_20180309/completed_listens/file5e575bf19156.wav	file5e575bf19156.wav	509.714	2993.3	4596.9	GCRF	
151	Spectrogram 1	1	510.151	510.150795360	510.333551055	0.183	3281.2	4312.5	3843.8	29.8	41.2	53.3	510.151	/Users/mary/Desktop/listens_20180309/completed_listens/file5e575bf19156.wav	file5e575bf19156.wav	510.151	3260.6	4409.8	GCRF	
152	Spectrogram 1	1	512.043	512.042544313	513.707651757	1.665	2812.5	5250.0	4500.0	31.5	51.8	68.6	512.043	/Users/mary/Desktop/listens_20180309/completed_listens/file5e575bf19156.wav	file5e575bf19156.wav	512.043	2592.4	5639.2	WCSP	song
153	Spectrogram 1	1	511.068	511.067847272	511.636420546	0.569	3750.0	4406.2	4125.0	30.3	42.2	56.6	511.068	/Users/mary/Desktop/listens_20180309/completed_listens/file5e575bf19156.wav	file5e575bf19156.wav	511.068	3741.6	4436.5	WCSP	song first note
154	Spectrogram 1	1	519.683	519.683370385	521.490621148	1.807	3000.0	5343.8	4125.0	29.1	44.2	66.0	519.683	/Users/mary/Desktop/listens_20180309/completed_listens/file5e575bf19156.wav	file5e575bf19156.wav	519.683	2886.4	5585.7	WCSP	song
155	Spectrogram 1	1	528.159	528.158569892	529.498778323	1.340	2906.2	5156.2	3843.8	28.3	41.6	63.6	528.159	/Users/mary/Desktop/listens_20180309/completed_listens/file5e575bf19156.wav	file5e575bf19156.wav	528.159	2806.2	5265.0	WCSP	song
156	Spectrogram 1	1	535.255	535.255180370	536.940594003	1.685	3562.5	5437.5	4500.0	28.4	45.3	64.0	535.255	/Users/mary/Desktop/listens_20180309/completed_listens/file5e575bf19156.wav	file5e575bf19156.wav	535.255	3420.9	5532.3	WCSP	song
157	Spectrogram 1	1	539.200	539.199581899	540.306269164	1.107	3187.5	5250.0	4218.8	27.9	41.4	61.9	539.200	/Users/mary/Desktop/listens_20180309/completed_listens/file5e575bf19156.wav	file5e575bf19156.wav	539.200	3100.2	5371.9	WCSP	song
158	Spectrogram 1	1	544.927	544.926581850	546.906435214	1.980	3000.0	5343.8	4031.2	30.5	50.5	68.0	544.927	/Users/mary/Desktop/listens_20180309/completed_listens/file5e575bf19156.wav	file5e575bf19156.wav	544.927	2859.7	5665.9	WCSP	song
159	Spectrogram 1	1	545.810	545.809901043	546.165259339	0.355	3656.2	4875.0	4125.0	31.9	50.5	59.2	545.810	/Users/mary/Desktop/listens_20180309/completed_listens/file5e575bf19156.wav	file5e575bf19156.wav	545.810	3527.8	4997.8	AMPI	
160	Spectrogram 1	1	551.715	551.714501932	552.902413950	1.188	3093.8	5625.0	4312.5	29.1	47.2	64.5	551.715	/Users/mary/Desktop/listens_20180309/completed_listens/file5e575bf19156.wav	file5e575bf19156.wav	551.715	2913.1	5826.3	WCSP	song
161	Spectrogram 1	1	552.892	552.892260856	554.212163099	1.320	3187.5	5625.0	4406.2	28.8	46.9	64.5	552.892	/Users/mary/Desktop/listens_20180309/completed_listens/file5e575bf19156.wav	file5e575bf19156.wav	552.892	3020.0	5826.3	WCSP	song
162	Spectrogram 1	1	555.583	555.582830812	557.024570184	1.442	2906.2	5531.2	4031.2	28.1	47.1	64.5	555.583	/Users/mary/Desktop/listens_20180309/completed_listens/file5e575bf19156.wav	file5e575bf19156.wav	555.583	2726.1	5719.4	WCSP	song
163	Spectrogram 1	1	558.619	558.618605969	559.451159692	0.833	3000.0	5437.5	4218.8	29.1	48.2	62.9	558.619	/Users/mary/Desktop/listens_20180309/completed_listens/file5e575bf19156.wav	file5e575bf19156.wav	558.619	2833.0	5719.4	WCSP	song
164	Spectrogram 1	1	559.492	559.491772068	560.771061934	1.279	3093.8	5437.5	4031.2	30.6	48.9	66.5	559.492	/Users/mary/Desktop/listens_20180309/completed_listens/file5e575bf19156.wav	file5e575bf19156.wav	559.492	2886.4	5826.3	WCSP	song
165	Spectrogram 1	1	563.929	563.929037052	564.162558218	0.234	3093.8	4218.8	3656.2	28.8	39.8	53.6	563.929	/Users/mary/Desktop/listens_20180309/completed_listens/file5e575bf19156.wav	file5e575bf19156.wav	563.929	3046.8	4383.1	GCRF	
166	Spectrogram 1	1	564.203	564.203170595	565.675369250	1.472	2906.2	4875.0	3750.0	28.7	46.6	63.9	564.203	/Users/mary/Desktop/listens_20180309/completed_listens/file5e575bf19156.wav	file5e575bf19156.wav	564.203	2726.1	4997.8	WCSP	song
167	Spectrogram 1	1	566.807	566.807179373	568.888563678	2.081	2906.2	5343.8	4031.2	29.2	46.3	66.9	566.807	/Users/mary/Desktop/listens_20180309/completed_listens/file5e575bf19156.wav	file5e575bf19156.wav	566.807	2726.1	5612.5	WCSP	song-cs
168	Spectrogram 1	1	568.990	568.990094620	569.213462691	0.223	3375.0	4781.2	4031.2	30.5	44.1	56.6	568.990	/Users/mary/Desktop/listens_20180309/completed_listens/file5e575bf19156.wav	file5e575bf19156.wav	568.990	3207.1	4971.0	GCRF	
169	Spectrogram 1	1	571.329	571.329204003	571.572878263	0.244	2250.0	4875.0	3468.8	30.3	44.7	59.0	571.329	/Users/mary/Desktop/listens_20180309/completed_listens/file5e575bf19156.wav	file5e575bf19156.wav	571.329	2111.4	5184.9	GCRF	
170	Spectrogram 1	1	572.659	572.659259339	572.892780505	0.234	2250.0	5062.5	3468.8	34.2	50.9	63.3	572.659	/Users/mary/Desktop/listens_20180309/completed_listens/file5e575bf19156.wav	file5e575bf19156.wav	572.659	2138.1	5559.0	GCRF	
171	Spectrogram 1	1	572.117	572.117051574	573.954761619	1.838	3000.0	4781.2	3843.8	31.7	50.9	67.7	572.117	/Users/mary/Desktop/listens_20180309/completed_listens/file5e575bf19156.wav	file5e575bf19156.wav	572.117	2859.7	5051.2	WCSP	song
172	Spectrogram 1	1	574.919	574.919305565	575.152826731	0.234	2625.0	4593.8	3468.8	33.5	51.1	61.6	574.919	/Users/mary/Desktop/listens_20180309/completed_listens/file5e575bf19156.wav	file5e575bf19156.wav	574.919	2432.1	5131.4	GCRF	
173	Spectrogram 1	1	575.671	575.670634534	577.244364131	1.574	3093.8	5531.2	3843.8	29.9	49.8	66.4	575.671	/Users/mary/Desktop/listens_20180309/completed_listens/file5e575bf19156.wav	file5e575bf19156.wav	575.671	2939.9	5719.4	WCSP	song
174	Spectrogram 1	1	579.123	579.122686553	579.356207719	0.234	3000.0	4218.8	3562.5	33.0	46.9	59.2	579.123	/Users/mary/Desktop/listens_20180309/completed_listens/file5e575bf19156.wav	file5e575bf19156.wav	579.123	2752.8	4516.7	GCRF	
175	Spectrogram 1	1	581.820	581.820225169	583.860997097	2.041	2625.0	5156.2	4406.2	31.4	53.1	69.6	581.820	/Users/mary/Desktop/listens_20180309/completed_listens/file5e575bf19156.wav	file5e575bf19156.wav	581.820	2405.3	5639.2	WCSP	song
176	Spectrogram 1	1	584.783	584.783459414	586.357189011	1.574	2718.8	4875.0	3375.0	29.4	48.0	65.4	584.783	/Users/mary/Desktop/listens_20180309/completed_listens/file5e575bf19156.wav	file5e575bf19156.wav	584.783	2592.4	5078.0	WCSP	song
177	Spectrogram 1	1	587.078	587.078058697	588.844697083	1.767	3000.0	5156.2	4500.0	32.8	54.5	70.0	587.078	/Users/mary/Desktop/listens_20180309/completed_listens/file5e575bf19156.wav	file5e575bf19156.wav	587.078	2645.9	5639.2	WCSP	song
178	Spectrogram 1	1	592.295	592.294547874	592.700671641	0.406	3093.8	4406.2	3375.0	31.3	45.1	59.4	592.295	/Users/mary/Desktop/listens_20180309/completed_listens/file5e575bf19156.wav	file5e575bf19156.wav	592.295	2939.9	4516.7	WCSP	partial song
