Selection	View	Channel	Begin Clock Time	Begin Time (s)	End Time (s)	Delta Time (s)	Freq 5% (Hz)	Freq 95% (Hz)	Center Freq (Hz)	Avg Power (dB)	Max Power (dB)	Energy (dB)	Begin Date Time	Begin Path	Begin File	File Offset (s)	Low Freq (Hz)	High Freq (Hz)	ID	NOTES
1	Spectrogram 1	1	0.007	0.007318852	2.981546542	2.974	3000.0	4968.8	3843.8	29.5	45.4	67.6	0.007	/Users/mary/Desktop/listens_20180309/completed_listens/file5e57594aa124.wav	file5e57594aa124.wav	0.007	2962.0	5139.2	AMPI	
2	Spectrogram 1	1	0.016	0.016219697	0.220420404	0.204	6000.0	7312.5	6656.2	29.3	42.5	54.4	0.016	/Users/mary/Desktop/listens_20180309/completed_listens/file5e57594aa124.wav	file5e57594aa124.wav	0.016	5848.1	7443.0	UNK1	*DEJU fledgling
3	Spectrogram 1	1	1.614	1.614312187	1.871782644	0.257	5906.2	7312.5	6562.5	28.3	39.6	54.6	1.614	/Users/mary/Desktop/listens_20180309/completed_listens/file5e57594aa124.wav	file5e57594aa124.wav	1.614	5721.5	7468.4	UNK1	DEJU fledgling
4	Spectrogram 1	1	3.292	3.292309302	9.125346891	5.833	2625.0	6468.8	4218.8	32.5	55.6	77.0	3.292	/Users/mary/Desktop/listens_20180309/completed_listens/file5e57594aa124.wav	file5e57594aa124.wav	3.292	2430.4	7139.2	AMPI	
5	Spectrogram 1	1	10.493	10.492560751	10.705639750	0.213	2156.2	5625.0	3375.0	31.4	42.9	60.8	10.493	/Users/mary/Desktop/listens_20180309/completed_listens/file5e57594aa124.wav	file5e57594aa124.wav	10.493	2025.3	6177.2	PIKA	
6	Spectrogram 1	1	9.258	9.258478217	9.515948674	0.257	6093.8	7312.5	6750.0	28.2	41.4	53.9	9.258	/Users/mary/Desktop/listens_20180309/completed_listens/file5e57594aa124.wav	file5e57594aa124.wav	9.258	5924.1	7316.5	UNK1	
7	Spectrogram 1	1	12.720	12.719611643	12.897177475	0.178	6093.8	7031.2	6562.5	28.0	38.9	50.7	12.720	/Users/mary/Desktop/listens_20180309/completed_listens/file5e57594aa124.wav	file5e57594aa124.wav	12.720	6075.9	7113.9	UNK1	
8	Spectrogram 1	1	14.185	14.184529759	14.397608757	0.213	6093.8	7125.0	6562.5	28.5	39.5	52.7	14.185	/Users/mary/Desktop/listens_20180309/completed_listens/file5e57594aa124.wav	file5e57594aa124.wav	14.185	5949.4	7215.2	UNK1	
9	Spectrogram 1	1	16.857	16.856895534	17.052217949	0.195	5906.2	7125.0	6468.8	28.1	39.2	52.6	16.857	/Users/mary/Desktop/listens_20180309/completed_listens/file5e57594aa124.wav	file5e57594aa124.wav	16.857	5797.5	7215.2	UNK1	
10	Spectrogram 1	1	18.970	18.969928937	19.174129644	0.204	6187.5	7125.0	6562.5	29.3	42.2	53.0	18.970	/Users/mary/Desktop/listens_20180309/completed_listens/file5e57594aa124.wav	file5e57594aa124.wav	18.970	6075.9	7215.2	UNK1	
11	Spectrogram 1	1	20.719	20.718952385	20.958666258	0.240	6000.0	7312.5	6562.5	28.9	43.9	54.5	20.719	/Users/mary/Desktop/listens_20180309/completed_listens/file5e57594aa124.wav	file5e57594aa124.wav	20.719	6000.0	7417.7	UNK1	
12	Spectrogram 1	1	22.748	22.747924508	22.943246924	0.195	6281.2	7218.8	6656.2	28.9	39.8	51.9	22.748	/Users/mary/Desktop/listens_20180309/completed_listens/file5e57594aa124.wav	file5e57594aa124.wav	22.748	6202.5	7291.1	UNK1	
13	Spectrogram 1	1	24.168	24.168451166	24.346016998	0.178	6187.5	7218.8	6656.2	28.4	37.1	51.7	24.168	/Users/mary/Desktop/listens_20180309/completed_listens/file5e57594aa124.wav	file5e57594aa124.wav	24.168	6075.9	7240.5	UNK1	
14	Spectrogram 1	1	35.151	35.151481468	35.382317050	0.231	6000.0	6937.5	6375.0	33.1	48.7	57.9	35.151	/Users/mary/Desktop/listens_20180309/completed_listens/file5e57594aa124.wav	file5e57594aa124.wav	35.151	5898.7	7164.6	UNK1	
15	Spectrogram 1	1	36.679	36.678547625	36.918261499	0.240	6000.0	7031.2	6375.0	29.2	41.8	54.2	36.679	/Users/mary/Desktop/listens_20180309/completed_listens/file5e57594aa124.wav	file5e57594aa124.wav	36.679	5848.1	7215.2	UNK1	
16	Spectrogram 1	1	39.653	39.652775315	39.856976022	0.204	6000.0	7218.8	6562.5	28.8	40.9	53.4	39.653	/Users/mary/Desktop/listens_20180309/completed_listens/file5e57594aa124.wav	file5e57594aa124.wav	39.653	5949.4	7392.4	UNK1	
17	Spectrogram 1	1	40.993	40.993397349	41.277502680	0.284	5906.2	6843.8	6375.0	30.6	46.7	55.9	40.993	/Users/mary/Desktop/listens_20180309/completed_listens/file5e57594aa124.wav	file5e57594aa124.wav	40.993	5772.2	6987.3	UNK1	
18	Spectrogram 1	1	41.775	41.775322590	42.316898379	0.542	2343.8	4406.2	3187.5	31.8	47.8	63.0	41.775	/Users/mary/Desktop/listens_20180309/completed_listens/file5e57594aa124.wav	file5e57594aa124.wav	41.775	2278.5	4708.9	GCRF	
19	Spectrogram 1	1	42.574	42.574368835	42.787447834	0.213	5906.2	7031.2	6468.8	28.4	38.5	52.6	42.574	/Users/mary/Desktop/listens_20180309/completed_listens/file5e57594aa124.wav	file5e57594aa124.wav	42.574	5873.4	7063.3	UNK1	
20	Spectrogram 1	1	50.080	50.079832289	50.266276413	0.186	6093.8	7125.0	6562.5	30.0	39.9	53.2	50.080	/Users/mary/Desktop/listens_20180309/completed_listens/file5e57594aa124.wav	file5e57594aa124.wav	50.080	6025.3	7215.2	UNK1	
21	Spectrogram 1	1	51.820	51.819977445	51.970908403	0.151	6187.5	7031.2	6656.2	29.0	40.2	50.9	51.820	/Users/mary/Desktop/listens_20180309/completed_listens/file5e57594aa124.wav	file5e57594aa124.wav	51.820	6075.9	7113.9	UNK1	
22	Spectrogram 1	1	55.114	55.113823633	55.291389465	0.178	6281.2	7125.0	6656.2	28.7	41.9	51.0	55.114	/Users/mary/Desktop/listens_20180309/completed_listens/file5e57594aa124.wav	file5e57594aa124.wav	55.114	6202.5	7215.2	UNK1	
23	Spectrogram 1	1	53.036	53.036303396	53.249382395	0.213	6000.0	7031.2	6468.8	29.5	40.9	53.3	53.036	/Users/mary/Desktop/listens_20180309/completed_listens/file5e57594aa124.wav	file5e57594aa124.wav	53.036	5924.1	7088.6	UNK1	
24	Spectrogram 1	1	57.011	57.011039593	57.241875175	0.231	5906.2	7031.2	6468.8	28.1	39.5	52.5	57.011	/Users/mary/Desktop/listens_20180309/completed_listens/file5e57594aa124.wav	file5e57594aa124.wav	57.011	5848.1	7063.3	UNK1	
25	Spectrogram 1	1	61.909	61.908529000	62.201512623	0.293	5250.0	7312.5	6468.8	29.4	42.7	58.0	61.909	/Users/mary/Desktop/listens_20180309/completed_listens/file5e57594aa124.wav	file5e57594aa124.wav	61.909	4987.3	7417.7	UNK1	
26	Spectrogram 1	1	63.737	63.737457072	63.959414362	0.222	5906.2	6750.0	6375.0	30.7	44.2	54.7	63.737	/Users/mary/Desktop/listens_20180309/completed_listens/file5e57594aa124.wav	file5e57594aa124.wav	63.737	5772.2	6886.1	UNK1	
27	Spectrogram 1	1	64.998	64.998174481	65.202375188	0.204	6093.8	7406.2	6656.2	29.6	41.4	55.0	64.998	/Users/mary/Desktop/listens_20180309/completed_listens/file5e57594aa124.wav	file5e57594aa124.wav	64.998	5848.1	7544.3	UNK1	
28	Spectrogram 1	1	66.579	66.578510388	66.791589386	0.213	5718.8	7218.8	6468.8	32.0	47.3	58.0	66.579	/Users/mary/Desktop/listens_20180309/completed_listens/file5e57594aa124.wav	file5e57594aa124.wav	66.579	5544.3	7493.7	UNK1	
29	Spectrogram 1	1	68.292	68.292020669	68.513977959	0.222	5906.2	7218.8	6562.5	28.8	42.3	54.3	68.292	/Users/mary/Desktop/listens_20180309/completed_listens/file5e57594aa124.wav	file5e57594aa124.wav	68.292	5797.5	7392.4	UNK1	
30	Spectrogram 1	1	70.219	70.218609948	70.405054072	0.186	6000.0	7125.0	6562.5	28.4	40.0	52.3	70.219	/Users/mary/Desktop/listens_20180309/completed_listens/file5e57594aa124.wav	file5e57594aa124.wav	70.219	5898.7	7189.9	UNK1	
31	Spectrogram 1	1	71.918	71.918192077	72.184540826	0.266	5906.2	7500.0	6562.5	29.1	42.1	56.1	71.918	/Users/mary/Desktop/listens_20180309/completed_listens/file5e57594aa124.wav	file5e57594aa124.wav	71.918	5721.5	7594.9	UNK1	
32	Spectrogram 1	1	73.649	73.649458942	73.871416232	0.222	5906.2	7125.0	6468.8	28.0	40.6	53.2	73.649	/Users/mary/Desktop/listens_20180309/completed_listens/file5e57594aa124.wav	file5e57594aa124.wav	73.649	5746.8	7265.8	UNK1	
33	Spectrogram 1	1	75.558	75.558291638	75.780248929	0.222	6093.8	7218.8	6656.2	28.7	42.6	53.5	75.558	/Users/mary/Desktop/listens_20180309/completed_listens/file5e57594aa124.wav	file5e57594aa124.wav	75.558	5949.4	7341.8	UNK1	
34	Spectrogram 1	1	77.183	77.183019003	77.413854585	0.231	5812.5	7406.2	6656.2	27.8	38.3	53.7	77.183	/Users/mary/Desktop/listens_20180309/completed_listens/file5e57594aa124.wav	file5e57594aa124.wav	77.183	5746.8	7468.4	UNK1	
35	Spectrogram 1	1	78.426	78.425979829	78.718963452	0.293	6000.0	7500.0	6656.2	27.9	40.9	54.8	78.426	/Users/mary/Desktop/listens_20180309/completed_listens/file5e57594aa124.wav	file5e57594aa124.wav	78.426	5848.1	7569.6	UNK1	
36	Spectrogram 1	1	79.758	79.757723571	79.988559153	0.231	6000.0	7218.8	6468.8	31.0	46.8	56.7	79.758	/Users/mary/Desktop/listens_20180309/completed_listens/file5e57594aa124.wav	file5e57594aa124.wav	79.758	5822.8	7493.7	UNK1	
37	Spectrogram 1	1	81.125	81.124980479	81.346937769	0.222	6093.8	7312.5	6562.5	29.8	43.2	55.3	81.125	/Users/mary/Desktop/listens_20180309/completed_listens/file5e57594aa124.wav	file5e57594aa124.wav	81.125	5873.4	7468.4	UNK1	
38	Spectrogram 1	1	82.954	82.953908551	83.202500716	0.249	6093.8	7406.2	6468.8	32.5	48.5	59.0	82.954	/Users/mary/Desktop/listens_20180309/completed_listens/file5e57594aa124.wav	file5e57594aa124.wav	82.954	5848.1	7594.9	UNK1	
39	Spectrogram 1	1	84.490	84.489853000	84.765080040	0.275	5718.8	7218.8	6468.8	29.7	44.5	56.6	84.490	/Users/mary/Desktop/listens_20180309/completed_listens/file5e57594aa124.wav	file5e57594aa124.wav	84.490	5594.9	7341.8	UNK1	
40	Spectrogram 1	1	86.276	86.275651819	86.515365693	0.240	5718.8	6937.5	6187.5	30.0	44.8	55.5	86.276	/Users/mary/Desktop/listens_20180309/completed_listens/file5e57594aa124.wav	file5e57594aa124.wav	86.276	5544.3	7063.3	UNK1	
41	Spectrogram 1	1	87.758	87.758326519	88.006918684	0.249	5812.5	7125.0	6375.0	29.6	43.4	55.9	87.758	/Users/mary/Desktop/listens_20180309/completed_listens/file5e57594aa124.wav	file5e57594aa124.wav	87.758	5594.9	7240.5	UNK1	
42	Spectrogram 1	1	89.596	89.596132882	89.862481631	0.266	5906.2	7312.5	6281.2	31.9	48.5	59.1	89.596	/Users/mary/Desktop/listens_20180309/completed_listens/file5e57594aa124.wav	file5e57594aa124.wav	89.596	5544.3	7544.3	UNK1	
43	Spectrogram 1	1	96.258	96.258196859	96.489032441	0.231	5812.5	7125.0	6468.8	28.2	38.4	53.6	96.258	/Users/mary/Desktop/listens_20180309/completed_listens/file5e57594aa124.wav	file5e57594aa124.wav	96.258	5645.6	7164.6	UNK1	
44	Spectrogram 1	1	98.132	98.131516389	98.424500012	0.293	5531.2	7218.8	6375.0	29.7	45.7	57.7	98.132	/Users/mary/Desktop/listens_20180309/completed_listens/file5e57594aa124.wav	file5e57594aa124.wav	98.132	5291.1	7417.7	UNK1	
45	Spectrogram 1	1	100.395	100.395480750	100.635194624	0.240	6000.0	7125.0	6468.8	27.7	38.3	52.7	100.395	/Users/mary/Desktop/listens_20180309/completed_listens/file5e57594aa124.wav	file5e57594aa124.wav	100.395	5822.8	7189.9	UNK1	
46	Spectrogram 1	1	102.233	102.233287114	102.464122696	0.231	5906.2	7218.8	6468.8	27.9	39.6	53.6	102.233	/Users/mary/Desktop/listens_20180309/completed_listens/file5e57594aa124.wav	file5e57594aa124.wav	102.233	5772.2	7341.8	UNK1	
47	Spectrogram 1	1	111.053	111.052708454	111.283544036	0.231	6000.0	7125.0	6562.5	28.7	38.3	53.5	111.053	/Users/mary/Desktop/listens_20180309/completed_listens/file5e57594aa124.wav	file5e57594aa124.wav	111.053	6000.0	7240.5	UNK1	
48	Spectrogram 1	1	112.926	112.926027984	113.174620150	0.249	6187.5	7218.8	6656.2	27.8	37.8	52.3	112.926	/Users/mary/Desktop/listens_20180309/completed_listens/file5e57594aa124.wav	file5e57594aa124.wav	112.926	6126.6	7291.1	UNK1	
49	Spectrogram 1	1	114.853	114.852617264	115.083452846	0.231	5625.0	6750.0	6281.2	28.4	40.9	53.6	114.853	/Users/mary/Desktop/listens_20180309/completed_listens/file5e57594aa124.wav	file5e57594aa124.wav	114.853	5493.7	6936.7	UNK1	
50	Spectrogram 1	1	116.975	116.974528959	117.223121124	0.249	6000.0	7500.0	6750.0	28.4	37.9	54.9	116.975	/Users/mary/Desktop/listens_20180309/completed_listens/file5e57594aa124.wav	file5e57594aa124.wav	116.975	5898.7	7670.9	UNK1	
51	Spectrogram 1	1	119.123	119.123075529	119.362789403	0.240	5906.2	7406.2	6656.2	28.4	40.0	54.7	119.123	/Users/mary/Desktop/listens_20180309/completed_listens/file5e57594aa124.wav	file5e57594aa124.wav	119.123	5721.5	7544.3	UNK1	
52	Spectrogram 1	1	121.032	121.032457343	121.245536342	0.213	5625.0	6937.5	6375.0	28.1	39.7	53.1	121.032	/Users/mary/Desktop/listens_20180309/completed_listens/file5e57594aa124.wav	file5e57594aa124.wav	121.032	5544.3	7113.9	UNK1	
53	Spectrogram 1	1	122.639	122.639428125	122.834750540	0.195	6000.0	7125.0	6562.5	30.5	44.8	55.2	122.639	/Users/mary/Desktop/listens_20180309/completed_listens/file5e57594aa124.wav	file5e57594aa124.wav	122.639	5797.5	7265.8	UNK1	
54	Spectrogram 1	1	125.153	125.152639344	125.472257842	0.320	1500.0	4125.0	2343.8	34.4	49.0	64.3	125.153	/Users/mary/Desktop/listens_20180309/completed_listens/file5e57594aa124.wav	file5e57594aa124.wav	125.153	1413.0	4557.0	biophony	wing flutter
55	Spectrogram 1	1	125.437	125.436744675	125.880659256	0.444	1593.8	10500.0	4312.5	37.9	58.4	74.3	125.437	/Users/mary/Desktop/listens_20180309/completed_listens/file5e57594aa124.wav	file5e57594aa124.wav	125.437	1413.0	11220.0	biophony	wing flutter
56	Spectrogram 1	1	126.404	126.404478461	126.653070626	0.249	1687.5	10593.8	5156.2	33.2	49.2	67.1	126.404	/Users/mary/Desktop/listens_20180309/completed_listens/file5e57594aa124.wav	file5e57594aa124.wav	126.404	1413.0	11220.0	biophony	wing flutter
57	Spectrogram 1	1	126.200	126.200277754	126.404478461	0.204	6093.8	7218.8	6562.5	31.0	43.1	55.5	126.200	/Users/mary/Desktop/listens_20180309/completed_listens/file5e57594aa124.wav	file5e57594aa124.wav	126.200	6000.0	7316.5	UNK1	
58	Spectrogram 1	1	127.248	127.247916164	127.478751746	0.231	6000.0	7500.0	6656.2	29.6	42.4	55.8	127.248	/Users/mary/Desktop/listens_20180309/completed_listens/file5e57594aa124.wav	file5e57594aa124.wav	127.248	5898.7	7620.3	UNK1	
59	Spectrogram 1	1	124.451	124.451254306	125.525527591	1.074	4781.2	5437.5	5062.5	29.7	44.2	58.8	124.451	/Users/mary/Desktop/listens_20180309/completed_listens/file5e57594aa124.wav	file5e57594aa124.wav	124.451	4734.2	5519.0	DEJU	
60	Spectrogram 1	1	126.686	126.686058259	126.916893841	0.231	5343.8	6281.2	5812.5	28.1	37.8	52.2	126.686	/Users/mary/Desktop/listens_20180309/completed_listens/file5e57594aa124.wav	file5e57594aa124.wav	126.686	5291.1	6455.7	UNK1	
61	Spectrogram 1	1	128.950	128.950022620	129.136466744	0.186	6093.8	7406.2	6562.5	30.3	43.0	55.1	128.950	/Users/mary/Desktop/listens_20180309/completed_listens/file5e57594aa124.wav	file5e57594aa124.wav	128.950	5949.4	7544.3	UNK1	
62	Spectrogram 1	1	130.157	130.157470279	130.423819027	0.266	6187.5	7500.0	6843.8	28.3	39.1	54.6	130.157	/Users/mary/Desktop/listens_20180309/completed_listens/file5e57594aa124.wav	file5e57594aa124.wav	130.157	6025.3	7594.9	UNK1	
63	Spectrogram 1	1	132.359	132.359286599	132.599000472	0.240	6281.2	7968.8	7125.0	29.1	42.0	55.9	132.359	/Users/mary/Desktop/listens_20180309/completed_listens/file5e57594aa124.wav	file5e57594aa124.wav	132.359	6151.9	8151.9	UNK1	
64	Spectrogram 1	1	133.087	133.087306511	133.327020384	0.240	6093.8	7593.8	6656.2	29.7	43.0	56.1	133.087	/Users/mary/Desktop/listens_20180309/completed_listens/file5e57594aa124.wav	file5e57594aa124.wav	133.087	5924.1	7746.8	UNK1	
65	Spectrogram 1	1	134.632	134.632129251	134.933991166	0.302	6000.0	7500.0	6750.0	29.3	42.7	56.6	134.632	/Users/mary/Desktop/listens_20180309/completed_listens/file5e57594aa124.wav	file5e57594aa124.wav	134.632	5822.8	7594.9	UNK1	
66	Spectrogram 1	1	131.434	131.433879631	132.685718749	1.252	4593.8	5718.8	5156.2	28.6	40.2	60.7	131.434	/Users/mary/Desktop/listens_20180309/completed_listens/file5e57594aa124.wav	file5e57594aa124.wav	131.434	4582.3	5873.4	DEJU	
67	Spectrogram 1	1	135.953	135.952930062	136.290305143	0.337	5718.8	7968.8	6937.5	27.5	37.2	56.8	135.953	/Users/mary/Desktop/listens_20180309/completed_listens/file5e57594aa124.wav	file5e57594aa124.wav	135.953	5594.9	8075.9	UNK1	
68	Spectrogram 1	1	137.640	137.639805468	137.941667383	0.302	6375.0	7875.0	7125.0	28.7	39.2	56.0	137.640	/Users/mary/Desktop/listens_20180309/completed_listens/file5e57594aa124.wav	file5e57594aa124.wav	137.640	6253.2	7974.7	UNK1	
69	Spectrogram 1	1	141.089	141.088614257	141.354963005	0.266	6187.5	7593.8	6843.8	28.9	38.1	55.4	141.089	/Users/mary/Desktop/listens_20180309/completed_listens/file5e57594aa124.wav	file5e57594aa124.wav	141.089	6025.3	7721.5	UNK1	
70	Spectrogram 1	1	142.953	142.953055495	143.219404244	0.266	6000.0	7125.0	6468.8	31.2	44.8	56.6	142.953	/Users/mary/Desktop/listens_20180309/completed_listens/file5e57594aa124.wav	file5e57594aa124.wav	142.953	5974.7	7291.1	UNK1	
71	Spectrogram 1	1	144.542	144.542269694	144.817496734	0.275	6000.0	7500.0	6656.2	28.6	40.1	55.5	144.542	/Users/mary/Desktop/listens_20180309/completed_listens/file5e57594aa124.wav	file5e57594aa124.wav	144.542	5873.4	7594.9	UNK1	
72	Spectrogram 1	1	138.949	138.948945978	145.891770019	6.943	2906.2	5812.5	3937.5	31.4	51.8	75.1	138.949	/Users/mary/Desktop/listens_20180309/completed_listens/file5e57594aa124.wav	file5e57594aa124.wav	138.949	2734.2	6177.2	AMPI	part1
73	Spectrogram 1	1	145.871	145.870569502	146.136918250	0.266	1875.0	10218.8	4593.8	42.2	61.9	76.3	145.871	/Users/mary/Desktop/listens_20180309/completed_listens/file5e57594aa124.wav	file5e57594aa124.wav	145.871	1413.0	11220.0	biophony	wing flutter
74	Spectrogram 1	1	146.652	146.651859164	153.461508830	6.810	4312.5	5343.8	4687.5	30.8	49.3	70.3	146.652	/Users/mary/Desktop/listens_20180309/completed_listens/file5e57594aa124.wav	file5e57594aa124.wav	146.652	4202.5	5443.0	AMPI	part2
75	Spectrogram 1	1	155.605	155.604505674	156.980640874	1.376	4781.2	5531.2	5062.5	29.7	43.8	60.3	155.605	/Users/mary/Desktop/listens_20180309/completed_listens/file5e57594aa124.wav	file5e57594aa124.wav	155.605	4734.2	5569.6	DEJU	
76	Spectrogram 1	1	153.625	153.624646645	155.613383966	1.989	2531.2	4781.2	3375.0	29.9	46.1	66.9	153.625	/Users/mary/Desktop/listens_20180309/completed_listens/file5e57594aa124.wav	file5e57594aa124.wav	153.625	2506.3	5012.7	AMPI	
77	Spectrogram 1	1	155.773	155.773193215	155.995150505	0.222	6187.5	7406.2	6843.8	28.7	39.2	53.7	155.773	/Users/mary/Desktop/listens_20180309/completed_listens/file5e57594aa124.wav	file5e57594aa124.wav	155.773	6101.3	7519.0	UNK1	
78	Spectrogram 1	1	158.364	158.364250446	159.110026941	0.746	3656.2	4968.8	4500.0	40.5	62.5	73.2	158.364	/Users/mary/Desktop/listens_20180309/completed_listens/file5e57594aa124.wav	file5e57594aa124.wav	158.364	3215.2	5746.8	DEJU	
79	Spectrogram 1	1	160.948	160.947833305	161.800149300	0.852	3468.8	4968.8	4500.0	42.6	67.0	76.3	160.948	/Users/mary/Desktop/listens_20180309/completed_listens/file5e57594aa124.wav	file5e57594aa124.wav	160.948	3113.9	5848.1	DEJU	
80	Spectrogram 1	1	159.909	159.909073186	160.166543643	0.257	6281.2	7875.0	6937.5	30.4	41.1	57.3	159.909	/Users/mary/Desktop/listens_20180309/completed_listens/file5e57594aa124.wav	file5e57594aa124.wav	159.909	6126.6	7974.7	UNK1	
81	Spectrogram 1	1	161.525	161.524922260	161.782392716	0.257	6375.0	7781.2	6937.5	29.9	41.6	56.1	161.525	/Users/mary/Desktop/listens_20180309/completed_listens/file5e57594aa124.wav	file5e57594aa124.wav	161.525	6354.4	7924.1	UNK1	
82	Spectrogram 1	1	161.774	161.773514425	163.362728623	1.589	4781.2	5437.5	5062.5	31.2	47.0	62.9	161.774	/Users/mary/Desktop/listens_20180309/completed_listens/file5e57594aa124.wav	file5e57594aa124.wav	161.774	4683.5	5544.3	DEJU	
83	Spectrogram 1	1	163.656	163.655712247	163.904304412	0.249	6187.5	7593.8	6843.8	29.3	41.3	55.5	163.656	/Users/mary/Desktop/listens_20180309/completed_listens/file5e57594aa124.wav	file5e57594aa124.wav	163.656	6050.6	7772.2	UNK1	
84	Spectrogram 1	1	164.783	164.783255281	165.102873779	0.320	6281.2	7781.2	6750.0	29.4	43.1	57.0	164.783	/Users/mary/Desktop/listens_20180309/completed_listens/file5e57594aa124.wav	file5e57594aa124.wav	164.783	6126.6	7924.1	UNK1	
85	Spectrogram 1	1	166.300	166.300035096	167.409821547	1.110	3656.2	5062.5	4687.5	54.5	82.9	91.1	166.300	/Users/mary/Desktop/listens_20180309/completed_listens/file5e57594aa124.wav	file5e57594aa124.wav	166.300	3038.0	7088.6	DEJU	
86	Spectrogram 1	1	168.768	168.768200164	170.295266321	1.527	3656.2	5062.5	4687.5	51.7	76.9	88.8	168.768	/Users/mary/Desktop/listens_20180309/completed_listens/file5e57594aa124.wav	file5e57594aa124.wav	168.768	3113.9	6531.6	DEJU	
87	Spectrogram 1	1	171.636	171.635888354	173.447059843	1.811	3656.2	5156.2	4687.5	57.8	83.7	96.0	171.636	/Users/mary/Desktop/listens_20180309/completed_listens/file5e57594aa124.wav	file5e57594aa124.wav	171.636	3012.7	6734.2	DEJU	
88	Spectrogram 1	1	170.686	170.685911152	170.987773067	0.302	6187.5	7500.0	6656.2	30.3	44.2	57.1	170.686	/Users/mary/Desktop/listens_20180309/completed_listens/file5e57594aa124.wav	file5e57594aa124.wav	170.686	6025.3	7594.9	UNK1	
89	Spectrogram 1	1	173.394	173.393790093	173.615747384	0.222	6000.0	6937.5	6093.8	34.6	56.2	59.2	173.394	/Users/mary/Desktop/listens_20180309/completed_listens/file5e57594aa124.wav	file5e57594aa124.wav	173.394	5949.4	7265.8	UNK1	
90	Spectrogram 1	1	167.410	167.409821547	168.226624375	0.817	4781.2	5156.2	4968.8	33.6	47.0	60.9	167.410	/Users/mary/Desktop/listens_20180309/completed_listens/file5e57594aa124.wav	file5e57594aa124.wav	167.410	4683.5	5341.8	DEJU	
91	Spectrogram 1	1	177.118	177.117819380	178.405171664	1.287	4687.5	5531.2	5062.5	29.9	44.9	61.5	177.118	/Users/mary/Desktop/listens_20180309/completed_listens/file5e57594aa124.wav	file5e57594aa124.wav	177.118	4582.3	5645.6	DEJU	
92	Spectrogram 1	1	174.818	174.818341852	176.443069217	1.625	4031.2	5062.5	4687.5	61.4	88.6	100.1	174.818	/Users/mary/Desktop/listens_20180309/completed_listens/file5e57594aa124.wav	file5e57594aa124.wav	174.818	2632.9	7189.9	DEJU	
93	Spectrogram 1	1	176.585	176.585121883	176.833714048	0.249	6375.0	7500.0	6843.8	29.3	40.4	54.8	176.585	/Users/mary/Desktop/listens_20180309/completed_listens/file5e57594aa124.wav	file5e57594aa124.wav	176.585	6227.8	7620.3	UNK1	
94	Spectrogram 1	1	178.654	178.653763829	180.376152401	1.722	4031.2	5062.5	4687.5	65.0	91.8	104.1	178.654	/Users/mary/Desktop/listens_20180309/completed_listens/file5e57594aa124.wav	file5e57594aa124.wav	178.654	2430.4	7164.6	DEJU	
95	Spectrogram 1	1	181.921	181.920975142	183.847564421	1.927	4031.2	5250.0	4781.2	69.3	94.7	108.7	181.921	/Users/mary/Desktop/listens_20180309/completed_listens/file5e57594aa124.wav	file5e57594aa124.wav	181.921	2835.4	7392.4	DEJU	
96	Spectrogram 1	1	185.222	185.222247317	185.417569732	0.195	6093.8	7968.8	7125.0	29.2	40.7	55.3	185.222	/Users/mary/Desktop/listens_20180309/completed_listens/file5e57594aa124.wav	file5e57594aa124.wav	185.222	6000.0	8101.3	UNK1	
97	Spectrogram 1	1	185.622	185.621770439	185.843727730	0.222	6281.2	7687.5	7031.2	28.7	39.5	54.4	185.622	/Users/mary/Desktop/listens_20180309/completed_listens/file5e57594aa124.wav	file5e57594aa124.wav	185.622	6126.6	7822.8	UNK1	
98	Spectrogram 1	1	186.208	186.207737686	186.474086434	0.266	6187.5	7968.8	7125.0	28.6	40.7	56.0	186.208	/Users/mary/Desktop/listens_20180309/completed_listens/file5e57594aa124.wav	file5e57594aa124.wav	186.208	6025.3	8126.6	UNK1	
99	Spectrogram 1	1	186.936	186.935757598	187.157714888	0.222	6468.8	7875.0	7125.0	28.9	37.2	54.7	186.936	/Users/mary/Desktop/listens_20180309/completed_listens/file5e57594aa124.wav	file5e57594aa124.wav	186.936	6303.8	8050.6	UNK1	
100	Spectrogram 1	1	187.566	187.566116302	187.779195301	0.213	6375.0	7875.0	7218.8	29.3	40.1	54.8	187.566	/Users/mary/Desktop/listens_20180309/completed_listens/file5e57594aa124.wav	file5e57594aa124.wav	187.566	6202.5	7898.7	UNK1	
101	Spectrogram 1	1	188.063	188.063300633	188.338527673	0.275	6375.0	7687.5	7031.2	28.6	39.2	54.8	188.063	/Users/mary/Desktop/listens_20180309/completed_listens/file5e57594aa124.wav	file5e57594aa124.wav	188.063	6227.8	7721.5	UNK1	
102	Spectrogram 1	1	188.543	188.542728380	188.853468586	0.311	6187.5	7968.8	7125.0	29.2	44.1	57.3	188.543	/Users/mary/Desktop/listens_20180309/completed_listens/file5e57594aa124.wav	file5e57594aa124.wav	188.543	6025.3	8151.9	UNK1	
103	Spectrogram 1	1	189.111	189.110939043	189.288504875	0.178	6281.2	7781.2	7125.0	28.4	37.8	53.4	189.111	/Users/mary/Desktop/listens_20180309/completed_listens/file5e57594aa124.wav	file5e57594aa124.wav	189.111	6101.3	7949.4	UNK1	
104	Spectrogram 1	1	191.810	191.809939693	192.014140400	0.204	6187.5	8156.2	7031.2	31.6	47.0	58.6	191.810	/Users/mary/Desktop/listens_20180309/completed_listens/file5e57594aa124.wav	file5e57594aa124.wav	191.810	5949.4	8430.4	UNK1	
105	Spectrogram 1	1	192.440	192.440298397	192.724403729	0.284	6375.0	7875.0	7031.2	28.6	40.1	55.4	192.440	/Users/mary/Desktop/listens_20180309/completed_listens/file5e57594aa124.wav	file5e57594aa124.wav	192.440	6202.5	7924.1	UNK1	
106	Spectrogram 1	1	193.177	193.177196601	193.470180224	0.293	6281.2	7593.8	6843.8	30.1	43.7	56.5	193.177	/Users/mary/Desktop/listens_20180309/completed_listens/file5e57594aa124.wav	file5e57594aa124.wav	193.177	6126.6	7645.6	UNK1	
107	Spectrogram 1	1	194.500	194.500062051	194.713141050	0.213	6093.8	7687.5	6937.5	30.0	42.1	56.0	194.500	/Users/mary/Desktop/listens_20180309/completed_listens/file5e57594aa124.wav	file5e57594aa124.wav	194.500	5924.1	7822.8	UNK1	
108	Spectrogram 1	1	195.246	195.245838546	195.458917545	0.213	6187.5	7687.5	7031.2	31.3	45.5	57.3	195.246	/Users/mary/Desktop/listens_20180309/completed_listens/file5e57594aa124.wav	file5e57594aa124.wav	195.246	6025.3	7898.7	UNK1	
109	Spectrogram 1	1	195.823	195.822927501	196.080397958	0.257	6281.2	7968.8	7031.2	30.1	43.9	57.4	195.823	/Users/mary/Desktop/listens_20180309/completed_listens/file5e57594aa124.wav	file5e57594aa124.wav	195.823	6050.6	8075.9	UNK1	
110	Spectrogram 1	1	196.560	196.559825705	196.799539578	0.240	6187.5	7875.0	7031.2	29.3	41.5	56.1	196.560	/Users/mary/Desktop/listens_20180309/completed_listens/file5e57594aa124.wav	file5e57594aa124.wav	196.560	6050.6	8050.6	UNK1	
111	Spectrogram 1	1	197.101	197.101401493	197.341115367	0.240	6281.2	7968.8	6937.5	30.4	44.4	57.4	197.101	/Users/mary/Desktop/listens_20180309/completed_listens/file5e57594aa124.wav	file5e57594aa124.wav	197.101	6075.9	8075.9	UNK1	
112	Spectrogram 1	1	189.759	189.759054330	191.454808028	1.696	4218.8	5437.5	4781.2	73.9	100.2	113.1	189.759	/Users/mary/Desktop/listens_20180309/completed_listens/file5e57594aa124.wav	file5e57594aa124.wav	189.759	2607.6	7493.7	DEJU	
113	Spectrogram 1	1	193.812	193.811627586	194.255542166	0.444	1593.8	10500.0	4500.0	43.3	65.0	79.7	193.812	/Users/mary/Desktop/listens_20180309/completed_listens/file5e57594aa124.wav	file5e57594aa124.wav	193.812	1413.0	11220.0	biophony	wing flutter
114	Spectrogram 1	1	198.064	198.064329268	198.277408266	0.213	6187.5	7593.8	6937.5	30.4	43.3	56.0	198.064	/Users/mary/Desktop/listens_20180309/completed_listens/file5e57594aa124.wav	file5e57594aa124.wav	198.064	6050.6	7746.8	UNK1	
115	Spectrogram 1	1	200.319	200.319415337	200.541372627	0.222	6468.8	7968.8	6937.5	33.1	49.8	59.9	200.319	/Users/mary/Desktop/listens_20180309/completed_listens/file5e57594aa124.wav	file5e57594aa124.wav	200.319	6126.6	8329.1	UNK1	
116	Spectrogram 1	1	201.252	201.251635956	201.500228122	0.249	6187.5	7687.5	6750.0	33.1	50.6	60.4	201.252	/Users/mary/Desktop/listens_20180309/completed_listens/file5e57594aa124.wav	file5e57594aa124.wav	201.252	5822.8	8025.3	UNK1	
118	Spectrogram 1	1	203.738	203.737581702	203.941782409	0.204	6375.0	7875.0	7031.2	31.7	46.3	57.8	203.738	/Users/mary/Desktop/listens_20180309/completed_listens/file5e57594aa124.wav	file5e57594aa124.wav	203.738	6159.5	8098.2	UNK1	
119	Spectrogram 1	1	205.522	205.522118316	205.779588773	0.257	6468.8	8062.5	7312.5	31.1	44.1	58.1	205.522	/Users/mary/Desktop/listens_20180309/completed_listens/file5e57594aa124.wav	file5e57594aa124.wav	205.522	6208.6	8245.4	UNK1	
120	Spectrogram 1	1	206.960	206.960401557	207.217872014	0.257	6562.5	8343.8	7406.2	29.7	42.2	56.9	206.960	/Users/mary/Desktop/listens_20180309/completed_listens/file5e57594aa124.wav	file5e57594aa124.wav	206.960	6380.4	8490.8	UNK1	
121	Spectrogram 1	1	208.443	208.443076256	208.709425005	0.266	6000.0	7968.8	6750.0	31.9	47.9	60.4	208.443	/Users/mary/Desktop/listens_20180309/completed_listens/file5e57594aa124.wav	file5e57594aa124.wav	208.443	5644.2	8294.5	UNK1	
122	Spectrogram 1	1	210.254	210.254247745	210.476205035	0.222	6000.0	7406.2	6468.8	34.0	49.0	60.9	210.254	/Users/mary/Desktop/listens_20180309/completed_listens/file5e57594aa124.wav	file5e57594aa124.wav	210.254	5717.8	7803.7	UNK1	
123	Spectrogram 1	1	212.225	212.225228483	212.447185773	0.222	5812.5	7687.5	6562.5	30.4	45.1	57.7	212.225	/Users/mary/Desktop/listens_20180309/completed_listens/file5e57594aa124.wav	file5e57594aa124.wav	212.225	5521.5	7877.3	UNK1	
124	Spectrogram 1	1	214.578	214.577975760	214.791054759	0.213	5906.2	7593.8	6468.8	29.2	44.2	55.7	214.578	/Users/mary/Desktop/listens_20180309/completed_listens/file5e57594aa124.wav	file5e57594aa124.wav	214.578	5717.8	7779.1	UNK1	
125	Spectrogram 1	1	216.576	216.575591372	217.294732993	0.719	6000.0	8531.2	7031.2	30.2	48.6	63.7	216.576	/Users/mary/Desktop/listens_20180309/completed_listens/file5e57594aa124.wav	file5e57594aa124.wav	216.576	5693.3	8809.8	UNK1	
126	Spectrogram 1	1	218.058	218.058266072	218.306858237	0.249	6468.8	8250.0	7125.0	32.8	48.4	60.5	218.058	/Users/mary/Desktop/listens_20180309/completed_listens/file5e57594aa124.wav	file5e57594aa124.wav	218.058	6233.1	8539.9	UNK1	
127	Spectrogram 1	1	219.134	219.133799021	223.075760496	3.942	6281.2	8437.5	7218.8	29.1	48.9	68.9	219.134	/Users/mary/Desktop/listens_20180309/completed_listens/file5e57594aa124.wav	file5e57594aa124.wav	219.134	6110.4	8589.0	UNK1	
128	Spectrogram 1	1	225.295	225.295333399	225.517290690	0.222	6187.5	8156.2	7031.2	29.2	41.5	56.4	225.295	/Users/mary/Desktop/listens_20180309/completed_listens/file5e57594aa124.wav	file5e57594aa124.wav	225.295	5963.2	8343.6	UNK1	
129	Spectrogram 1	1	226.201	226.200919144	226.485024475	0.284	6187.5	7968.8	6656.2	32.0	49.4	60.0	226.201	/Users/mary/Desktop/listens_20180309/completed_listens/file5e57594aa124.wav	file5e57594aa124.wav	226.201	5963.2	8245.4	UNK1	
130	Spectrogram 1	1	227.204	227.204166096	227.488271427	0.284	6187.5	8062.5	6937.5	30.3	46.5	58.6	227.204	/Users/mary/Desktop/listens_20180309/completed_listens/file5e57594aa124.wav	file5e57594aa124.wav	227.204	5963.2	8294.5	UNK1	
131	Spectrogram 1	1	228.154	228.154143298	228.393857172	0.240	6093.8	7593.8	6562.5	33.5	51.1	60.5	228.154	/Users/mary/Desktop/listens_20180309/completed_listens/file5e57594aa124.wav	file5e57594aa124.wav	228.154	5840.5	7901.8	UNK1	
132	Spectrogram 1	1	229.228	229.228416583	229.530278498	0.302	6000.0	7593.8	6468.8	31.1	47.9	59.0	229.228	/Users/mary/Desktop/listens_20180309/completed_listens/file5e57594aa124.wav	file5e57594aa124.wav	229.228	5742.3	7803.7	UNK1	
133	Spectrogram 1	1	231.074	231.073656682	231.322248847	0.249	6000.0	7875.0	6750.0	30.0	43.0	57.4	231.074	/Users/mary/Desktop/listens_20180309/completed_listens/file5e57594aa124.wav	file5e57594aa124.wav	231.074	5816.0	8073.6	UNK1	
134	Spectrogram 1	1	232.512	232.511939923	232.742775505	0.231	6187.5	8250.0	6843.8	30.8	45.8	58.5	232.512	/Users/mary/Desktop/listens_20180309/completed_listens/file5e57594aa124.wav	file5e57594aa124.wav	232.512	5938.7	8515.3	UNK1	
135	Spectrogram 1	1	234.092	234.092275830	234.340867995	0.249	6187.5	7968.8	6656.2	29.4	46.6	56.6	234.092	/Users/mary/Desktop/listens_20180309/completed_listens/file5e57594aa124.wav	file5e57594aa124.wav	234.092	5938.7	8147.2	UNK1	
136	Spectrogram 1	1	234.953	234.953470117	235.157670824	0.204	6093.8	7781.2	6656.2	31.7	47.2	58.2	234.953	/Users/mary/Desktop/listens_20180309/completed_listens/file5e57594aa124.wav	file5e57594aa124.wav	234.953	5816.0	8024.5	UNK1	
137	Spectrogram 1	1	235.974	235.974473652	236.267457275	0.293	6093.8	7875.0	6750.0	29.8	42.9	57.5	235.974	/Users/mary/Desktop/listens_20180309/completed_listens/file5e57594aa124.wav	file5e57594aa124.wav	235.974	6061.3	8024.5	UNK1	
138	Spectrogram 1	1	237.209	237.208556186	237.474904934	0.266	6187.5	8062.5	6843.8	31.8	48.2	59.7	237.209	/Users/mary/Desktop/listens_20180309/completed_listens/file5e57594aa124.wav	file5e57594aa124.wav	237.209	5963.2	8319.0	UNK1	
139	Spectrogram 1	1	238.363	238.362734095	238.646839427	0.284	6093.8	7781.2	6843.8	30.0	41.4	57.6	238.363	/Users/mary/Desktop/listens_20180309/completed_listens/file5e57594aa124.wav	file5e57594aa124.wav	238.363	5889.6	7877.3	UNK1	
140	Spectrogram 1	1	240.000	240.000000000	240.208830704	0.209	6468.8	8062.5	6843.8	34.1	47.6	60.7	240.000	/Users/mary/Desktop/listens_20180309/completed_listens/file5e57594aa124.wav	file5e57594aa124.wav	240.000	6257.7	8368.1	UNK1	
141	Spectrogram 1	1	241.177	241.176564490	242.392890440	1.216	6375.0	8625.0	7218.8	30.2	47.7	65.2	241.177	/Users/mary/Desktop/listens_20180309/completed_listens/file5e57594aa124.wav	file5e57594aa124.wav	241.177	6208.6	8834.4	UNK1	
142	Spectrogram 1	1	242.926	242.925587937	243.129788644	0.204	6281.2	7875.0	7031.2	29.8	42.9	55.6	242.926	/Users/mary/Desktop/listens_20180309/completed_listens/file5e57594aa124.wav	file5e57594aa124.wav	242.926	6110.4	8024.5	UNK1	
143	Spectrogram 1	1	243.893	243.893321723	244.115279013	0.222	6375.0	7593.8	6937.5	33.5	49.5	59.3	243.893	/Users/mary/Desktop/listens_20180309/completed_listens/file5e57594aa124.wav	file5e57594aa124.wav	243.893	6110.4	7852.8	UNK1	
144	Spectrogram 1	1	245.269	245.269456923	245.482535921	0.213	6187.5	7687.5	6937.5	32.2	47.3	58.5	245.269	/Users/mary/Desktop/listens_20180309/completed_listens/file5e57594aa124.wav	file5e57594aa124.wav	245.269	5840.5	7950.9	UNK1	
145	Spectrogram 1	1	246.397	246.396999957	246.627835539	0.231	6187.5	7875.0	6656.2	31.8	48.3	58.8	246.397	/Users/mary/Desktop/listens_20180309/completed_listens/file5e57594aa124.wav	file5e57594aa124.wav	246.397	5914.1	8073.6	UNK1	
146	Spectrogram 1	1	247.880	247.879674656	248.092753655	0.213	6375.0	8156.2	6937.5	30.1	45.3	56.7	247.880	/Users/mary/Desktop/listens_20180309/completed_listens/file5e57594aa124.wav	file5e57594aa124.wav	247.880	6110.4	8343.6	UNK1	
147	Spectrogram 1	1	248.947	248.947393025	249.204863482	0.257	6281.2	7968.8	7125.0	29.9	44.2	56.9	248.947	/Users/mary/Desktop/listens_20180309/completed_listens/file5e57594aa124.wav	file5e57594aa124.wav	248.947	6159.5	8073.6	UNK1	
148	Spectrogram 1	1	249.809	249.808587312	250.074936060	0.266	6656.2	7968.8	7218.8	31.1	43.7	57.4	249.809	/Users/mary/Desktop/listens_20180309/completed_listens/file5e57594aa124.wav	file5e57594aa124.wav	249.809	6552.1	8147.2	UNK1	
149	Spectrogram 1	1	250.625	250.625390140	251.113696179	0.488	6468.8	8062.5	7218.8	32.6	47.0	63.1	250.625	/Users/mary/Desktop/listens_20180309/completed_listens/file5e57594aa124.wav	file5e57594aa124.wav	250.625	6061.3	8392.6	UNK1	
150	Spectrogram 1	1	251.895	251.894985840	253.324390790	1.429	6375.0	8906.2	7500.0	31.3	50.0	68.0	251.895	/Users/mary/Desktop/listens_20180309/completed_listens/file5e57594aa124.wav	file5e57594aa124.wav	251.895	5914.1	9227.0	UNK1	
151	Spectrogram 1	1	253.910	253.910358036	254.132315326	0.222	6468.8	8718.8	6750.0	34.6	54.3	63.3	253.910	/Users/mary/Desktop/listens_20180309/completed_listens/file5e57594aa124.wav	file5e57594aa124.wav	253.910	5914.1	9374.2	UNK1	
152	Spectrogram 1	1	254.727	254.727160864	255.588355151	0.861	6281.2	9000.0	7500.0	30.6	48.9	65.1	254.727	/Users/mary/Desktop/listens_20180309/completed_listens/file5e57594aa124.wav	file5e57594aa124.wav	254.727	5987.7	9276.1	UNK1	
153	Spectrogram 1	1	256.387	256.387401396	256.689263311	0.302	6750.0	8812.5	7875.0	29.1	39.6	57.6	256.387	/Users/mary/Desktop/listens_20180309/completed_listens/file5e57594aa124.wav	file5e57594aa124.wav	256.387	6576.7	8957.1	UNK1	
154	Spectrogram 1	1	257.178	257.177569349	257.461674681	0.284	6843.8	9000.0	7968.8	29.2	40.6	57.6	257.178	/Users/mary/Desktop/listens_20180309/completed_listens/file5e57594aa124.wav	file5e57594aa124.wav	257.178	6674.8	9104.3	UNK1	
155	Spectrogram 1	1	257.835	257.834562929	258.118668260	0.284	6656.2	8625.0	7875.0	29.5	40.9	57.6	257.835	/Users/mary/Desktop/listens_20180309/completed_listens/file5e57594aa124.wav	file5e57594aa124.wav	257.835	6552.1	8760.7	UNK1	
156	Spectrogram 1	1	258.536	258.535947966	258.864444756	0.328	6562.5	9093.8	7968.8	29.8	41.9	59.6	258.536	/Users/mary/Desktop/listens_20180309/completed_listens/file5e57594aa124.wav	file5e57594aa124.wav	258.536	6404.9	9325.2	UNK1	
157	Spectrogram 1	1	259.353	259.352750794	259.690125875	0.337	6375.0	8812.5	7687.5	29.8	42.9	59.7	259.353	/Users/mary/Desktop/listens_20180309/completed_listens/file5e57594aa124.wav	file5e57594aa124.wav	259.353	6110.4	9006.1	UNK1	
158	Spectrogram 1	1	260.196	260.196188497	260.533563579	0.337	6468.8	8718.8	7312.5	31.6	48.1	61.3	260.196	/Users/mary/Desktop/listens_20180309/completed_listens/file5e57594aa124.wav	file5e57594aa124.wav	260.196	6208.6	8932.5	UNK1	
159	Spectrogram 1	1	261.146	261.146165700	261.448027615	0.302	6656.2	9000.0	7781.2	29.8	42.0	59.0	261.146	/Users/mary/Desktop/listens_20180309/completed_listens/file5e57594aa124.wav	file5e57594aa124.wav	261.146	6404.9	9153.4	UNK1	
160	Spectrogram 1	1	262.522	262.521868592	262.805973923	0.284	6281.2	8812.5	7500.0	29.7	46.9	59.0	262.522	/Users/mary/Desktop/listens_20180309/completed_listens/file5e57594aa124.wav	file5e57594aa124.wav	262.522	6085.9	9030.7	UNK1	
161	Spectrogram 1	1	263.445	263.445210919	263.764829417	0.320	6281.2	8718.8	7312.5	30.3	46.8	60.0	263.445	/Users/mary/Desktop/listens_20180309/completed_listens/file5e57594aa124.wav	file5e57594aa124.wav	263.445	6012.3	8908.0	UNK1	
162	Spectrogram 1	1	264.120	264.119961082	264.439579580	0.320	6000.0	8812.5	6937.5	29.6	45.5	60.0	264.120	/Users/mary/Desktop/listens_20180309/completed_listens/file5e57594aa124.wav	file5e57594aa124.wav	264.120	5668.7	9055.2	UNK1	
163	Spectrogram 1	1	265.105	265.105451451	265.398435074	0.293	6562.5	8625.0	7593.8	29.0	42.2	57.6	265.105	/Users/mary/Desktop/listens_20180309/completed_listens/file5e57594aa124.wav	file5e57594aa124.wav	265.105	6306.7	8736.2	UNK1	
164	Spectrogram 1	1	265.967	265.966645737	266.232994485	0.266	6468.8	8625.0	7312.5	32.2	45.8	60.5	265.967	/Users/mary/Desktop/listens_20180309/completed_listens/file5e57594aa124.wav	file5e57594aa124.wav	265.967	6355.8	8858.9	UNK1	
165	Spectrogram 1	1	266.952	266.952136106	267.236241437	0.284	6187.5	8625.0	7031.2	30.8	48.5	60.1	266.952	/Users/mary/Desktop/listens_20180309/completed_listens/file5e57594aa124.wav	file5e57594aa124.wav	266.952	5865.0	8858.9	UNK1	
166	Spectrogram 1	1	267.733	267.733425768	268.026409391	0.293	6375.0	9093.8	7593.8	30.0	43.9	59.5	267.733	/Users/mary/Desktop/listens_20180309/completed_listens/file5e57594aa124.wav	file5e57594aa124.wav	267.733	6257.7	9300.6	UNK1	
167	Spectrogram 1	1	268.515	268.514715429	268.834333927	0.320	6375.0	8812.5	7031.2	31.5	48.9	61.3	268.515	/Users/mary/Desktop/listens_20180309/completed_listens/file5e57594aa124.wav	file5e57594aa124.wav	268.515	6012.3	9006.1	UNK1	
168	Spectrogram 1	1	269.420	269.420301174	269.731041380	0.311	6281.2	8906.2	7593.8	31.3	46.8	61.4	269.420	/Users/mary/Desktop/listens_20180309/completed_listens/file5e57594aa124.wav	file5e57594aa124.wav	269.420	5987.7	9202.5	UNK1	
169	Spectrogram 1	1	270.370	270.370278376	270.743166624	0.373	6187.5	8812.5	6937.5	30.8	48.5	61.6	270.370	/Users/mary/Desktop/listens_20180309/completed_listens/file5e57594aa124.wav	file5e57594aa124.wav	270.370	5840.5	9079.8	UNK1	
170	Spectrogram 1	1	271.329	271.329133870	271.684265535	0.355	6281.2	8625.0	7125.0	31.4	50.6	61.6	271.329	/Users/mary/Desktop/listens_20180309/completed_listens/file5e57594aa124.wav	file5e57594aa124.wav	271.329	5840.5	8858.9	UNK1	
171	Spectrogram 1	1	272.312	272.312495718	276.405388151	4.093	6281.2	8812.5	7500.0	29.4	48.3	70.2	272.312	/Users/mary/Desktop/listens_20180309/completed_listens/file5e57594aa124.wav	file5e57594aa124.wav	272.312	6085.9	8981.6	UNK1	
172	Spectrogram 1	1	279.175	279.175415134	279.512790215	0.337	6375.0	7968.8	7125.0	28.7	38.9	56.7	279.175	/Users/mary/Desktop/listens_20180309/completed_listens/file5e57594aa124.wav	file5e57594aa124.wav	279.175	6233.1	8147.2	UNK1	
173	Spectrogram 1	1	279.921	279.921191629	280.231931836	0.311	6375.0	7687.5	6937.5	28.8	40.5	55.7	279.921	/Users/mary/Desktop/listens_20180309/completed_listens/file5e57594aa124.wav	file5e57594aa124.wav	279.921	6208.6	7803.7	UNK1	
174	Spectrogram 1	1	280.871	280.871168832	281.128639289	0.257	6750.0	7968.8	7312.5	28.6	38.2	54.5	280.871	/Users/mary/Desktop/listens_20180309/completed_listens/file5e57594aa124.wav	file5e57594aa124.wav	280.871	6576.7	8122.7	UNK1	
175	Spectrogram 1	1	278.296	278.296464264	278.580569596	0.284	6562.5	7875.0	7218.8	27.9	38.2	53.8	278.296	/Users/mary/Desktop/listens_20180309/completed_listens/file5e57594aa124.wav	file5e57594aa124.wav	278.296	6478.5	7877.3	UNK1	
176	Spectrogram 1	1	288.359	288.358844020	288.625192768	0.266	6562.5	7500.0	7031.2	28.8	39.2	53.9	288.359	/Users/mary/Desktop/listens_20180309/completed_listens/file5e57594aa124.wav	file5e57594aa124.wav	288.359	6429.4	7656.4	UNK1	
177	Spectrogram 1	1	289.060	289.060229057	289.308821222	0.249	6562.5	7875.0	7125.0	28.9	37.8	54.9	289.060	/Users/mary/Desktop/listens_20180309/completed_listens/file5e57594aa124.wav	file5e57594aa124.wav	289.060	6404.9	8000.0	UNK1	
178	Spectrogram 1	1	289.824	289.823762136	290.125624050	0.302	6375.0	8062.5	7218.8	28.5	40.2	56.3	289.824	/Users/mary/Desktop/listens_20180309/completed_listens/file5e57594aa124.wav	file5e57594aa124.wav	289.824	6257.7	8245.4	UNK1	
179	Spectrogram 1	1	290.632	290.631686672	291.013453212	0.382	6281.2	8531.2	7500.0	28.4	38.7	58.2	290.632	/Users/mary/Desktop/listens_20180309/completed_listens/file5e57594aa124.wav	file5e57594aa124.wav	290.632	6135.0	8687.1	UNK1	
180	Spectrogram 1	1	291.484	291.484002667	291.697081666	0.213	6468.8	7781.2	7125.0	28.7	38.7	54.0	291.484	/Users/mary/Desktop/listens_20180309/completed_listens/file5e57594aa124.wav	file5e57594aa124.wav	291.484	6282.2	7926.4	UNK1	
181	Spectrogram 1	1	289.034	289.033594182	290.196650383	1.163	3562.5	5250.0	4312.5	29.0	42.5	62.4	289.034	/Users/mary/Desktop/listens_20180309/completed_listens/file5e57594aa124.wav	file5e57594aa124.wav	289.034	3484.7	5423.3	DEJU	*
182	Spectrogram 1	1	293.872	293.872263111	295.008684437	1.136	3562.5	5812.5	4406.2	29.5	44.8	64.2	293.872	/Users/mary/Desktop/listens_20180309/completed_listens/file5e57594aa124.wav	file5e57594aa124.wav	293.872	3386.5	6085.9	DEJU	*
183	Spectrogram 1	1	297.634	297.633878466	299.027770249	1.394	3656.2	5718.8	4781.2	29.4	42.7	64.6	297.634	/Users/mary/Desktop/listens_20180309/completed_listens/file5e57594aa124.wav	file5e57594aa124.wav	297.634	3509.2	5889.6	DEJU	*
184	Spectrogram 1	1	300.908	300.908215920	302.248547613	1.340	3562.5	5812.5	4031.2	31.3	49.5	67.1	300.908	/Users/mary/Desktop/listens_20180309/completed_listens/file5e57594aa124.wav	file5e57594aa124.wav	300.908	3337.4	6135.0	DEJU	*
187	Spectrogram 1	1	304.724	304.723504246	305.972806387	1.249	3375.0	5625.0	4875.0	31.0	47.5	66.3	304.724	/Users/mary/Desktop/listens_20180309/completed_listens/file5e57594aa124.wav	file5e57594aa124.wav	304.724	3263.8	5914.1	DEJU	*
188	Spectrogram 1	1	309.514	309.513542102	310.712621041	1.199	3656.2	5718.8	4312.5	29.4	46.5	64.0	309.514	/Users/mary/Desktop/listens_20180309/completed_listens/file5e57594aa124.wav	file5e57594aa124.wav	309.514	3484.7	5914.1	DEJU	*
189	Spectrogram 1	1	314.738	314.737668621	315.980692861	1.243	3656.2	5718.8	5062.5	31.5	49.2	66.8	314.738	/Users/mary/Desktop/listens_20180309/completed_listens/file5e57594aa124.wav	file5e57594aa124.wav	314.738	3386.5	6135.0	DEJU	*
190	Spectrogram 1	1	318.272	318.272126436	319.546540177	1.274	3562.5	6000.0	4968.8	30.4	46.4	66.1	318.272	/Users/mary/Desktop/listens_20180309/completed_listens/file5e57594aa124.wav	file5e57594aa124.wav	318.272	3435.6	6306.7	DEJU	*
191	Spectrogram 1	1	324.931	324.930745609	326.180047749	1.249	3562.5	5343.8	4031.2	30.0	46.8	64.3	324.931	/Users/mary/Desktop/listens_20180309/completed_listens/file5e57594aa124.wav	file5e57594aa124.wav	324.931	3411.0	5595.1	DEJU	*
192	Spectrogram 1	1	327.689	327.688966823	327.940082831	0.251	2906.2	4593.8	3843.8	30.9	43.8	58.0	327.689	/Users/mary/Desktop/listens_20180309/completed_listens/file5e57594aa124.wav	file5e57594aa124.wav	327.689	2773.0	4858.9	GCRF	
193	Spectrogram 1	1	329.478	329.478168381	329.754395990	0.276	1687.5	4781.2	3000.0	34.0	54.4	64.2	329.478	/Users/mary/Desktop/listens_20180309/completed_listens/file5e57594aa124.wav	file5e57594aa124.wav	329.478	1570.6	5374.2	PIKA	
194	Spectrogram 1	1	330.065	330.065450459	330.209842164	0.144	3750.0	4500.0	4125.0	30.1	39.7	50.9	330.065	/Users/mary/Desktop/listens_20180309/completed_listens/file5e57594aa124.wav	file5e57594aa124.wav	330.065	3730.1	4539.9	GCRF	
195	Spectrogram 1	1	330.762	330.762297382	330.912966987	0.151	3281.2	4781.2	3937.5	31.7	46.7	56.1	330.762	/Users/mary/Desktop/listens_20180309/completed_listens/file5e57594aa124.wav	file5e57594aa124.wav	330.762	3190.2	5055.2	GCRF	
196	Spectrogram 1	1	331.233	331.233139897	331.408921103	0.176	3468.8	4593.8	3937.5	29.6	38.7	52.9	331.233	/Users/mary/Desktop/listens_20180309/completed_listens/file5e57594aa124.wav	file5e57594aa124.wav	331.233	3386.5	4662.6	GCRF	
197	Spectrogram 1	1	331.886	331.886041519	332.036711123	0.151	3375.0	4875.0	4125.0	31.8	47.4	56.5	331.886	/Users/mary/Desktop/listens_20180309/completed_listens/file5e57594aa124.wav	file5e57594aa124.wav	331.886	3141.1	5079.8	GCRF	
198	Spectrogram 1	1	332.476	332.476164138	333.016063555	0.540	3000.0	4687.5	3656.2	29.9	43.1	59.9	332.476	/Users/mary/Desktop/listens_20180309/completed_listens/file5e57594aa124.wav	file5e57594aa124.wav	332.476	2920.2	4858.9	GCRF	
199	Spectrogram 1	1	333.600	333.599908274	334.064472889	0.465	3093.8	4500.0	3843.8	31.5	47.0	60.7	333.600	/Users/mary/Desktop/listens_20180309/completed_listens/file5e57594aa124.wav	file5e57594aa124.wav	333.600	2969.3	4736.2	GCRF	
200	Spectrogram 1	1	334.843	334.842932515	335.087770623	0.245	2718.8	4593.8	3562.5	33.1	47.6	60.6	334.843	/Users/mary/Desktop/listens_20180309/completed_listens/file5e57594aa124.wav	file5e57594aa124.wav	334.843	2576.7	4883.4	GCRF	
201	Spectrogram 1	1	335.427	335.426777234	335.640225841	0.213	3000.0	4593.8	3843.8	31.7	45.4	58.1	335.427	/Users/mary/Desktop/listens_20180309/completed_listens/file5e57594aa124.wav	file5e57594aa124.wav	335.427	2846.6	4883.4	GCRF	
202	Spectrogram 1	1	336.099	336.098512555	336.324516963	0.226	2718.8	4875.0	3937.5	32.2	47.4	59.9	336.099	/Users/mary/Desktop/listens_20180309/completed_listens/file5e57594aa124.wav	file5e57594aa124.wav	336.099	2601.2	5177.9	GCRF	
203	Spectrogram 1	1	336.519	336.519131869	336.745136276	0.226	3000.0	5156.2	4031.2	30.7	44.2	58.4	336.519	/Users/mary/Desktop/listens_20180309/completed_listens/file5e57594aa124.wav	file5e57594aa124.wav	336.519	2871.2	5521.5	GCRF	
204	Spectrogram 1	1	337.316	337.316425195	337.473372700	0.157	3468.8	4875.0	4125.0	33.8	48.0	59.0	337.316	/Users/mary/Desktop/listens_20180309/completed_listens/file5e57594aa124.wav	file5e57594aa124.wav	337.316	3337.4	5349.7	GCRF	
205	Spectrogram 1	1	337.655	337.655431806	337.875158313	0.220	3093.8	4593.8	3750.0	32.8	47.7	59.4	337.655	/Users/mary/Desktop/listens_20180309/completed_listens/file5e57594aa124.wav	file5e57594aa124.wav	337.655	2993.9	5055.2	GCRF	
206	Spectrogram 1	1	338.604	338.604447623	339.069012238	0.465	3093.8	4500.0	4125.0	34.5	52.9	64.7	338.604	/Users/mary/Desktop/listens_20180309/completed_listens/file5e57594aa124.wav	file5e57594aa124.wav	338.604	2846.6	5079.8	GCRF	
207	Spectrogram 1	1	339.540	339.539854753	339.765859160	0.226	3000.0	4781.2	3656.2	33.9	49.3	61.6	339.540	/Users/mary/Desktop/listens_20180309/completed_listens/file5e57594aa124.wav	file5e57594aa124.wav	339.540	2748.5	5276.1	GCRF	
208	Spectrogram 1	1	341.983	341.983240657	342.177855563	0.195	3093.8	4968.8	4031.2	35.5	52.2	62.5	341.983	/Users/mary/Desktop/listens_20180309/completed_listens/file5e57594aa124.wav	file5e57594aa124.wav	341.983	2871.2	5374.2	GCRF	
209	Spectrogram 1	1	342.894	342.893536187	343.069317392	0.176	3187.5	4687.5	3937.5	36.9	52.3	63.4	342.894	/Users/mary/Desktop/listens_20180309/completed_listens/file5e57594aa124.wav	file5e57594aa124.wav	342.894	2773.0	5251.5	GCRF	
210	Spectrogram 1	1	343.515	343.515048307	343.734774814	0.220	3187.5	4781.2	3843.8	38.0	55.7	66.1	343.515	/Users/mary/Desktop/listens_20180309/completed_listens/file5e57594aa124.wav	file5e57594aa124.wav	343.515	2723.9	5668.7	GCRF	
211	Spectrogram 1	1	343.955	343.954501321	347.827965747	3.873	2812.5	4593.8	4031.2	37.5	61.4	78.5	343.955	/Users/mary/Desktop/listens_20180309/completed_listens/file5e57594aa124.wav	file5e57594aa124.wav	343.955	2257.7	5619.6	GCRF	
212	Spectrogram 1	1	350.062	350.062376790	350.256991696	0.195	3187.5	4593.8	3843.8	35.0	47.9	60.7	350.062	/Users/mary/Desktop/listens_20180309/completed_listens/file5e57594aa124.wav	file5e57594aa124.wav	350.062	3018.4	4932.5	GCRF	
213	Spectrogram 1	1	350.791	350.790613214	351.330512631	0.540	2718.8	4593.8	3468.8	35.4	53.0	67.2	350.791	/Users/mary/Desktop/listens_20180309/completed_listens/file5e57594aa124.wav	file5e57594aa124.wav	350.791	2478.5	5276.1	GCRF	
214	Spectrogram 1	1	352.329	352.328698763	352.761873878	0.433	2718.8	4125.0	3750.0	35.4	51.9	64.6	352.329	/Users/mary/Desktop/listens_20180309/completed_listens/file5e57594aa124.wav	file5e57594aa124.wav	352.329	2552.1	4515.3	GCRF	
215	Spectrogram 1	1	353.213	353.213263796	353.414156602	0.201	2906.2	4406.2	3562.5	37.7	51.8	64.3	353.213	/Users/mary/Desktop/listens_20180309/completed_listens/file5e57594aa124.wav	file5e57594aa124.wav	353.213	2650.3	4957.1	GCRF	
216	Spectrogram 1	1	353.734	353.734329512	354.224005728	0.490	2718.8	4125.0	3843.8	36.3	54.6	66.5	353.734	/Users/mary/Desktop/listens_20180309/completed_listens/file5e57594aa124.wav	file5e57594aa124.wav	353.734	2380.4	4564.4	GCRF	
217	Spectrogram 1	1	354.907	354.906795241	355.132799648	0.226	2906.2	4687.5	3937.5	34.7	51.5	62.1	354.907	/Users/mary/Desktop/listens_20180309/completed_listens/file5e57594aa124.wav	file5e57594aa124.wav	354.907	2650.3	5079.8	GCRF	
218	Spectrogram 1	1	355.503	355.503195760	355.741755968	0.239	2625.0	4500.0	3656.2	34.8	49.5	62.5	355.503	/Users/mary/Desktop/listens_20180309/completed_listens/file5e57594aa124.wav	file5e57594aa124.wav	355.503	2429.4	4834.4	GCRF	
219	Spectrogram 1	1	356.319	356.319322787	356.746220001	0.427	2812.5	4218.8	3843.8	34.7	51.5	64.2	356.319	/Users/mary/Desktop/listens_20180309/completed_listens/file5e57594aa124.wav	file5e57594aa124.wav	356.319	2650.3	4736.2	GCRF	
220	Spectrogram 1	1	357.368	357.367732121	357.587458628	0.220	2812.5	4500.0	3562.5	33.9	48.3	60.8	357.368	/Users/mary/Desktop/listens_20180309/completed_listens/file5e57594aa124.wav	file5e57594aa124.wav	357.368	2699.4	4932.5	GCRF	
221	Spectrogram 1	1	359.226	359.225990581	359.602664594	0.377	2625.0	5625.0	3281.2	33.3	49.4	64.9	359.226	/Users/mary/Desktop/listens_20180309/completed_listens/file5e57594aa124.wav	file5e57594aa124.wav	359.226	2478.5	6208.6	PIKA	
222	Spectrogram 1	1	369.465	369.464623104	369.609014809	0.144	3562.5	4312.5	3937.5	31.9	43.3	53.2	369.465	/Users/mary/Desktop/listens_20180309/completed_listens/file5e57594aa124.wav	file5e57594aa124.wav	369.465	3509.2	4466.3	GCRF	
223	Spectrogram 1	1	369.986	369.985688821	370.230526929	0.245	2718.8	4593.8	3562.5	32.0	43.5	59.4	369.986	/Users/mary/Desktop/listens_20180309/completed_listens/file5e57594aa124.wav	file5e57594aa124.wav	369.986	2601.2	4858.9	GCRF	
224	Spectrogram 1	1	374.552	374.551657121	377.551657121	3.000	1593.8	10875.0	4218.8	29.9	45.0	74.5	374.552	/Users/mary/Desktop/listens_20180309/completed_listens/file5e57594aa124.wav	file5e57594aa124.wav	374.552	1413.0	11220.0	background	
225	Spectrogram 1	1	389.185	389.184750118	390.132713048	0.948	2531.2	4875.0	3468.8	30.8	43.8	64.7	389.185	/Users/mary/Desktop/listens_20180309/completed_listens/file5e57594aa124.wav	file5e57594aa124.wav	389.185	2478.5	5128.8	GCRF	bark notes
226	Spectrogram 1	1	394.304	394.303819317	395.415007653	1.111	2718.8	4406.2	3468.8	30.5	43.6	63.7	394.304	/Users/mary/Desktop/listens_20180309/completed_listens/file5e57594aa124.wav	file5e57594aa124.wav	394.304	2699.4	4589.0	GCRF	
227	Spectrogram 1	1	400.873	400.872840708	401.029788213	0.157	6375.0	7500.0	6843.8	30.1	42.6	53.6	400.873	/Users/mary/Desktop/listens_20180309/completed_listens/file5e57594aa124.wav	file5e57594aa124.wav	400.873	6257.7	7656.4	UNK2	high call note
228	Spectrogram 1	1	405.367	405.367394938	406.014018659	0.647	2718.8	5156.2	3656.2	30.9	47.4	63.3	405.367	/Users/mary/Desktop/listens_20180309/completed_listens/file5e57594aa124.wav	file5e57594aa124.wav	405.367	2650.3	5349.7	GCRF	*
229	Spectrogram 1	1	436.287	436.287053131	439.287053131	3.000	1593.8	10875.0	4031.2	30.0	45.4	74.6	436.287	/Users/mary/Desktop/listens_20180309/completed_listens/file5e57594aa124.wav	file5e57594aa124.wav	436.287	1413.0	11220.0	background	
230	Spectrogram 1	1	457.089	457.089298091	462.714296673	5.625	3000.0	4968.8	3937.5	29.3	45.2	70.3	457.089	/Users/mary/Desktop/listens_20180309/completed_listens/file5e57594aa124.wav	file5e57594aa124.wav	457.089	2920.2	5202.5	AMPI	
231	Spectrogram 1	1	470.378	470.378232400	472.249046660	1.871	6093.8	9562.5	7593.8	29.4	44.9	68.2	470.378	/Users/mary/Desktop/listens_20180309/completed_listens/file5e57594aa124.wav	file5e57594aa124.wav	470.378	5742.3	9766.9	UNK1	
232	Spectrogram 1	1	474.148	474.147665607	474.411337415	0.264	6281.2	8062.5	7031.2	30.6	41.1	58.5	474.148	/Users/mary/Desktop/listens_20180309/completed_listens/file5e57594aa124.wav	file5e57594aa124.wav	474.148	6085.9	8417.2	UNK1	
233	Spectrogram 1	1	475.008	475.007737935	475.315355045	0.308	6468.8	8062.5	7125.0	29.3	38.7	56.9	475.008	/Users/mary/Desktop/listens_20180309/completed_listens/file5e57594aa124.wav	file5e57594aa124.wav	475.008	6306.7	8196.3	UNK1	
234	Spectrogram 1	1	475.981	475.980812466	476.332374878	0.352	6468.8	8531.2	7406.2	28.8	38.8	58.2	475.981	/Users/mary/Desktop/listens_20180309/completed_listens/file5e57594aa124.wav	file5e57594aa124.wav	475.981	6233.1	8687.1	UNK1	
235	Spectrogram 1	1	477.299	477.299171509	477.575399118	0.276	6843.8	8906.2	7968.8	32.0	44.9	60.5	477.299	/Users/mary/Desktop/listens_20180309/completed_listens/file5e57594aa124.wav	file5e57594aa124.wav	477.299	6650.3	9128.8	UNK1	
236	Spectrogram 1	1	478.392	478.391526145	478.686587454	0.295	6750.0	9000.0	7968.8	31.1	43.1	60.3	478.392	/Users/mary/Desktop/listens_20180309/completed_listens/file5e57594aa124.wav	file5e57594aa124.wav	478.392	6454.0	9227.0	UNK1	
237	Spectrogram 1	1	479.820	479.820403080	480.077796989	0.257	6843.8	8812.5	7687.5	32.1	44.5	60.6	479.820	/Users/mary/Desktop/listens_20180309/completed_listens/file5e57594aa124.wav	file5e57594aa124.wav	479.820	6454.0	9104.3	UNK1	
238	Spectrogram 1	1	480.869	480.868812415	481.145040024	0.276	6375.0	8250.0	7218.8	31.0	42.8	59.1	480.869	/Users/mary/Desktop/listens_20180309/completed_listens/file5e57594aa124.wav	file5e57594aa124.wav	480.869	6184.0	8466.3	UNK1	
239	Spectrogram 1	1	482.263	482.262506260	482.576401270	0.314	6656.2	8437.5	7593.8	29.0	40.1	57.1	482.263	/Users/mary/Desktop/listens_20180309/completed_listens/file5e57594aa124.wav	file5e57594aa124.wav	482.263	6478.5	8613.5	UNK1	
240	Spectrogram 1	1	483.524	483.524364201	483.813147610	0.289	6562.5	8343.8	7312.5	30.0	42.4	57.9	483.524	/Users/mary/Desktop/listens_20180309/completed_listens/file5e57594aa124.wav	file5e57594aa124.wav	483.524	6355.8	8490.8	UNK1	
241	Spectrogram 1	1	485.747	485.746740873	486.041802183	0.295	6656.2	8343.8	7312.5	30.0	44.5	58.1	485.747	/Users/mary/Desktop/listens_20180309/completed_listens/file5e57594aa124.wav	file5e57594aa124.wav	485.747	6429.4	8564.4	UNK1	
242	Spectrogram 1	1	488.835	488.835467773	489.143084883	0.308	6468.8	8250.0	7031.2	31.0	45.6	59.3	488.835	/Users/mary/Desktop/listens_20180309/completed_listens/file5e57594aa124.wav	file5e57594aa124.wav	488.835	6306.7	8441.7	UNK1	
243	Spectrogram 1	1	490.928	490.927977143	491.141425750	0.213	6375.0	8062.5	7125.0	31.5	44.6	57.8	490.928	/Users/mary/Desktop/listens_20180309/completed_listens/file5e57594aa124.wav	file5e57594aa124.wav	490.928	6233.1	8245.4	UNK1	
244	Spectrogram 1	1	492.328	492.327948889	492.528841695	0.201	6375.0	8156.2	7125.0	31.8	44.6	58.2	492.328	/Users/mary/Desktop/listens_20180309/completed_listens/file5e57594aa124.wav	file5e57594aa124.wav	492.328	6135.0	8294.5	UNK1	
245	Spectrogram 1	1	494.500	494.500102359	494.751218367	0.251	6281.2	7781.2	7031.2	30.1	42.0	56.8	494.500	/Users/mary/Desktop/listens_20180309/completed_listens/file5e57594aa124.wav	file5e57594aa124.wav	494.500	6110.4	8024.5	UNK1	
246	Spectrogram 1	1	495.812	495.812183502	496.075855311	0.264	6468.8	7687.5	6843.8	33.7	48.5	60.7	495.812	/Users/mary/Desktop/listens_20180309/completed_listens/file5e57594aa124.wav	file5e57594aa124.wav	495.812	6159.5	8049.1	UNK1	
247	Spectrogram 1	1	497.262	497.262378449	497.463271256	0.201	6468.8	7218.8	6843.8	35.9	49.2	60.7	497.262	/Users/mary/Desktop/listens_20180309/completed_listens/file5e57594aa124.wav	file5e57594aa124.wav	497.262	6184.0	7607.4	UNK1	
248	Spectrogram 1	1	498.217	498.216619280	498.436345787	0.220	6375.0	7968.8	7031.2	32.5	48.0	59.0	498.217	/Users/mary/Desktop/listens_20180309/completed_listens/file5e57594aa124.wav	file5e57594aa124.wav	498.217	6184.0	8171.8	UNK1	
249	Spectrogram 1	1	498.826	498.825575600	499.051580007	0.226	6656.2	7968.8	7312.5	33.9	45.7	60.2	498.826	/Users/mary/Desktop/listens_20180309/completed_listens/file5e57594aa124.wav	file5e57594aa124.wav	498.826	6404.9	8269.9	UNK1	
250	Spectrogram 1	1	499.510	499.509866722	499.773538531	0.264	6562.5	8531.2	7312.5	33.3	47.7	61.8	499.510	/Users/mary/Desktop/listens_20180309/completed_listens/file5e57594aa124.wav	file5e57594aa124.wav	499.510	6184.0	8834.4	UNK1	
251	Spectrogram 1	1	500.464	500.464107553	500.734057262	0.270	6656.2	8062.5	7312.5	35.1	47.8	62.7	500.464	/Users/mary/Desktop/listens_20180309/completed_listens/file5e57594aa124.wav	file5e57594aa124.wav	500.464	6282.2	8515.3	UNK1	
252	Spectrogram 1	1	501.514	501.514481183	501.803264593	0.289	6750.0	7968.8	7218.8	38.1	54.6	67.1	501.514	/Users/mary/Desktop/listens_20180309/completed_listens/file5e57594aa124.wav	file5e57594aa124.wav	501.514	6233.1	8981.6	UNK1	
253	Spectrogram 1	1	502.425	502.424776713	502.663336921	0.239	6562.5	8062.5	7125.0	32.8	46.0	59.3	502.425	/Users/mary/Desktop/listens_20180309/completed_listens/file5e57594aa124.wav	file5e57594aa124.wav	502.425	6454.0	8319.0	UNK1	
254	Spectrogram 1	1	503.078	503.077678334	503.353905943	0.276	6656.2	9000.0	7218.8	33.2	50.7	62.7	503.078	/Users/mary/Desktop/listens_20180309/completed_listens/file5e57594aa124.wav	file5e57594aa124.wav	503.078	6184.0	9447.9	UNK1	
255	Spectrogram 1	1	503.837	503.837304259	504.075864467	0.239	6468.8	7875.0	7031.2	33.4	48.0	60.6	503.837	/Users/mary/Desktop/listens_20180309/completed_listens/file5e57594aa124.wav	file5e57594aa124.wav	503.837	6036.8	8245.4	UNK1	
256	Spectrogram 1	1	504.666	504.665987086	504.917103094	0.251	6468.8	8156.2	7406.2	32.5	44.5	60.0	504.666	/Users/mary/Desktop/listens_20180309/completed_listens/file5e57594aa124.wav	file5e57594aa124.wav	504.666	6135.0	8368.1	UNK1	
257	Spectrogram 1	1	505.551	505.551171014	505.827398623	0.276	6468.8	8156.2	7406.2	31.4	44.7	59.2	505.551	/Users/mary/Desktop/listens_20180309/completed_listens/file5e57594aa124.wav	file5e57594aa124.wav	505.551	6233.1	8392.6	UNK1	
258	Spectrogram 1	1	506.311	506.310796939	506.605858249	0.295	6562.5	8343.8	7406.2	31.9	45.7	60.3	506.311	/Users/mary/Desktop/listens_20180309/completed_listens/file5e57594aa124.wav	file5e57594aa124.wav	506.311	6257.7	8564.4	UNK1	
259	Spectrogram 1	1	507.177	507.177147167	507.453374776	0.276	6843.8	8343.8	7500.0	32.1	46.0	59.4	507.177	/Users/mary/Desktop/listens_20180309/completed_listens/file5e57594aa124.wav	file5e57594aa124.wav	507.177	6625.8	8589.0	UNK1	
260	Spectrogram 1	1	508.138	508.137665899	508.432727208	0.295	6750.0	8343.8	7406.2	30.3	43.2	58.0	508.138	/Users/mary/Desktop/listens_20180309/completed_listens/file5e57594aa124.wav	file5e57594aa124.wav	508.138	6527.6	8490.8	UNK1	
261	Spectrogram 1	1	508.872	508.872180222	509.117018330	0.245	6562.5	8437.5	7312.5	30.9	45.1	58.4	508.872	/Users/mary/Desktop/listens_20180309/completed_listens/file5e57594aa124.wav	file5e57594aa124.wav	508.872	6331.3	8613.5	UNK1	
262	Spectrogram 1	1	509.588	509.587860846	509.920589556	0.333	6281.2	8343.8	7125.0	30.0	42.9	59.3	509.588	/Users/mary/Desktop/listens_20180309/completed_listens/file5e57594aa124.wav	file5e57594aa124.wav	509.588	6085.9	8589.0	UNK1	
263	Spectrogram 1	1	510.460	510.460488974	510.730438683	0.270	6468.8	8062.5	7125.0	30.5	42.4	57.7	510.460	/Users/mary/Desktop/listens_20180309/completed_listens/file5e57594aa124.wav	file5e57594aa124.wav	510.460	6233.1	8171.8	UNK1	
264	Spectrogram 1	1	511.339	511.339395003	511.552843610	0.213	6562.5	8250.0	7125.0	33.3	49.1	60.3	511.339	/Users/mary/Desktop/listens_20180309/completed_listens/file5e57594aa124.wav	file5e57594aa124.wav	511.339	6184.0	8466.3	UNK1	
265	Spectrogram 1	1	512.155	512.154730537	512.481181348	0.326	6562.5	8343.8	7312.5	29.7	42.4	58.2	512.155	/Users/mary/Desktop/listens_20180309/completed_listens/file5e57594aa124.wav	file5e57594aa124.wav	512.155	6355.8	8466.3	UNK1	
266	Spectrogram 1	1	513.103	513.102693468	513.404032678	0.301	6562.5	8062.5	7218.8	33.4	47.2	61.6	513.103	/Users/mary/Desktop/listens_20180309/completed_listens/file5e57594aa124.wav	file5e57594aa124.wav	513.103	6257.7	8392.6	UNK1	
267	Spectrogram 1	1	513.843	513.843485692	514.119713301	0.276	6656.2	8062.5	7031.2	32.6	46.6	60.2	513.843	/Users/mary/Desktop/listens_20180309/completed_listens/file5e57594aa124.wav	file5e57594aa124.wav	513.843	6355.8	8392.6	UNK1	
268	Spectrogram 1	1	514.773	514.772614922	515.011175130	0.239	6562.5	7875.0	7218.8	30.8	42.0	56.9	514.773	/Users/mary/Desktop/listens_20180309/completed_listens/file5e57594aa124.wav	file5e57594aa124.wav	514.773	6331.3	8024.5	UNK1	
269	Spectrogram 1	1	515.601	515.601297749	515.858691658	0.257	6562.5	8156.2	7031.2	30.2	43.6	57.1	515.601	/Users/mary/Desktop/listens_20180309/completed_listens/file5e57594aa124.wav	file5e57594aa124.wav	515.601	6429.4	8294.5	UNK1	
270	Spectrogram 1	1	516.455	516.455092177	516.718763986	0.264	6562.5	7968.8	7125.0	32.3	47.7	59.4	516.455	/Users/mary/Desktop/listens_20180309/completed_listens/file5e57594aa124.wav	file5e57594aa124.wav	516.455	6257.7	8245.4	UNK1	
271	Spectrogram 1	1	518.238	518.238015835	518.570744546	0.333	6281.2	7875.0	6843.8	30.1	44.8	58.3	518.238	/Users/mary/Desktop/listens_20180309/completed_listens/file5e57594aa124.wav	file5e57594aa124.wav	518.238	6012.3	7975.5	UNK1	
272	Spectrogram 1	1	519.280	519.280147269	519.656821281	0.377	6187.5	7781.2	6937.5	30.2	44.6	58.7	519.280	/Users/mary/Desktop/listens_20180309/completed_listens/file5e57594aa124.wav	file5e57594aa124.wav	519.280	6036.8	7926.4	UNK1	
273	Spectrogram 1	1	520.479	520.479226208	520.749175917	0.270	6281.2	7781.2	6937.5	31.6	46.5	58.9	520.479	/Users/mary/Desktop/listens_20180309/completed_listens/file5e57594aa124.wav	file5e57594aa124.wav	520.479	6061.3	8024.5	UNK1	
274	Spectrogram 1	1	521.151	521.150961530	521.439744939	0.289	6656.2	8343.8	7218.8	34.4	48.1	62.8	521.151	/Users/mary/Desktop/listens_20180309/completed_listens/file5e57594aa124.wav	file5e57594aa124.wav	521.151	6331.3	8736.2	UNK1	
275	Spectrogram 1	1	522.049	522.048701259	522.280983566	0.232	6750.0	8250.0	7312.5	32.0	45.6	58.8	522.049	/Users/mary/Desktop/listens_20180309/completed_listens/file5e57594aa124.wav	file5e57594aa124.wav	522.049	6404.9	8515.3	UNK1	
276	Spectrogram 1	1	522.695	522.695324980	522.971552589	0.276	6656.2	7968.8	7125.0	33.0	47.9	60.2	522.695	/Users/mary/Desktop/listens_20180309/completed_listens/file5e57594aa124.wav	file5e57594aa124.wav	522.695	6429.4	8343.6	UNK1	
277	Spectrogram 1	1	517.261	517.261279854	517.568896964	0.308	6281.2	8250.0	7218.8	28.5	38.9	56.9	517.261	/Users/mary/Desktop/listens_20180309/completed_listens/file5e57594aa124.wav	file5e57594aa124.wav	517.261	6184.0	8392.6	UNK1	
278	Spectrogram 1	1	523.803	523.802851867	524.066523675	0.264	6843.8	8156.2	7406.2	33.9	49.1	61.3	523.803	/Users/mary/Desktop/listens_20180309/completed_listens/file5e57594aa124.wav	file5e57594aa124.wav	523.803	6527.6	8539.9	UNK1	
279	Spectrogram 1	1	524.343	524.342943038	525.209293266	0.866	6562.5	7968.8	7218.8	29.0	43.0	60.6	524.343	/Users/mary/Desktop/listens_20180309/completed_listens/file5e57594aa124.wav	file5e57594aa124.wav	524.343	6380.4	8073.6	UNK1	
281	Spectrogram 1	1	526.904	526.904326321	527.469337340	0.565	6656.2	8062.5	7312.5	28.5	39.3	58.0	526.904	/Users/mary/Desktop/listens_20180309/completed_listens/file5e57594aa124.wav	file5e57594aa124.wav	526.904	6527.6	8098.2	UNK1	
282	Spectrogram 1	1	527.959	527.959013556	528.429856071	0.471	6375.0	8156.2	7218.8	30.3	44.8	60.4	527.959	/Users/mary/Desktop/listens_20180309/completed_listens/file5e57594aa124.wav	file5e57594aa124.wav	527.959	6184.0	8269.9	UNK1	
283	Spectrogram 1	1	529.727	529.727328030	530.003555639	0.276	6750.0	8156.2	7406.2	28.9	37.8	55.1	529.727	/Users/mary/Desktop/listens_20180309/completed_listens/file5e57594aa124.wav	file5e57594aa124.wav	529.727	6674.8	8220.9	UNK1	
284	Spectrogram 1	1	530.468	530.468120254	530.782015265	0.314	6750.0	8062.5	7406.2	30.2	41.7	57.2	530.468	/Users/mary/Desktop/listens_20180309/completed_listens/file5e57594aa124.wav	file5e57594aa124.wav	530.468	6601.2	8245.4	UNK1	
285	Spectrogram 1	1	531.121	531.121021876	531.660921293	0.540	6187.5	8531.2	7218.8	30.1	44.6	61.7	531.121	/Users/mary/Desktop/listens_20180309/completed_listens/file5e57594aa124.wav	file5e57594aa124.wav	531.121	5914.1	8687.1	UNK1	
286	Spectrogram 1	1	532.044	532.043873206	532.307545014	0.264	7031.2	9093.8	8062.5	30.0	40.5	57.7	532.044	/Users/mary/Desktop/listens_20180309/completed_listens/file5e57594aa124.wav	file5e57594aa124.wav	532.044	6895.7	9104.3	UNK1	
287	Spectrogram 1	1	533.582	533.581958756	533.902131666	0.320	6375.0	8437.5	7218.8	31.6	46.1	60.9	533.582	/Users/mary/Desktop/listens_20180309/completed_listens/file5e57594aa124.wav	file5e57594aa124.wav	533.582	6085.9	8687.1	UNK1	
288	Spectrogram 1	1	534.404	534.404363682	534.705702892	0.301	6562.5	8531.2	7500.0	30.4	43.1	58.7	534.404	/Users/mary/Desktop/listens_20180309/completed_listens/file5e57594aa124.wav	file5e57594aa124.wav	534.404	6404.9	8711.7	UNK1	
289	Spectrogram 1	1	535.390	535.389994014	535.747834326	0.358	6750.0	8906.2	7687.5	30.8	46.4	60.5	535.390	/Users/mary/Desktop/listens_20180309/completed_listens/file5e57594aa124.wav	file5e57594aa124.wav	535.390	6527.6	9177.9	UNK1	
290	Spectrogram 1	1	536.432	536.432125448	536.764854159	0.333	6750.0	8718.8	7687.5	31.0	43.0	60.2	536.432	/Users/mary/Desktop/listens_20180309/completed_listens/file5e57594aa124.wav	file5e57594aa124.wav	536.432	6429.4	8957.1	UNK1	
291	Spectrogram 1	1	537.411	537.411477880	537.712817090	0.301	6656.2	8250.0	7218.8	31.8	46.9	59.9	537.411	/Users/mary/Desktop/listens_20180309/completed_listens/file5e57594aa124.wav	file5e57594aa124.wav	537.411	6331.3	8441.7	UNK1	
292	Spectrogram 1	1	538.176	538.175530855	539.029325282	0.854	7031.2	9281.2	7968.8	36.7	57.1	72.0	538.176	/Users/mary/Desktop/listens_20180309/completed_listens/file5e57594aa124.wav	file5e57594aa124.wav	538.176	6110.4	10036.8	UNK1	
293	Spectrogram 1	1	539.469	539.468778297	540.303739024	0.835	6750.0	9281.2	7875.0	30.7	45.4	64.8	539.469	/Users/mary/Desktop/listens_20180309/completed_listens/file5e57594aa124.wav	file5e57594aa124.wav	539.469	6380.4	9472.4	UNK1	
294	Spectrogram 1	1	540.762	540.762025739	541.107310250	0.345	6656.2	9093.8	7781.2	28.7	42.5	58.5	540.762	/Users/mary/Desktop/listens_20180309/completed_listens/file5e57594aa124.wav	file5e57594aa124.wav	540.762	6503.1	9202.5	UNK1	
295	Spectrogram 1	1	541.691	541.691154969	541.948548877	0.257	6375.0	8718.8	7406.2	30.6	41.8	59.3	541.691	/Users/mary/Desktop/listens_20180309/completed_listens/file5e57594aa124.wav	file5e57594aa124.wav	541.691	6085.9	8981.6	UNK1	
296	Spectrogram 1	1	542.601	542.601450498	542.883956008	0.283	6750.0	8812.5	7406.2	33.0	47.2	62.0	542.601	/Users/mary/Desktop/listens_20180309/completed_listens/file5e57594aa124.wav	file5e57594aa124.wav	542.601	6355.8	9104.3	UNK1	
297	Spectrogram 1	1	543.543	543.543135529	543.875864240	0.333	6468.8	9000.0	7500.0	31.4	44.4	61.6	543.543	/Users/mary/Desktop/listens_20180309/completed_listens/file5e57594aa124.wav	file5e57594aa124.wav	543.543	6061.3	9202.5	UNK1	
298	Spectrogram 1	1	544.403	544.403207857	544.710824967	0.308	6656.2	8718.8	7406.2	32.2	48.5	61.3	544.403	/Users/mary/Desktop/listens_20180309/completed_listens/file5e57594aa124.wav	file5e57594aa124.wav	544.403	6404.9	9079.8	UNK1	
299	Spectrogram 1	1	545.828	545.828291203	546.091963012	0.264	6375.0	8531.2	7406.2	29.6	41.8	58.1	545.828	/Users/mary/Desktop/listens_20180309/completed_listens/file5e57594aa124.wav	file5e57594aa124.wav	545.828	6110.4	8809.8	UNK1	
300	Spectrogram 1	1	546.486	546.485718988	546.730557095	0.245	6562.5	8437.5	7312.5	29.2	40.7	56.4	546.486	/Users/mary/Desktop/listens_20180309/completed_listens/file5e57594aa124.wav	file5e57594aa124.wav	546.486	6380.4	8539.9	UNK1	
301	Spectrogram 1	1	547.252	547.251622812	547.515294621	0.264	6375.0	8343.8	7500.0	28.6	39.8	56.4	547.252	/Users/mary/Desktop/listens_20180309/completed_listens/file5e57594aa124.wav	file5e57594aa124.wav	547.252	6257.7	8441.7	UNK1	
302	Spectrogram 1	1	548.325	548.325143747	548.657872458	0.333	6750.0	8343.8	7500.0	28.0	36.9	55.6	548.325	/Users/mary/Desktop/listens_20180309/completed_listens/file5e57594aa124.wav	file5e57594aa124.wav	548.325	6699.4	8392.6	UNK1	
303	Spectrogram 1	1	550.742	550.742135326	550.955583933	0.213	6843.8	8343.8	7593.8	30.5	44.4	56.5	550.742	/Users/mary/Desktop/listens_20180309/completed_listens/file5e57594aa124.wav	file5e57594aa124.wav	550.742	6601.2	8466.3	UNK1	
304	Spectrogram 1	1	553.205	553.205216062	553.393553068	0.188	7406.2	8531.2	7968.8	29.1	37.8	53.4	553.205	/Users/mary/Desktop/listens_20180309/completed_listens/file5e57594aa124.wav	file5e57594aa124.wav	553.205	7288.3	8711.7	UNK1	
305	Spectrogram 1	1	555.051	555.050918722	555.295756830	0.245	6468.8	8250.0	7500.0	28.6	38.1	55.5	555.051	/Users/mary/Desktop/listens_20180309/completed_listens/file5e57594aa124.wav	file5e57594aa124.wav	555.051	6355.8	8417.2	UNK1	
306	Spectrogram 1	1	557.531	557.530689303	557.806916912	0.276	6562.5	8156.2	7406.2	28.7	40.3	55.8	557.531	/Users/mary/Desktop/listens_20180309/completed_listens/file5e57594aa124.wav	file5e57594aa124.wav	557.531	6380.4	8294.5	UNK1	
307	Spectrogram 1	1	561.210	561.210146420	561.429872927	0.220	6843.8	8437.5	7593.8	29.6	43.2	56.1	561.210	/Users/mary/Desktop/listens_20180309/completed_listens/file5e57594aa124.wav	file5e57594aa124.wav	561.210	6576.7	8613.5	UNK1	
308	Spectrogram 1	1	571.584	571.583849674	572.870819216	1.287	3375.0	5906.2	4125.0	30.6	49.4	66.5	571.584	/Users/mary/Desktop/listens_20180309/completed_listens/file5e57594aa124.wav	file5e57594aa124.wav	571.584	3239.3	6233.1	DEJU	*
309	Spectrogram 1	1	575.049	575.049250586	576.254607426	1.205	3656.2	5625.0	4687.5	30.0	44.7	64.5	575.049	/Users/mary/Desktop/listens_20180309/completed_listens/file5e57594aa124.wav	file5e57594aa124.wav	575.049	3509.2	5889.6	DEJU	*
310	Spectrogram 1	1	578.628	578.627653703	579.920901145	1.293	3750.0	5718.8	4687.5	29.2	43.7	64.0	578.628	/Users/mary/Desktop/listens_20180309/completed_listens/file5e57594aa124.wav	file5e57594aa124.wav	578.628	3582.8	5963.2	DEJU	*
