Selection	View	Channel	Begin Clock Time	Begin Time (s)	End Time (s)	Delta Time (s)	Freq 5% (Hz)	Freq 95% (Hz)	Center Freq (Hz)	Avg Power (dB)	Max Power (dB)	Energy (dB)	Begin Date Time	Begin Path	Begin File	File Offset (s)	Low Freq (Hz)	High Freq (Hz)	ID	NOTES
1	Spectrogram 1	1	1.320	1.319733943	2.367372353	1.048	2250.0	3281.2	2812.5	28.4	41.3	59.1	1.320	/Users/mary/Desktop/listens_20180309/completed_listens/file5e575d890e45.wav	file5e575d890e45.wav	1.320	2176.7	3348.8	HETH	
2	Spectrogram 1	1	8.120	8.119772277	9.238437020	1.119	2437.5	3656.2	3093.8	28.3	43.3	60.2	8.120	/Users/mary/Desktop/listens_20180309/completed_listens/file5e575d890e45.wav	file5e575d890e45.wav	8.120	2372.1	3795.3	HETH	
3	Spectrogram 1	1	12.671	12.670731853	13.878179512	1.207	1968.8	3656.2	2718.8	29.2	44.6	63.2	12.671	/Users/mary/Desktop/listens_20180309/completed_listens/file5e575d890e45.wav	file5e575d890e45.wav	12.671	1814.0	3934.9	HETH	
4	Spectrogram 1	1	16.854	16.853749476	17.350933806	0.497	3562.5	4500.0	3843.8	30.2	44.5	57.6	16.854	/Users/mary/Desktop/listens_20180309/completed_listens/file5e575d890e45.wav	file5e575d890e45.wav	16.854	3376.7	4576.7	HETH	call
5	Spectrogram 1	1	20.551	20.551193478	22.255825467	1.705	2531.2	5625.0	3656.2	28.3	46.8	66.0	20.551	/Users/mary/Desktop/listens_20180309/completed_listens/file5e575d890e45.wav	file5e575d890e45.wav	20.551	2372.1	5832.6	HETH	
6	Spectrogram 1	1	26.560	26.560388848	28.735570293	2.175	3093.8	4031.2	3656.2	29.1	45.3	62.6	26.560	/Users/mary/Desktop/listens_20180309/completed_listens/file5e575d890e45.wav	file5e575d890e45.wav	26.560	3041.9	4046.5	AMPI	
7	Spectrogram 1	1	25.664	25.663681395	26.498240806	0.835	2906.2	4593.8	3562.5	30.1	47.1	62.7	25.664	/Users/mary/Desktop/listens_20180309/completed_listens/file5e575d890e45.wav	file5e575d890e45.wav	25.664	2651.2	4855.8	HETH	
8	Spectrogram 1	1	32.511	32.510835857	33.984632265	1.474	2437.5	4125.0	3187.5	28.6	43.4	63.2	32.511	/Users/mary/Desktop/listens_20180309/completed_listens/file5e575d890e45.wav	file5e575d890e45.wav	32.511	2260.5	4269.8	HETH	
9	Spectrogram 1	1	34.393	34.393033679	34.606112677	0.213	3937.5	5437.5	4593.8	29.1	41.2	54.9	34.393	/Users/mary/Desktop/listens_20180309/completed_listens/file5e575d890e45.wav	file5e575d890e45.wav	34.393	3795.3	5553.5	DUFL	call
10	Spectrogram 1	1	36.772	36.771570726	37.952383511	1.181	1968.8	3750.0	2718.8	28.5	46.4	62.2	36.772	/Users/mary/Desktop/listens_20180309/completed_listens/file5e575d890e45.wav	file5e575d890e45.wav	36.772	1897.7	3851.2	HETH	
11	Spectrogram 1	1	40.886	40.885606853	42.093054512	1.207	3281.2	4687.5	3843.8	27.7	42.9	60.7	40.886	/Users/mary/Desktop/listens_20180309/completed_listens/file5e575d890e45.wav	file5e575d890e45.wav	40.886	3097.7	4855.8	HETH	
12	Spectrogram 1	1	44.872	44.871959786	46.185946945	1.314	2343.8	4312.5	3093.8	28.5	43.4	63.3	44.872	/Users/mary/Desktop/listens_20180309/completed_listens/file5e575d890e45.wav	file5e575d890e45.wav	44.872	2204.7	4548.8	HETH	
13	Spectrogram 1	1	52.569	52.568671480	54.122372512	1.554	2718.8	3750.0	3000.0	32.8	52.1	66.7	52.569	/Users/mary/Desktop/listens_20180309/completed_listens/file5e575d890e45.wav	file5e575d890e45.wav	52.569	2455.8	4074.4	HETH	
14	Spectrogram 1	1	57.825	57.824620114	59.245146772	1.421	2062.5	3468.8	2718.8	34.7	55.9	69.1	57.825	/Users/mary/Desktop/listens_20180309/completed_listens/file5e575d890e45.wav	file5e575d890e45.wav	57.825	1981.4	4018.6	HETH	
15	Spectrogram 1	1	61.394	61.393693342	62.654410750	1.261	3375.0	5062.5	3750.0	34.8	56.6	70.6	61.394	/Users/mary/Desktop/listens_20180309/completed_listens/file5e575d890e45.wav	file5e575d890e45.wav	61.394	2818.6	5832.6	HETH	
16	Spectrogram 1	1	64.806	64.806288813	66.146910846	1.341	2437.5	3937.5	3000.0	36.4	55.5	71.0	64.806	/Users/mary/Desktop/listens_20180309/completed_listens/file5e575d890e45.wav	file5e575d890e45.wav	64.806	2260.5	4493.0	HETH	
17	Spectrogram 1	1	68.446	68.446388373	70.195411821	1.749	3093.8	3843.8	3281.2	39.4	60.6	75.3	68.446	/Users/mary/Desktop/listens_20180309/completed_listens/file5e575d890e45.wav	file5e575d890e45.wav	68.446	2344.2	4660.5	HETH	
18	Spectrogram 1	1	73.725	73.725484901	75.359090557	1.634	1687.5	3843.8	2718.8	32.5	54.6	69.3	73.725	/Users/mary/Desktop/listens_20180309/completed_listens/file5e575d890e45.wav	file5e575d890e45.wav	73.725	1423.3	4353.5	HETH	
19	Spectrogram 1	1	77.694	77.694081251	79.052459868	1.358	3093.8	4593.8	3843.8	37.4	56.6	73.3	77.694	/Users/mary/Desktop/listens_20180309/completed_listens/file5e575d890e45.wav	file5e575d890e45.wav	77.694	2344.2	5190.7	HETH	
20	Spectrogram 1	1	81.370	81.369693978	83.100960843	1.731	2718.8	3468.8	2906.2	39.2	59.5	76.3	81.370	/Users/mary/Desktop/listens_20180309/completed_listens/file5e575d890e45.wav	file5e575d890e45.wav	81.370	1897.7	4939.5	HETH	
21	Spectrogram 1	1	75.957	75.957350066	76.179307357	0.222	4218.8	5062.5	4593.8	30.4	46.1	54.3	75.957	/Users/mary/Desktop/listens_20180309/completed_listens/file5e575d890e45.wav	file5e575d890e45.wav	75.957	4102.3	5162.8	DUFL	
22	Spectrogram 1	1	85.635	85.634556991	87.010692191	1.376	2906.2	4031.2	3281.2	40.4	59.0	74.6	85.635	/Users/mary/Desktop/listens_20180309/completed_listens/file5e575d890e45.wav	file5e575d890e45.wav	85.635	2657.0	4529.9	HETH	
23	Spectrogram 1	1	88.547	88.546636640	89.097090720	0.550	2625.0	4218.8	3375.0	31.7	47.6	62.5	88.547	/Users/mary/Desktop/listens_20180309/completed_listens/file5e575d890e45.wav	file5e575d890e45.wav	88.547	2395.6	4508.2	PIKA	
24	Spectrogram 1	1	90.811	90.810601001	93.172226570	2.362	2156.2	3562.5	2906.2	34.0	57.4	71.3	90.811	/Users/mary/Desktop/listens_20180309/completed_listens/file5e575d890e45.wav	file5e575d890e45.wav	90.811	1916.5	4159.7	HETH	
25	Spectrogram 1	1	95.327	95.326864601	96.596460301	1.270	3562.5	5156.2	3750.0	34.8	56.2	70.0	95.327	/Users/mary/Desktop/listens_20180309/completed_listens/file5e575d890e45.wav	file5e575d890e45.wav	95.327	2918.3	5618.9	HETH	
26	Spectrogram 1	1	98.825	98.824911496	100.325342778	1.500	2437.5	3937.5	2906.2	36.4	57.6	72.1	98.825	/Users/mary/Desktop/listens_20180309/completed_listens/file5e575d890e45.wav	file5e575d890e45.wav	98.825	2047.2	4421.1	HETH	
27	Spectrogram 1	1	103.033	103.033221720	104.471504961	1.438	3187.5	4218.8	3281.2	40.9	61.0	76.0	103.033	/Users/mary/Desktop/listens_20180309/completed_listens/file5e575d890e45.wav	file5e575d890e45.wav	103.033	2569.9	4791.3	HETH	
28	Spectrogram 1	1	106.646	106.645904981	109.645904981	3.000	1781.2	10875.0	6937.5	27.2	38.9	71.9	106.646	/Users/mary/Desktop/listens_20180309/completed_listens/file5e575d890e45.wav	file5e575d890e45.wav	106.646	1413.0	11220.0	background	
29	Spectrogram 1	1	115.259	115.259160846	115.578779344	0.320	2718.8	3562.5	3187.5	28.6	41.2	53.4	115.259	/Users/mary/Desktop/listens_20180309/completed_listens/file5e575d890e45.wav	file5e575d890e45.wav	115.259	2635.2	3615.2	GCRF	*PIKA
30	Spectrogram 1	1	147.974	147.974044556	148.471228886	0.497	2531.2	4031.2	3281.2	29.9	47.0	59.6	147.974	/Users/mary/Desktop/listens_20180309/completed_listens/file5e575d890e45.wav	file5e575d890e45.wav	147.974	2417.4	4246.8	GCRF	*PIKA
31	Spectrogram 1	1	153.539	153.538629325	153.751708324	0.213	3093.8	4500.0	3843.8	27.8	38.4	53.3	153.539	/Users/mary/Desktop/listens_20180309/completed_listens/file5e575d890e45.wav	file5e575d890e45.wav	153.539	2961.9	4617.1	GCRF	
32	Spectrogram 1	1	155.554	155.554001521	155.811471978	0.257	3187.5	4875.0	3937.5	29.7	44.8	56.7	155.554	/Users/mary/Desktop/listens_20180309/completed_listens/file5e575d890e45.wav	file5e575d890e45.wav	155.554	3070.8	5009.1	GCRF	
33	Spectrogram 1	1	156.664	156.663787973	156.912380138	0.249	3187.5	4875.0	4031.2	28.6	42.6	55.5	156.664	/Users/mary/Desktop/listens_20180309/completed_listens/file5e575d890e45.wav	file5e575d890e45.wav	156.664	3092.6	5009.1	GCRF	
34	Spectrogram 1	1	157.223	157.223120344	157.427321051	0.204	3093.8	4687.5	3937.5	29.6	44.1	55.8	157.223	/Users/mary/Desktop/listens_20180309/completed_listens/file5e575d890e45.wav	file5e575d890e45.wav	157.223	2831.2	4922.0	GCRF	
35	Spectrogram 1	1	161.754	161.754427223	161.985262805	0.231	3281.2	4593.8	3937.5	27.4	39.5	53.2	161.754	/Users/mary/Desktop/listens_20180309/completed_listens/file5e575d890e45.wav	file5e575d890e45.wav	161.754	3179.7	4704.2	GCRF	
36	Spectrogram 1	1	164.379	164.378966560	164.565410684	0.186	3375.0	4593.8	3937.5	27.7	38.9	51.6	164.379	/Users/mary/Desktop/listens_20180309/completed_listens/file5e575d890e45.wav	file5e575d890e45.wav	164.379	3310.3	4660.6	GCRF	
37	Spectrogram 1	1	164.850	164.849516015	165.124743055	0.275	3187.5	4687.5	3843.8	27.7	40.2	54.5	164.850	/Users/mary/Desktop/listens_20180309/completed_listens/file5e575d890e45.wav	file5e575d890e45.wav	164.850	3070.8	4791.3	GCRF	
38	Spectrogram 1	1	165.764	165.763980051	166.021450508	0.257	3000.0	4500.0	3750.0	27.0	38.0	53.5	165.764	/Users/mary/Desktop/listens_20180309/completed_listens/file5e575d890e45.wav	file5e575d890e45.wav	165.764	2940.1	4638.8	GCRF	
39	Spectrogram 1	1	198.835	198.834720407	198.967894781	0.133	7406.2	11343.8	9468.8	33.8	49.0	61.8	198.835	/Users/mary/Desktop/listens_20180309/completed_listens/file5e575d890e45.wav	file5e575d890e45.wav	198.835	6773.1	11564.4	UNK	brushing sound
40	Spectrogram 1	1	232.541	232.540566554	232.877941635	0.337	2625.0	3843.8	3093.8	28.6	42.0	55.6	232.541	/Users/mary/Desktop/listens_20180309/completed_listens/file5e575d890e45.wav	file5e575d890e45.wav	232.541	2526.3	4029.0	PIKA	*GCRF
41	Spectrogram 1	1	245.861	245.860966641	246.429177304	0.568	3375.0	4125.0	3750.0	28.2	40.3	55.0	245.861	/Users/mary/Desktop/listens_20180309/completed_listens/file5e575d890e45.wav	file5e575d890e45.wav	245.861	3310.3	4137.9	GCRF	*
42	Spectrogram 1	1	241.271	241.270889878	241.510603751	0.240	3656.2	4312.5	3937.5	26.8	35.9	49.4	241.271	/Users/mary/Desktop/listens_20180309/completed_listens/file5e575d890e45.wav	file5e575d890e45.wav	241.271	3637.0	4377.5	UNK2	legit
43	Spectrogram 1	1	251.197	251.196819900	251.418777190	0.222	3375.0	4031.2	3656.2	29.5	41.7	51.7	251.197	/Users/mary/Desktop/listens_20180309/completed_listens/file5e575d890e45.wav	file5e575d890e45.wav	251.197	3332.1	4050.8	UNK2	
44	Spectrogram 1	1	260.869	260.869253770	261.455221016	0.586	3281.2	4218.8	3750.0	28.5	43.3	56.3	260.869	/Users/mary/Desktop/listens_20180309/completed_listens/file5e575d890e45.wav	file5e575d890e45.wav	260.869	3223.2	4225.0	UNK2	
45	Spectrogram 1	1	265.788	265.787827323	266.000906321	0.213	3281.2	3843.8	3468.8	29.8	41.6	51.3	265.788	/Users/mary/Desktop/listens_20180309/completed_listens/file5e575d890e45.wav	file5e575d890e45.wav	265.788	3201.5	3898.4	UNK2	
46	Spectrogram 1	1	286.812	286.812106772	287.042942353	0.231	3375.0	4031.2	3656.2	28.5	39.3	50.9	286.812	/Users/mary/Desktop/listens_20180309/completed_listens/file5e575d890e45.wav	file5e575d890e45.wav	286.812	3288.6	4072.6	UNK2	
47	Spectrogram 1	1	335.446	335.446299609	335.623865441	0.178	1406.2	3093.8	2437.5	29.9	46.0	55.1	335.446	/Users/mary/Desktop/listens_20180309/completed_listens/file5e575d890e45.wav	file5e575d890e45.wav	335.446	1372.1	3266.8	geophony	water
48	Spectrogram 1	1	420.803	420.802572013	421.290878052	0.488	2062.5	3656.2	3000.0	30.1	46.1	60.0	420.803	/Users/mary/Desktop/listens_20180309/completed_listens/file5e575d890e45.wav	file5e575d890e45.wav	420.803	1938.3	3920.1	PIKA	*GCRF
49	Spectrogram 1	1	434.070	434.070047929	434.416301302	0.346	2625.0	3562.5	3187.5	30.1	44.3	56.3	434.070	/Users/mary/Desktop/listens_20180309/completed_listens/file5e575d890e45.wav	file5e575d890e45.wav	434.070	2482.8	3745.9	PIKA	
50	Spectrogram 1	1	445.656	445.656358359	446.570822395	0.914	2906.2	4125.0	3468.8	27.8	41.6	59.2	445.656	/Users/mary/Desktop/listens_20180309/completed_listens/file5e575d890e45.wav	file5e575d890e45.wav	445.656	2744.1	4290.4	HETH	
51	Spectrogram 1	1	449.012	449.012352588	450.139895622	1.128	2250.0	3937.5	3000.0	27.4	41.0	60.8	449.012	/Users/mary/Desktop/listens_20180309/completed_listens/file5e575d890e45.wav	file5e575d890e45.wav	449.012	2156.1	4050.8	HETH	
52	Spectrogram 1	1	454.380	454.380020350	455.241214636	0.861	2812.5	4031.2	3281.2	28.1	41.8	59.2	454.380	/Users/mary/Desktop/listens_20180309/completed_listens/file5e575d890e45.wav	file5e575d890e45.wav	454.380	2678.8	4181.5	HETH	
53	Spectrogram 1	1	465.136	465.136321444	466.290499354	1.154	3093.8	4500.0	3750.0	26.8	38.2	59.7	465.136	/Users/mary/Desktop/listens_20180309/completed_listens/file5e575d890e45.wav	file5e575d890e45.wav	465.136	2918.3	4595.3	HETH	
54	Spectrogram 1	1	468.661	468.661003214	469.602102125	0.941	2250.0	3843.8	2906.2	27.6	39.5	60.1	468.661	/Users/mary/Desktop/listens_20180309/completed_listens/file5e575d890e45.wav	file5e575d890e45.wav	468.661	2156.1	3941.9	HETH	
55	Spectrogram 1	1	473.526	473.526307017	474.502919095	0.977	2812.5	4218.8	3468.8	28.8	43.3	61.0	473.526	/Users/mary/Desktop/listens_20180309/completed_listens/file5e575d890e45.wav	file5e575d890e45.wav	473.526	2678.8	4377.5	HETH	
56	Spectrogram 1	1	474.791	474.791051938	475.075157270	0.284	6281.2	7687.5	6937.5	27.9	41.9	54.5	474.791	/Users/mary/Desktop/listens_20180309/completed_listens/file5e575d890e45.wav	file5e575d890e45.wav	474.791	6250.5	7818.5	DEJU	high twittering
57	Spectrogram 1	1	478.222	478.222157351	478.932420680	0.710	2437.5	3375.0	2812.5	27.5	38.4	56.1	478.222	/Users/mary/Desktop/listens_20180309/completed_listens/file5e575d890e45.wav	file5e575d890e45.wav	478.222	2395.6	3397.5	HETH	
58	Spectrogram 1	1	481.907	481.906648370	483.273905278	1.367	2250.0	4500.0	3562.5	27.4	41.5	62.8	481.907	/Users/mary/Desktop/listens_20180309/completed_listens/file5e575d890e45.wav	file5e575d890e45.wav	481.907	2156.1	4660.6	HETH	
59	Spectrogram 1	1	486.603	486.603207809	486.940582890	0.337	2625.0	3562.5	3000.0	33.6	47.5	60.6	486.603	/Users/mary/Desktop/listens_20180309/completed_listens/file5e575d890e45.wav	file5e575d890e45.wav	486.603	2417.4	3876.6	PIKA	
60	Spectrogram 1	1	486.941	486.940582890	487.784020593	0.843	2437.5	3468.8	3093.8	28.8	45.2	58.9	486.941	/Users/mary/Desktop/listens_20180309/completed_listens/file5e575d890e45.wav	file5e575d890e45.wav	486.941	2373.9	3615.2	HETH	
61	Spectrogram 1	1	490.732	490.731613409	491.868034735	1.136	1875.0	3281.2	2625.0	28.4	41.4	61.3	490.732	/Users/mary/Desktop/listens_20180309/completed_listens/file5e575d890e45.wav	file5e575d890e45.wav	490.732	1742.3	3419.2	HETH	
62	Spectrogram 1	1	492.602	492.602156268	493.063827431	0.462	6375.0	7312.5	6843.8	28.4	41.6	55.5	492.602	/Users/mary/Desktop/listens_20180309/completed_listens/file5e575d890e45.wav	file5e575d890e45.wav	492.602	6250.5	7361.2	DEJU	
63	Spectrogram 1	1	495.212	495.212374001	496.020298538	0.808	2906.2	4125.0	3281.2	27.9	41.2	58.7	495.212	/Users/mary/Desktop/listens_20180309/completed_listens/file5e575d890e45.wav	file5e575d890e45.wav	495.212	2744.1	4225.0	HETH	
64	Spectrogram 1	1	494.115	494.114874476	494.514397598	0.400	6375.0	7593.8	6937.5	27.9	39.9	55.1	494.115	/Users/mary/Desktop/listens_20180309/completed_listens/file5e575d890e45.wav	file5e575d890e45.wav	494.115	6315.8	7644.3	DEJU	
65	Spectrogram 1	1	496.138	496.138419990	496.742143819	0.604	6562.5	8812.5	7125.0	33.0	54.0	65.5	496.138	/Users/mary/Desktop/listens_20180309/completed_listens/file5e575d890e45.wav	file5e575d890e45.wav	496.138	6315.8	9190.6	DEJU	
66	Spectrogram 1	1	497.124	497.123910359	497.567824939	0.444	6468.8	8718.8	6750.0	34.6	58.0	66.2	497.124	/Users/mary/Desktop/listens_20180309/completed_listens/file5e575d890e45.wav	file5e575d890e45.wav	497.124	6032.7	9299.5	DEJU	
67	Spectrogram 1	1	498.021	498.020617811	498.251453393	0.231	6375.0	7875.0	6656.2	36.0	57.1	63.9	498.021	/Users/mary/Desktop/listens_20180309/completed_listens/file5e575d890e45.wav	file5e575d890e45.wav	498.021	5967.3	8559.0	DEJU	DEJU
68	Spectrogram 1	1	499.370	499.370118136	499.663101759	0.293	6468.8	8531.2	6843.8	40.5	63.1	70.8	499.370	/Users/mary/Desktop/listens_20180309/completed_listens/file5e575d890e45.wav	file5e575d890e45.wav	499.370	6206.9	9909.3	DEJU	
69	Spectrogram 1	1	505.993	505.993323679	507.547024711	1.554	6093.8	7875.0	6656.2	30.5	50.8	66.1	505.993	/Users/mary/Desktop/listens_20180309/completed_listens/file5e575d890e45.wav	file5e575d890e45.wav	505.993	5793.1	8079.9	DEJU	
70	Spectrogram 1	1	507.028	507.027925936	507.347544434	0.320	2437.5	3937.5	3187.5	28.0	40.8	55.6	507.028	/Users/mary/Desktop/listens_20180309/completed_listens/file5e575d890e45.wav	file5e575d890e45.wav	507.028	2286.8	4072.6	HETH	
71	Spectrogram 1	1	511.139	511.138574952	516.021635339	4.883	6000.0	8718.8	6656.2	36.4	64.3	79.8	511.139	/Users/mary/Desktop/listens_20180309/completed_listens/file5e575d890e45.wav	file5e575d890e45.wav	511.139	5444.6	9865.7	DEJU	
72	Spectrogram 1	1	512.239	512.239483112	513.189460315	0.950	1875.0	3187.5	2625.0	28.9	43.0	60.4	512.239	/Users/mary/Desktop/listens_20180309/completed_listens/file5e575d890e45.wav	file5e575d890e45.wav	512.239	1807.6	3353.9	HETH	
73	Spectrogram 1	1	519.235	519.234784112	520.273544231	1.039	3000.0	4031.2	3562.5	28.4	44.1	59.4	519.235	/Users/mary/Desktop/listens_20180309/completed_listens/file5e575d890e45.wav	file5e575d890e45.wav	519.235	2896.6	4072.6	HETH	
74	Spectrogram 1	1	523.026	523.025814631	524.295410331	1.270	1875.0	3562.5	2718.8	27.8	41.8	61.6	523.026	/Users/mary/Desktop/listens_20180309/completed_listens/file5e575d890e45.wav	file5e575d890e45.wav	523.026	1829.4	3680.6	HETH	
75	Spectrogram 1	1	528.831	528.830802060	529.754144388	0.923	2718.8	4031.2	3468.8	27.0	36.2	58.4	528.831	/Users/mary/Desktop/listens_20180309/completed_listens/file5e575d890e45.wav	file5e575d890e45.wav	528.831	2657.0	4159.7	HETH	
76	Spectrogram 1	1	533.199	533.198921533	534.175533611	0.977	2062.5	4125.0	2906.2	27.7	39.9	61.3	533.199	/Users/mary/Desktop/listens_20180309/completed_listens/file5e575d890e45.wav	file5e575d890e45.wav	533.199	1894.7	4225.0	HETH	
77	Spectrogram 1	1	534.247	534.246559943	534.903553523	0.657	6000.0	8343.8	6562.5	39.3	63.3	74.0	534.247	/Users/mary/Desktop/listens_20180309/completed_listens/file5e575d890e45.wav	file5e575d890e45.wav	534.247	5510.0	9952.8	DEJU	
78	Spectrogram 1	1	538.064	538.064225337	538.987567664	0.923	2531.2	3843.8	3187.5	30.4	46.6	62.5	538.064	/Users/mary/Desktop/listens_20180309/completed_listens/file5e575d890e45.wav	file5e575d890e45.wav	538.064	2308.5	4094.4	HETH	
79	Spectrogram 1	1	539.854	539.854006384	540.004937341	0.151	6375.0	8625.0	7687.5	45.1	67.4	73.6	539.854	/Users/mary/Desktop/listens_20180309/completed_listens/file5e575d890e45.wav	file5e575d890e45.wav	539.854	5945.6	10671.5	DEJU	
80	Spectrogram 1	1	540.484	540.484365088	546.077688804	5.593	6093.8	9750.0	6937.5	34.3	61.4	78.6	540.484	/Users/mary/Desktop/listens_20180309/completed_listens/file5e575d890e45.wav	file5e575d890e45.wav	540.484	5771.3	10627.9	DEJU	
81	Spectrogram 1	1	543.192	543.192244030	544.905754311	1.714	1968.8	3843.8	2812.5	27.8	42.8	63.5	543.192	/Users/mary/Desktop/listens_20180309/completed_listens/file5e575d890e45.wav	file5e575d890e45.wav	543.192	1807.6	3963.7	HETH	
82	Spectrogram 1	1	549.202	549.202078596	549.512818803	0.311	3375.0	4125.0	3750.0	29.3	39.9	54.0	549.202	/Users/mary/Desktop/listens_20180309/completed_listens/file5e575d890e45.wav	file5e575d890e45.wav	549.202	3353.9	4225.0	HETH	*call
83	Spectrogram 1	1	552.620	552.620220867	553.623467819	1.003	2156.2	3656.2	2906.2	27.7	40.5	60.0	552.620	/Users/mary/Desktop/listens_20180309/completed_listens/file5e575d890e45.wav	file5e575d890e45.wav	552.620	2069.0	3811.3	HETH	
84	Spectrogram 1	1	546.929	546.929235944	547.097923484	0.169	5812.5	7031.2	6468.8	28.5	40.4	52.1	546.929	/Users/mary/Desktop/listens_20180309/completed_listens/file5e575d890e45.wav	file5e575d890e45.wav	546.929	5684.2	7034.5	DEJU	
85	Spectrogram 1	1	548.181	548.181075061	548.376397476	0.195	5906.2	6937.5	6468.8	27.9	40.6	51.4	548.181	/Users/mary/Desktop/listens_20180309/completed_listens/file5e575d890e45.wav	file5e575d890e45.wav	548.181	5902.0	7012.7	DEJU	
86	Spectrogram 1	1	548.572	548.571719892	548.704894266	0.133	5812.5	6750.0	6281.2	29.5	44.6	50.9	548.572	/Users/mary/Desktop/listens_20180309/completed_listens/file5e575d890e45.wav	file5e575d890e45.wav	548.572	5771.3	6816.7	DEJU	
87	Spectrogram 1	1	558.814	558.813730634	560.189865834	1.376	2718.8	4406.2	3281.2	28.4	45.3	62.7	558.814	/Users/mary/Desktop/listens_20180309/completed_listens/file5e575d890e45.wav	file5e575d890e45.wav	558.814	2548.1	4529.9	HETH	
88	Spectrogram 1	1	561.291	561.290773994	561.690297116	0.400	2156.2	3562.5	2906.2	29.5	44.2	57.7	561.291	/Users/mary/Desktop/listens_20180309/completed_listens/file5e575d890e45.wav	file5e575d890e45.wav	561.291	2003.6	3745.9	PIKA	*GCRF
89	Spectrogram 1	1	563.120	563.119702066	564.478080682	1.358	1875.0	3562.5	2718.8	27.9	41.6	62.2	563.120	/Users/mary/Desktop/listens_20180309/completed_listens/file5e575d890e45.wav	file5e575d890e45.wav	563.120	1698.7	3680.6	HETH	
90	Spectrogram 1	1	567.825	567.825196620	569.032644279	1.207	2812.5	5250.0	3937.5	26.6	39.2	61.8	567.825	/Users/mary/Desktop/listens_20180309/completed_listens/file5e575d890e45.wav	file5e575d890e45.wav	567.825	2657.0	5357.5	HETH	
91	Spectrogram 1	1	575.105	575.105318600	576.215105051	1.110	2343.8	3750.0	3000.0	28.0	40.9	60.7	575.105	/Users/mary/Desktop/listens_20180309/completed_listens/file5e575d890e45.wav	file5e575d890e45.wav	575.105	2199.6	3898.4	HETH	
92	Spectrogram 1	1	580.632	580.632357936	581.884197054	1.252	2718.8	4500.0	3562.5	27.0	38.2	61.1	580.632	/Users/mary/Desktop/listens_20180309/completed_listens/file5e575d890e45.wav	file5e575d890e45.wav	580.632	2548.1	4617.1	WCSP	
93	Spectrogram 1	1	599.383	599.383456929	599.640927385	0.257	6281.2	7218.8	6656.2	30.5	44.7	55.8	599.383	/Users/mary/Desktop/listens_20180309/completed_listens/file5e575d890e45.wav	file5e575d890e45.wav	599.383	6054.4	7404.7	DEJU	
