Selection	View	Channel	Begin Clock Time	Begin Time (s)	End Time (s)	Delta Time (s)	Freq 5% (Hz)	Freq 95% (Hz)	Center Freq (Hz)	Avg Power (dB)	Max Power (dB)	Energy (dB)	Begin Date Time	Begin Path	Begin File	File Offset (s)	Low Freq (Hz)	High Freq (Hz)	ID	NOTES
1	Spectrogram 1	1	16.354	16.354136803	17.773287821	1.419	3187.5	4312.5	3750.0	29.1	41.5	62.1	16.354	/Users/mary/Desktop/listens_20180309/completed_listens/file5e577bc5790d.wav	file5e577bc5790d.wav	16.354	3070.7	4444.4	MOCH	call
2	Spectrogram 1	1	19.705	19.704942671	22.704942671	3.000	1500.0	10781.2	5343.8	28.3	43.4	73.0	19.705	/Users/mary/Desktop/listens_20180309/completed_listens/file5e577bc5790d.wav	file5e577bc5790d.wav	19.705	1413.0	11220.0	background	
3	Spectrogram 1	1	28.782	28.782421967	29.453293357	0.671	4312.5	8062.5	7125.0	64.9	88.8	103.2	28.782	/Users/mary/Desktop/listens_20180309/completed_listens/file5e577bc5790d.wav	file5e577bc5790d.wav	28.782	1171.7	11353.5	AMRO	juv
4	Spectrogram 1	1	42.975	42.975485434	43.646356824	0.671	6281.2	7781.2	7031.2	65.7	92.3	104.4	42.975	/Users/mary/Desktop/listens_20180309/completed_listens/file5e577bc5790d.wav	file5e577bc5790d.wav	42.975	848.5	11878.8	AMRO	juv
5	Spectrogram 1	1	56.785	56.784907880	57.731008559	0.946	2062.5	3750.0	2812.5	29.3	41.3	61.8	56.785	/Users/mary/Desktop/listens_20180309/completed_listens/file5e577bc5790d.wav	file5e577bc5790d.wav	56.785	2020.2	3878.8	HETH	song
6	Spectrogram 1	1	63.353	63.353138250	64.178826115	0.826	2343.8	4218.8	3093.8	28.6	39.9	60.9	63.353	/Users/mary/Desktop/listens_20180309/completed_listens/file5e577bc5790d.wav	file5e577bc5790d.wav	63.353	2262.6	4363.6	HETH	song
7	Spectrogram 1	1	64.540	64.540064556	65.305546015	0.765	6375.0	8062.5	7125.0	64.2	90.4	103.2	64.540	/Users/mary/Desktop/listens_20180309/completed_listens/file5e577bc5790d.wav	file5e577bc5790d.wav	64.540	971.4	11313.7	AMRO	juv
8	Spectrogram 1	1	80.920	80.919500967	81.280739408	0.361	2437.5	3281.2	2906.2	30.7	44.4	56.4	80.920	/Users/mary/Desktop/listens_20180309/completed_listens/file5e577bc5790d.wav	file5e577bc5790d.wav	80.920	2424.2	3434.3	HETH	song first not
9	Spectrogram 1	1	83.304	83.303802145	83.776852484	0.473	6000.0	7875.0	7031.2	64.4	87.9	101.3	83.304	/Users/mary/Desktop/listens_20180309/completed_listens/file5e577bc5790d.wav	file5e577bc5790d.wav	83.304	1535.4	11717.2	AMRO	juv
10	Spectrogram 1	1	84.302	84.301508315	85.084191604	0.783	2437.5	3750.0	3093.8	29.0	40.7	59.7	84.302	/Users/mary/Desktop/listens_20180309/completed_listens/file5e577bc5790d.wav	file5e577bc5790d.wav	84.302	2383.8	3919.2	HETH	
11	Spectrogram 1	1	92.603	92.603459902	93.463551429	0.860	2156.2	3375.0	2718.8	29.9	44.4	60.7	92.603	/Users/mary/Desktop/listens_20180309/completed_listens/file5e577bc5790d.wav	file5e577bc5790d.wav	92.603	2101.0	3515.2	HETH	
12	Spectrogram 1	1	96.912	96.911701717	97.195531920	0.284	3375.0	4125.0	3750.0	31.5	44.2	56.2	96.912	/Users/mary/Desktop/listens_20180309/completed_listens/file5e577bc5790d.wav	file5e577bc5790d.wav	96.912	3232.3	4242.4	HETH	
13	Spectrogram 1	1	99.870	99.870416567	100.558489789	0.688	2062.5	3468.8	2812.5	30.7	44.4	61.4	99.870	/Users/mary/Desktop/listens_20180309/completed_listens/file5e577bc5790d.wav	file5e577bc5790d.wav	99.870	2060.6	3676.8	HETH	
14	Spectrogram 1	1	100.954	100.954131891	101.401379484	0.447	4968.8	8062.5	6937.5	69.2	92.0	106.0	100.954	/Users/mary/Desktop/listens_20180309/completed_listens/file5e577bc5790d.wav	file5e577bc5790d.wav	100.954	1333.3	11959.6	AMRO	juv
15	Spectrogram 1	1	103.645	103.644510478	103.979946173	0.335	2437.5	4406.2	3093.8	60.7	85.2	95.4	103.645	/Users/mary/Desktop/listens_20180309/completed_listens/file5e577bc5790d.wav	file5e577bc5790d.wav	103.645	971.4	9770.9	AMRO	JUV
16	Spectrogram 1	1	106.362	106.362399701	107.102078414	0.740	5156.2	7875.0	6656.2	67.7	92.7	106.3	106.362	/Users/mary/Desktop/listens_20180309/completed_listens/file5e577bc5790d.wav	file5e577bc5790d.wav	106.362	1199.9	10970.9	AMRO	juv
17	Spectrogram 1	1	109.519	109.518935603	109.845770383	0.327	2531.2	5625.0	3843.8	59.3	80.4	94.1	109.519	/Users/mary/Desktop/listens_20180309/completed_listens/file5e577bc5790d.wav	file5e577bc5790d.wav	109.519	1371.4	10399.5	AMRO	juv
18	Spectrogram 1	1	103.329	103.329173580	103.633261856	0.304	2718.8	3656.2	3281.2	34.1	47.9	60.9	103.329	/Users/mary/Desktop/listens_20180309/completed_listens/file5e577bc5790d.wav	file5e577bc5790d.wav	103.329	2514.2	4056.9	HETH	
19	Spectrogram 1	1	116.747	116.747157286	117.555643321	0.808	2343.8	3843.8	2906.2	30.0	44.3	61.5	116.747	/Users/mary/Desktop/listens_20180309/completed_listens/file5e577bc5790d.wav	file5e577bc5790d.wav	116.747	2228.5	3942.7	HETH	
20	Spectrogram 1	1	120.442	120.441835496	121.061101395	0.619	6093.8	7781.2	7031.2	66.2	94.1	105.9	120.442	/Users/mary/Desktop/listens_20180309/completed_listens/file5e577bc5790d.wav	file5e577bc5790d.wav	120.442	971.4	15942.0	AMRO	juv
21	Spectrogram 1	1	122.429	122.428646922	122.807087194	0.378	3187.5	4218.8	3562.5	30.6	44.7	57.5	122.429	/Users/mary/Desktop/listens_20180309/completed_listens/file5e577bc5790d.wav	file5e577bc5790d.wav	122.429	3028.4	4342.6	HETH	
22	Spectrogram 1	1	125.284	125.284150790	125.696994723	0.413	5250.0	13406.2	6562.5	64.7	90.3	102.6	125.284	/Users/mary/Desktop/listens_20180309/completed_listens/file5e577bc5790d.wav	file5e577bc5790d.wav	125.284	1428.5	16284.9	AMRO	juv
23	Spectrogram 1	1	126.067	126.066834079	126.625893571	0.559	2062.5	3468.8	2718.8	30.2	43.5	59.7	126.067	/Users/mary/Desktop/listens_20180309/completed_listens/file5e577bc5790d.wav	file5e577bc5790d.wav	126.067	2057.0	3599.8	HETH	
24	Spectrogram 1	1	129.773	129.773011825	130.203057588	0.430	6000.0	7500.0	6562.5	64.4	90.3	100.6	129.773	/Users/mary/Desktop/listens_20180309/completed_listens/file5e577bc5790d.wav	file5e577bc5790d.wav	129.773	1714.2	11485.1	AMRO	juv
25	Spectrogram 1	1	130.212	130.211658503	131.131956437	0.920	2437.5	4031.2	3187.5	30.3	45.4	62.9	130.212	/Users/mary/Desktop/listens_20180309/completed_listens/file5e577bc5790d.wav	file5e577bc5790d.wav	130.212	2342.7	4228.4	HETH	
26	Spectrogram 1	1	134.550	134.550269631	135.203939191	0.654	1968.8	3843.8	2812.5	29.9	45.0	61.4	134.550	/Users/mary/Desktop/listens_20180309/completed_listens/file5e577bc5790d.wav	file5e577bc5790d.wav	134.550	1885.6	4114.1	HETH	
27	Spectrogram 1	1	135.230	135.229741936	135.969420649	0.740	5906.2	7687.5	6562.5	62.7	89.0	101.4	135.230	/Users/mary/Desktop/listens_20180309/completed_listens/file5e577bc5790d.wav	file5e577bc5790d.wav	135.230	1314.2	11370.8	AMRO	
28	Spectrogram 1	1	138.481	138.480887906	138.824924517	0.344	3093.8	3937.5	3468.8	31.1	44.0	57.2	138.481	/Users/mary/Desktop/listens_20180309/completed_listens/file5e577bc5790d.wav	file5e577bc5790d.wav	138.481	2914.1	4171.2	HETH	
29	Spectrogram 1	1	139.943	139.943043501	140.269878281	0.327	5718.8	7593.8	6468.8	63.0	88.4	97.8	139.943	/Users/mary/Desktop/listens_20180309/completed_listens/file5e577bc5790d.wav	file5e577bc5790d.wav	139.943	1714.2	11028.0	AMRO	
30	Spectrogram 1	1	140.781	140.781076717	141.408943531	0.628	3281.2	6375.0	4593.8	27.8	41.8	61.3	140.781	/Users/mary/Desktop/listens_20180309/completed_listens/file5e577bc5790d.wav	file5e577bc5790d.wav	140.781	3085.6	6571.1	MOCH	call
31	Spectrogram 1	1	142.940	142.939906448	143.774195228	0.834	2343.8	3843.8	3000.0	29.7	45.9	61.1	142.940	/Users/mary/Desktop/listens_20180309/completed_listens/file5e577bc5790d.wav	file5e577bc5790d.wav	142.940	2285.6	3999.8	HETH	song
32	Spectrogram 1	1	143.955	143.954814449	144.728896823	0.774	6093.8	7687.5	6750.0	64.9	92.4	104.0	143.955	/Users/mary/Desktop/listens_20180309/completed_listens/file5e577bc5790d.wav	file5e577bc5790d.wav	143.955	685.7	11199.4	AMRO	
33	Spectrogram 1	1	147.722	147.721666431	148.590358873	0.869	2531.2	4218.8	3281.2	31.4	48.6	63.9	147.722	/Users/mary/Desktop/listens_20180309/completed_listens/file5e577bc5790d.wav	file5e577bc5790d.wav	147.722	2399.9	4456.9	HETH	
34	Spectrogram 1	1	149.915	149.914899823	150.310541925	0.396	6187.5	7781.2	6843.8	62.6	87.9	98.3	149.915	/Users/mary/Desktop/listens_20180309/completed_listens/file5e577bc5790d.wav	file5e577bc5790d.wav	149.915	1771.3	11142.3	AMRO	
35	Spectrogram 1	1	150.398	150.397523004	151.722063955	1.325	3093.8	7781.2	4968.8	28.5	50.0	67.1	150.398	/Users/mary/Desktop/listens_20180309/completed_listens/file5e577bc5790d.wav	file5e577bc5790d.wav	150.398	2742.7	8228.2	MOCH	call
36	Spectrogram 1	1	152.546	152.545806843	152.864040708	0.318	2437.5	3281.2	2812.5	30.0	40.2	54.8	152.546	/Users/mary/Desktop/listens_20180309/completed_listens/file5e577bc5790d.wav	file5e577bc5790d.wav	152.546	2399.9	3371.3	HETH	
37	Spectrogram 1	1	155.522	155.521723524	155.891562881	0.370	6281.2	7781.2	6843.8	62.7	88.3	98.1	155.522	/Users/mary/Desktop/listens_20180309/completed_listens/file5e577bc5790d.wav	file5e577bc5790d.wav	155.522	1599.9	11142.3	AMRO	
38	Spectrogram 1	1	156.045	156.045186541	156.879475321	0.834	2906.2	4218.8	3468.8	29.5	44.3	60.8	156.045	/Users/mary/Desktop/listens_20180309/completed_listens/file5e577bc5790d.wav	file5e577bc5790d.wav	156.045	2799.9	4399.8	HETH	
39	Spectrogram 1	1	160.974	160.973876089	161.610343819	0.636	3187.5	5906.2	4406.2	29.0	46.2	62.0	160.974	/Users/mary/Desktop/listens_20180309/completed_listens/file5e577bc5790d.wav	file5e577bc5790d.wav	160.974	2971.3	6171.1	MOCH	call
40	Spectrogram 1	1	162.058	162.057591412	162.427430769	0.370	6468.8	7968.8	6937.5	62.3	87.0	98.1	162.058	/Users/mary/Desktop/listens_20180309/completed_listens/file5e577bc5790d.wav	file5e577bc5790d.wav	162.058	1599.9	11885.1	AMRO	
41	Spectrogram 1	1	162.936	162.936389095	163.736274214	0.800	2531.2	6093.8	4031.2	27.6	40.3	62.6	162.936	/Users/mary/Desktop/listens_20180309/completed_listens/file5e577bc5790d.wav	file5e577bc5790d.wav	162.936	2399.9	6342.5	HETH	
42	Spectrogram 1	1	168.701	168.700995310	169.105238327	0.404	6468.8	7968.8	6843.8	62.8	86.7	98.8	168.701	/Users/mary/Desktop/listens_20180309/completed_listens/file5e577bc5790d.wav	file5e577bc5790d.wav	168.701	1885.6	11713.7	AMRO	
43	Spectrogram 1	1	170.587	170.586529750	170.999373683	0.413	3375.0	6093.8	4593.8	28.3	43.2	59.4	170.587	/Users/mary/Desktop/listens_20180309/completed_listens/file5e577bc5790d.wav	file5e577bc5790d.wav	170.587	3142.7	6228.3	MOCH	
44	Spectrogram 1	1	172.668	172.667951244	173.037790600	0.370	2437.5	3375.0	2906.2	29.7	40.5	55.9	172.668	/Users/mary/Desktop/listens_20180309/completed_listens/file5e577bc5790d.wav	file5e577bc5790d.wav	172.668	2399.9	3542.7	HETH	
45	Spectrogram 1	1	176.142	176.141603566	176.537245668	0.396	6656.2	7781.2	7312.5	62.1	85.2	97.4	176.142	/Users/mary/Desktop/listens_20180309/completed_listens/file5e577bc5790d.wav	file5e577bc5790d.wav	176.142	2342.7	10970.9	AMRO	
46	Spectrogram 1	1	176.597	176.597452075	177.689768313	1.092	2437.5	4593.8	3187.5	31.6	47.9	66.4	176.597	/Users/mary/Desktop/listens_20180309/completed_listens/file5e577bc5790d.wav	file5e577bc5790d.wav	176.597	2342.7	4971.2	HETH	
47	Spectrogram 1	1	178.130	178.130439792	179.222756031	1.092	3281.2	8250.0	5718.8	27.7	44.2	65.6	178.130	/Users/mary/Desktop/listens_20180309/completed_listens/file5e577bc5790d.wav	file5e577bc5790d.wav	178.130	3028.4	8571.0	MOCH	
48	Spectrogram 1	1	181.097	181.097062386	181.492704488	0.396	3375.0	4218.8	3843.8	28.7	42.7	54.8	181.097	/Users/mary/Desktop/listens_20180309/completed_listens/file5e577bc5790d.wav	file5e577bc5790d.wav	181.097	3314.1	4342.6	HETH	
49	Spectrogram 1	1	185.505	185.505012290	185.883452562	0.378	6375.0	8156.2	7031.2	59.4	83.6	94.8	185.505	/Users/mary/Desktop/listens_20180309/completed_listens/file5e577bc5790d.wav	file5e577bc5790d.wav	185.505	1999.9	11085.1	AMRO	
50	Spectrogram 1	1	184.292	184.292283238	184.644920764	0.353	2343.8	3281.2	2812.5	29.5	39.6	55.5	184.292	/Users/mary/Desktop/listens_20180309/completed_listens/file5e577bc5790d.wav	file5e577bc5790d.wav	184.292	2342.7	3428.4	HETH	
51	Spectrogram 1	1	187.904	187.904350558	188.721437508	0.817	2625.0	4500.0	3375.0	30.0	46.1	62.6	187.904	/Users/mary/Desktop/listens_20180309/completed_listens/file5e577bc5790d.wav	file5e577bc5790d.wav	187.904	2457.0	4742.6	HETH	
52	Spectrogram 1	1	192.067	192.067193546	192.987491479	0.920	2250.0	4031.2	3000.0	30.3	46.1	63.1	192.067	/Users/mary/Desktop/listens_20180309/completed_listens/file5e577bc5790d.wav	file5e577bc5790d.wav	192.067	2228.5	4228.4	HETH	
53	Spectrogram 1	1	195.427	195.426815637	195.813856824	0.387	6468.8	8156.2	7031.2	59.0	84.7	94.7	195.427	/Users/mary/Desktop/listens_20180309/completed_listens/file5e577bc5790d.wav	file5e577bc5790d.wav	195.427	1771.3	11313.7	AMRO	
54	Spectrogram 1	1	197.539	197.539140153	197.709429587	0.170	3281.2	4218.8	3750.0	30.0	41.3	52.9	197.539	/Users/mary/Desktop/listens_20180309/completed_listens/file5e577bc5790d.wav	file5e577bc5790d.wav	197.539	3199.8	4342.6	HETH	
55	Spectrogram 1	1	204.254	204.254201375	204.941440877	0.687	3000.0	4125.0	3468.8	28.6	39.9	58.2	204.254	/Users/mary/Desktop/listens_20180309/completed_listens/file5e577bc5790d.wav	file5e577bc5790d.wav	204.254	2914.1	4285.5	HETH	
56	Spectrogram 1	1	206.991	206.990853931	207.392250455	0.401	6375.0	7968.8	7031.2	61.6	85.4	98.0	206.991	/Users/mary/Desktop/listens_20180309/completed_listens/file5e577bc5790d.wav	file5e577bc5790d.wav	206.991	800.0	11428.0	AMRO	
57	Spectrogram 1	1	208.055	208.055162895	208.389659998	0.334	2250.0	3562.5	2812.5	29.1	40.1	56.1	208.055	/Users/mary/Desktop/listens_20180309/completed_listens/file5e577bc5790d.wav	file5e577bc5790d.wav	208.055	2228.5	3657.0	HETH	
58	Spectrogram 1	1	211.236	211.235674032	212.020221782	0.785	2343.8	3750.0	3187.5	30.3	44.9	61.8	211.236	/Users/mary/Desktop/listens_20180309/completed_listens/file5e577bc5790d.wav	file5e577bc5790d.wav	211.236	2228.5	3942.7	HETH	
59	Spectrogram 1	1	215.607	215.607127449	216.270039889	0.663	2812.5	4875.0	3656.2	29.6	45.1	61.6	215.607	/Users/mary/Desktop/listens_20180309/completed_listens/file5e577bc5790d.wav	file5e577bc5790d.wav	215.607	2685.6	5085.5	HETH	
60	Spectrogram 1	1	217.565	217.565455942	217.966852466	0.401	6187.5	8062.5	7031.2	58.1	82.8	94.4	217.565	/Users/mary/Desktop/listens_20180309/completed_listens/file5e577bc5790d.wav	file5e577bc5790d.wav	217.565	1714.2	12513.6	AMRO	
61	Spectrogram 1	1	219.019	219.018997899	219.639337980	0.620	1875.0	3281.2	2625.0	30.6	45.8	60.8	219.019	/Users/mary/Desktop/listens_20180309/completed_listens/file5e577bc5790d.wav	file5e577bc5790d.wav	219.019	1828.5	3485.5	HETH	
62	Spectrogram 1	1	222.868	222.868331743	223.683288321	0.815	2531.2	4218.8	3375.0	33.7	51.8	67.0	222.868	/Users/mary/Desktop/listens_20180309/completed_listens/file5e577bc5790d.wav	file5e577bc5790d.wav	222.868	2171.3	4799.8	HETH	
63	Spectrogram 1	1	225.064	225.063849091	225.416591491	0.353	6468.8	7781.2	6937.5	62.8	87.0	98.1	225.064	/Users/mary/Desktop/listens_20180309/completed_listens/file5e577bc5790d.wav	file5e577bc5790d.wav	225.064	2114.2	11656.5	AMRO	
64	Spectrogram 1	1	226.900	226.899765656	227.690395172	0.791	2062.5	3937.5	3000.0	31.0	46.4	63.6	226.900	/Users/mary/Desktop/listens_20180309/completed_listens/file5e577bc5790d.wav	file5e577bc5790d.wav	226.900	1885.6	4285.5	HETH	
65	Spectrogram 1	1	231.714	231.713513210	232.078419141	0.365	3468.8	4125.0	3843.8	33.4	47.8	59.6	231.714	/Users/mary/Desktop/listens_20180309/completed_listens/file5e577bc5790d.wav	file5e577bc5790d.wav	231.714	3199.8	4342.6	HETH	call?
66	Spectrogram 1	1	234.237	234.237445896	234.614515358	0.377	6750.0	7781.2	7031.2	62.7	85.6	98.3	234.237	/Users/mary/Desktop/listens_20180309/completed_listens/file5e577bc5790d.wav	file5e577bc5790d.wav	234.237	1828.5	11428.0	AMRO	
67	Spectrogram 1	1	235.338	235.338245453	236.074139080	0.736	2156.2	4031.2	2906.2	30.8	46.7	63.2	235.338	/Users/mary/Desktop/listens_20180309/completed_listens/file5e577bc5790d.wav	file5e577bc5790d.wav	235.338	1999.9	4399.8	HETH	
68	Spectrogram 1	1	239.083	239.083056419	239.916258294	0.833	2625.0	4875.0	3468.8	30.5	47.8	64.2	239.083	/Users/mary/Desktop/listens_20180309/completed_listens/file5e577bc5790d.wav	file5e577bc5790d.wav	239.083	2399.9	5199.7	HETH	
69	Spectrogram 1	1	242.136	242.135899586	242.537296109	0.401	2343.8	3468.8	2812.5	31.7	46.2	59.5	242.136	/Users/mary/Desktop/listens_20180309/completed_listens/file5e577bc5790d.wav	file5e577bc5790d.wav	242.136	2171.3	3657.0	HETH	
70	Spectrogram 1	1	243.024	243.023837350	243.364416218	0.341	6281.2	7781.2	7031.2	59.6	85.7	95.1	243.024	/Users/mary/Desktop/listens_20180309/completed_listens/file5e577bc5790d.wav	file5e577bc5790d.wav	243.024	1885.6	12170.8	AMRO	
71	Spectrogram 1	1	246.235	246.235009538	247.104702006	0.870	2343.8	4312.5	3281.2	31.2	50.0	64.6	246.235	/Users/mary/Desktop/listens_20180309/completed_listens/file5e577bc5790d.wav	file5e577bc5790d.wav	246.235	2114.2	4685.5	HETH	
72	Spectrogram 1	1	250.299	250.298888662	250.718530482	0.420	3000.0	4125.0	3656.2	30.6	43.8	58.2	250.299	/Users/mary/Desktop/listens_20180309/completed_listens/file5e577bc5790d.wav	file5e577bc5790d.wav	250.299	2857.0	4285.5	HETH	*call?
73	Spectrogram 1	1	252.158	252.157599466	252.528587162	0.371	2437.5	5250.0	3187.5	36.1	52.7	68.6	252.158	/Users/mary/Desktop/listens_20180309/completed_listens/file5e577bc5790d.wav	file5e577bc5790d.wav	252.158	1885.6	6685.4	PIKA	
74	Spectrogram 1	1	253.246	253.246235492	253.982129119	0.736	1875.0	4125.0	2906.2	29.7	43.8	62.4	253.246	/Users/mary/Desktop/listens_20180309/completed_listens/file5e577bc5790d.wav	file5e577bc5790d.wav	253.246	1828.5	4342.6	HETH	
75	Spectrogram 1	1	256.375	256.374708047	256.538915716	0.164	2718.8	5156.2	3562.5	32.1	49.0	59.5	256.375	/Users/mary/Desktop/listens_20180309/completed_listens/file5e577bc5790d.wav	file5e577bc5790d.wav	256.375	2342.7	5542.6	GCRF	
76	Spectrogram 1	1	257.214	257.213991687	257.457262307	0.243	3281.2	4218.8	3656.2	29.0	40.5	53.4	257.214	/Users/mary/Desktop/listens_20180309/completed_listens/file5e577bc5790d.wav	file5e577bc5790d.wav	257.214	3257.0	4399.8	HETH	
77	Spectrogram 1	1	258.072	258.071520624	258.199237699	0.128	2906.2	4781.2	3750.0	30.6	44.1	55.2	258.072	/Users/mary/Desktop/listens_20180309/completed_listens/file5e577bc5790d.wav	file5e577bc5790d.wav	258.072	2799.9	4971.2	GCRF	
78	Spectrogram 1	1	259.154	259.154074884	259.488571987	0.334	5812.5	7968.8	6937.5	60.2	86.1	95.7	259.154	/Users/mary/Desktop/listens_20180309/completed_listens/file5e577bc5790d.wav	file5e577bc5790d.wav	259.154	1714.2	12113.7	AMRO	
79	Spectrogram 1	1	260.518	260.518447575	260.962416457	0.444	2437.5	3750.0	3000.0	29.9	44.0	58.7	260.518	/Users/mary/Desktop/listens_20180309/completed_listens/file5e577bc5790d.wav	file5e577bc5790d.wav	260.518	2342.7	3942.7	HETH	
80	Spectrogram 1	1	264.344	264.344199356	265.146992403	0.803	2531.2	4406.2	3468.8	30.9	46.4	63.9	264.344	/Users/mary/Desktop/listens_20180309/completed_listens/file5e577bc5790d.wav	file5e577bc5790d.wav	264.344	2342.7	4742.6	HETH	
81	Spectrogram 1	1	268.517	268.517197362	268.772631513	0.255	2343.8	3468.8	2812.5	30.3	42.4	55.5	268.517	/Users/mary/Desktop/listens_20180309/completed_listens/file5e577bc5790d.wav	file5e577bc5790d.wav	268.517	2285.6	3599.8	HETH	
82	Spectrogram 1	1	270.478	270.477838540	270.836662705	0.359	2718.8	5250.0	3750.0	27.9	38.3	57.9	270.478	/Users/mary/Desktop/listens_20180309/completed_listens/file5e577bc5790d.wav	file5e577bc5790d.wav	270.478	2571.3	5428.3	PIKA	
83	Spectrogram 1	1	272.004	272.004361683	272.533475282	0.529	3187.5	4031.2	3562.5	30.2	45.6	57.9	272.004	/Users/mary/Desktop/listens_20180309/completed_listens/file5e577bc5790d.wav	file5e577bc5790d.wav	272.004	3085.6	4171.2	HETH	
84	Spectrogram 1	1	275.258	275.258106230	276.206861649	0.949	1968.8	3562.5	2906.2	30.8	45.7	63.3	275.258	/Users/mary/Desktop/listens_20180309/completed_listens/file5e577bc5790d.wav	file5e577bc5790d.wav	275.258	1942.8	3771.2	HETH	
85	Spectrogram 1	1	279.623	279.623442130	280.000511592	0.377	3000.0	3750.0	3375.0	29.9	39.3	55.4	279.623	/Users/mary/Desktop/listens_20180309/completed_listens/file5e577bc5790d.wav	file5e577bc5790d.wav	279.623	2949.5	3878.8	HETH	
86	Spectrogram 1	1	283.577	283.576589710	284.391546288	0.815	2718.8	4218.8	3281.2	28.3	41.2	59.6	283.577	/Users/mary/Desktop/listens_20180309/completed_listens/file5e577bc5790d.wav	file5e577bc5790d.wav	283.577	2707.1	4404.0	HETH	
87	Spectrogram 1	1	290.516	290.516451375	290.972583788	0.456	4031.2	7500.0	5718.8	27.9	41.3	60.4	290.516	/Users/mary/Desktop/listens_20180309/completed_listens/file5e577bc5790d.wav	file5e577bc5790d.wav	290.516	3757.6	7757.6	MOCH	call
88	Spectrogram 1	1	296.820	296.820112435	297.616823717	0.797	1781.2	3562.5	2437.5	30.4	42.8	62.6	296.820	/Users/mary/Desktop/listens_20180309/completed_listens/file5e577bc5790d.wav	file5e577bc5790d.wav	296.820	1737.4	3798.0	HETH	
89	Spectrogram 1	1	304.667	304.667368706	305.415425864	0.748	2062.5	3937.5	2812.5	29.3	41.8	61.2	304.667	/Users/mary/Desktop/listens_20180309/completed_listens/file5e577bc5790d.wav	file5e577bc5790d.wav	304.667	2020.2	4040.4	HETH	
90	Spectrogram 1	1	308.110	308.109647984	308.906359265	0.797	2437.5	4312.5	3375.0	30.0	46.2	62.5	308.110	/Users/mary/Desktop/listens_20180309/completed_listens/file5e577bc5790d.wav	file5e577bc5790d.wav	308.110	2262.6	4525.3	HETH	
91	Spectrogram 1	1	313.526	313.526388449	313.891294380	0.365	6562.5	7781.2	6937.5	63.6	88.6	99.3	313.526	/Users/mary/Desktop/listens_20180309/completed_listens/file5e577bc5790d.wav	file5e577bc5790d.wav	313.526	1414.1	11676.8	AMRO	
92	Spectrogram 1	1	319.328	319.328030218	319.650363790	0.322	2625.0	3375.0	2906.2	29.9	41.2	54.2	319.328	/Users/mary/Desktop/listens_20180309/completed_listens/file5e577bc5790d.wav	file5e577bc5790d.wav	319.328	2545.5	3393.9	HETH	
93	Spectrogram 1	1	324.388	324.387780670	325.196655482	0.809	2906.2	4312.5	3468.8	31.2	47.9	62.8	324.388	/Users/mary/Desktop/listens_20180309/completed_listens/file5e577bc5790d.wav	file5e577bc5790d.wav	324.388	2747.5	4565.7	HETH	
94	Spectrogram 1	1	326.273	326.273127977	326.650197438	0.377	6562.5	7781.2	6843.8	65.4	89.7	101.1	326.273	/Users/mary/Desktop/listens_20180309/completed_listens/file5e577bc5790d.wav	file5e577bc5790d.wav	326.273	1737.4	11717.2	AMRO	
95	Spectrogram 1	1	328.609	328.609432800	328.901357544	0.292	2437.5	3656.2	2906.2	30.3	42.3	56.4	328.609	/Users/mary/Desktop/listens_20180309/completed_listens/file5e577bc5790d.wav	file5e577bc5790d.wav	328.609	2383.8	3757.6	HETH	
96	Spectrogram 1	1	332.200	332.200212350	332.984760100	0.785	2625.0	4218.8	3187.5	32.1	48.4	64.6	332.200	/Users/mary/Desktop/listens_20180309/completed_listens/file5e577bc5790d.wav	file5e577bc5790d.wav	332.200	2383.8	4606.1	HETH	
97	Spectrogram 1	1	336.090	336.090090912	336.351606828	0.262	3375.0	4218.8	3843.8	29.9	41.1	53.8	336.090	/Users/mary/Desktop/listens_20180309/completed_listens/file5e577bc5790d.wav	file5e577bc5790d.wav	336.090	3353.5	4242.4	HETH	
98	Spectrogram 1	1	338.614	338.614023597	339.015420121	0.401	6281.2	7781.2	6843.8	68.9	93.0	104.6	338.614	/Users/mary/Desktop/listens_20180309/completed_listens/file5e577bc5790d.wav	file5e577bc5790d.wav	338.614	1737.4	11070.7	AMRO	
99	Spectrogram 1	1	337.162	337.162041568	337.283676878	0.122	2625.0	4218.8	3468.8	31.1	43.6	55.0	337.162	/Users/mary/Desktop/listens_20180309/completed_listens/file5e577bc5790d.wav	file5e577bc5790d.wav	337.162	2464.6	4484.8	PIKA	
100	Spectrogram 1	1	337.557	337.557356326	337.660746340	0.103	2812.5	4218.8	3468.8	32.6	44.3	55.1	337.557	/Users/mary/Desktop/listens_20180309/completed_listens/file5e577bc5790d.wav	file5e577bc5790d.wav	337.557	2666.7	4484.8	PIKA	
101	Spectrogram 1	1	337.947	337.946589319	338.092551691	0.146	2531.2	4031.2	3093.8	30.8	46.0	55.3	337.947	/Users/mary/Desktop/listens_20180309/completed_listens/file5e577bc5790d.wav	file5e577bc5790d.wav	337.947	2383.8	4242.4	PIKA	
102	Spectrogram 1	1	338.391	338.390558201	338.536520573	0.146	2531.2	3937.5	2906.2	31.6	46.4	55.4	338.391	/Users/mary/Desktop/listens_20180309/completed_listens/file5e577bc5790d.wav	file5e577bc5790d.wav	338.391	2505.1	4202.0	PIKA	
103	Spectrogram 1	1	336.763	336.763279792	336.927487461	0.164	2437.5	4218.8	3281.2	28.9	39.1	54.1	336.763	/Users/mary/Desktop/listens_20180309/completed_listens/file5e577bc5790d.wav	file5e577bc5790d.wav	336.763	2262.6	4363.6	PIKA	
104	Spectrogram 1	1	340.864	340.863821007	341.575387571	0.712	2062.5	3656.2	2531.2	32.1	47.2	63.8	340.864	/Users/mary/Desktop/listens_20180309/completed_listens/file5e577bc5790d.wav	file5e577bc5790d.wav	340.864	1899.0	3959.6	PIKA	
105	Spectrogram 1	1	341.715	341.715268178	341.982865860	0.268	2437.5	4031.2	2906.2	31.9	48.2	59.7	341.715	/Users/mary/Desktop/listens_20180309/completed_listens/file5e577bc5790d.wav	file5e577bc5790d.wav	341.715	2181.8	4444.4	PIKA	
106	Spectrogram 1	1	342.323	342.323444729	342.584960646	0.262	2437.5	3937.5	2906.2	32.5	47.3	59.8	342.323	/Users/mary/Desktop/listens_20180309/completed_listens/file5e577bc5790d.wav	file5e577bc5790d.wav	342.323	2222.2	4242.4	PIKA	
107	Spectrogram 1	1	342.995	342.995095879	343.232284734	0.237	2437.5	3843.8	3187.5	33.8	49.6	60.7	342.995	/Users/mary/Desktop/listens_20180309/completed_listens/file5e577bc5790d.wav	file5e577bc5790d.wav	342.995	2181.8	4282.8	PIKA	
108	Spectrogram 1	1	342.831	342.830888210	343.128894720	0.298	3281.2	3750.0	3375.0	35.3	46.5	58.2	342.831	/Users/mary/Desktop/listens_20180309/completed_listens/file5e577bc5790d.wav	file5e577bc5790d.wav	342.831	3191.9	3878.8	HETH	
109	Spectrogram 1	1	343.664	343.664090085	343.919524236	0.255	2437.5	3750.0	2906.2	34.2	51.8	61.2	343.664	/Users/mary/Desktop/listens_20180309/completed_listens/file5e577bc5790d.wav	file5e577bc5790d.wav	343.664	2222.2	4161.6	PIKA	
110	Spectrogram 1	1	344.357	344.357411353	344.600681973	0.243	2531.2	3843.8	3000.0	33.8	49.3	60.5	344.357	/Users/mary/Desktop/listens_20180309/completed_listens/file5e577bc5790d.wav	file5e577bc5790d.wav	344.357	2303.0	4282.8	PIKA	
111	Spectrogram 1	1	345.185	345.184531462	345.427802082	0.243	2437.5	3750.0	2906.2	32.5	46.8	58.8	345.185	/Users/mary/Desktop/listens_20180309/completed_listens/file5e577bc5790d.wav	file5e577bc5790d.wav	345.185	2181.8	4000.0	PIKA	
112	Spectrogram 1	1	345.945	345.944752150	346.206268067	0.262	2437.5	4031.2	2906.2	30.9	46.5	58.2	345.945	/Users/mary/Desktop/listens_20180309/completed_listens/file5e577bc5790d.wav	file5e577bc5790d.wav	345.945	2181.8	4282.8	PIKA	
113	Spectrogram 1	1	340.483	340.483326725	340.744842641	0.262	2250.0	3656.2	2906.2	30.4	43.0	56.6	340.483	/Users/mary/Desktop/listens_20180309/completed_listens/file5e577bc5790d.wav	file5e577bc5790d.wav	340.483	2222.2	3757.6	PIKA	
114	Spectrogram 1	1	343.412	343.411869823	343.630813381	0.219	2718.8	3656.2	3281.2	30.3	41.9	54.2	343.412	/Users/mary/Desktop/listens_20180309/completed_listens/file5e577bc5790d.wav	file5e577bc5790d.wav	343.412	2626.3	3798.0	HETH	
115	Spectrogram 1	1	346.555	346.555432561	347.333898546	0.778	2156.2	3562.5	3000.0	31.7	45.5	63.1	346.555	/Users/mary/Desktop/listens_20180309/completed_listens/file5e577bc5790d.wav	file5e577bc5790d.wav	346.555	1979.8	3798.0	HETH	
116	Spectrogram 1	1	347.542	347.542260501	347.846348776	0.304	2343.8	3843.8	3000.0	29.8	42.7	57.4	347.542	/Users/mary/Desktop/listens_20180309/completed_listens/file5e577bc5790d.wav	file5e577bc5790d.wav	347.542	2222.2	4121.2	PIKA	
117	Spectrogram 1	1	348.382	348.381544141	348.643060058	0.262	2531.2	3843.8	3093.8	29.9	43.3	56.1	348.382	/Users/mary/Desktop/listens_20180309/completed_listens/file5e577bc5790d.wav	file5e577bc5790d.wav	348.382	2383.8	3959.6	PIKA	
118	Spectrogram 1	1	350.005	350.005375532	350.388526758	0.383	2343.8	3937.5	3093.8	31.3	45.4	60.0	350.005	/Users/mary/Desktop/listens_20180309/completed_listens/file5e577bc5790d.wav	file5e577bc5790d.wav	350.005	2181.8	4202.0	PIKA	
119	Spectrogram 1	1	350.761	350.761073504	351.180715324	0.420	6281.2	7875.0	6843.8	68.3	92.4	104.4	350.761	/Users/mary/Desktop/listens_20180309/completed_listens/file5e577bc5790d.wav	file5e577bc5790d.wav	350.761	1494.9	11151.5	AMRO	
120	Spectrogram 1	1	351.648	351.647675148	351.939599893	0.292	2625.0	4031.2	3281.2	29.2	39.2	55.9	351.648	/Users/mary/Desktop/listens_20180309/completed_listens/file5e577bc5790d.wav	file5e577bc5790d.wav	351.648	2585.9	4161.6	PIKA	
121	Spectrogram 1	1	352.505	352.505204085	352.815374126	0.310	2343.8	3937.5	2906.2	29.8	43.5	57.2	352.505	/Users/mary/Desktop/listens_20180309/completed_listens/file5e577bc5790d.wav	file5e577bc5790d.wav	352.505	2303.0	4121.2	PIKA	
122	Spectrogram 1	1	353.381	353.380978318	353.709393655	0.328	2343.8	4031.2	3000.0	30.3	44.5	58.4	353.381	/Users/mary/Desktop/listens_20180309/completed_listens/file5e577bc5790d.wav	file5e577bc5790d.wav	353.381	2303.0	4282.8	PIKA	
123	Spectrogram 1	1	354.786	354.785866150	355.059545598	0.274	2531.2	3937.5	3093.8	31.7	42.7	58.5	354.786	/Users/mary/Desktop/listens_20180309/completed_listens/file5e577bc5790d.wav	file5e577bc5790d.wav	354.786	2424.2	4202.0	PIKA	
124	Spectrogram 1	1	355.771	355.771112162	356.038709845	0.268	2343.8	3937.5	3093.8	31.0	44.3	58.2	355.771	/Users/mary/Desktop/listens_20180309/completed_listens/file5e577bc5790d.wav	file5e577bc5790d.wav	355.771	2181.8	4161.6	PIKA	
125	Spectrogram 1	1	356.775	356.774603471	357.078691747	0.304	2343.8	4125.0	3000.0	30.6	43.6	58.7	356.775	/Users/mary/Desktop/listens_20180309/completed_listens/file5e577bc5790d.wav	file5e577bc5790d.wav	356.775	2181.8	4363.6	PIKA	
126	Spectrogram 1	1	355.376	355.375797404	355.734621569	0.359	2625.0	3187.5	2906.2	33.4	46.8	58.3	355.376	/Users/mary/Desktop/listens_20180309/completed_listens/file5e577bc5790d.wav	file5e577bc5790d.wav	355.376	2505.1	3313.1	HETH	
127	Spectrogram 1	1	357.897	357.897208788	358.237787657	0.341	2343.8	4031.2	3093.8	31.2	43.8	59.7	357.897	/Users/mary/Desktop/listens_20180309/completed_listens/file5e577bc5790d.wav	file5e577bc5790d.wav	357.897	2181.8	4242.4	PIKA	
128	Spectrogram 1	1	358.664	358.663511242	358.998008345	0.334	5437.5	7593.8	6468.8	63.0	88.2	98.4	358.664	/Users/mary/Desktop/listens_20180309/completed_listens/file5e577bc5790d.wav	file5e577bc5790d.wav	358.664	1616.2	11878.8	AMRO	
129	Spectrogram 1	1	359.041	359.040580704	359.831210220	0.791	3093.8	4312.5	3468.8	29.9	45.4	60.6	359.041	/Users/mary/Desktop/listens_20180309/completed_listens/file5e577bc5790d.wav	file5e577bc5790d.wav	359.041	2909.1	4484.8	HETH	
130	Spectrogram 1	1	361.335	361.334802594	362.253149185	0.918	2343.8	4406.2	3187.5	29.7	43.5	63.2	361.335	/Users/mary/Desktop/listens_20180309/completed_listens/file5e577bc5790d.wav	file5e577bc5790d.wav	361.335	2222.2	4606.1	PIKA	
131	Spectrogram 1	1	362.606	362.605891585	363.378275804	0.772	2156.2	4125.0	3000.0	30.4	47.0	63.2	362.606	/Users/mary/Desktop/listens_20180309/completed_listens/file5e577bc5790d.wav	file5e577bc5790d.wav	362.606	2060.6	4444.4	HETH	
132	Spectrogram 1	1	367.965	367.965256701	368.780213279	0.815	2156.2	4218.8	3187.5	31.5	47.6	64.7	367.965	/Users/mary/Desktop/listens_20180309/completed_listens/file5e577bc5790d.wav	file5e577bc5790d.wav	367.965	2020.2	4565.7	HETH	
133	Spectrogram 1	1	372.462	372.461668689	372.881310509	0.420	6375.0	7781.2	6843.8	66.6	90.3	102.8	372.462	/Users/mary/Desktop/listens_20180309/completed_listens/file5e577bc5790d.wav	file5e577bc5790d.wav	372.462	1858.6	11878.8	AMRO	
134	Spectrogram 1	1	375.838	375.837920445	376.263644030	0.426	2718.8	4125.0	3375.0	29.3	43.1	57.9	375.838	/Users/mary/Desktop/listens_20180309/completed_listens/file5e577bc5790d.wav	file5e577bc5790d.wav	375.838	2545.5	4242.4	HETH	
135	Spectrogram 1	1	376.282	376.281889327	376.695449381	0.414	2343.8	4031.2	3281.2	30.5	41.7	59.6	376.282	/Users/mary/Desktop/listens_20180309/completed_listens/file5e577bc5790d.wav	file5e577bc5790d.wav	376.282	2222.2	4202.0	PIKA	
136	Spectrogram 1	1	379.584	379.583804000	380.405764028	0.822	2250.0	3468.8	3000.0	31.6	48.1	62.2	379.584	/Users/mary/Desktop/listens_20180309/completed_listens/file5e577bc5790d.wav	file5e577bc5790d.wav	379.584	2181.8	3636.4	HETH	
137	Spectrogram 1	1	387.070	387.070254017	387.848720002	0.778	2156.2	4031.2	2906.2	30.1	43.5	62.6	387.070	/Users/mary/Desktop/listens_20180309/completed_listens/file5e577bc5790d.wav	file5e577bc5790d.wav	387.070	2060.6	4242.4	HETH	
138	Spectrogram 1	1	386.345	386.344510211	386.557372004	0.213	4781.2	5718.8	5062.5	29.8	43.8	53.6	386.345	/Users/mary/Desktop/listens_20180309/completed_listens/file5e577bc5790d.wav	file5e577bc5790d.wav	386.345	4727.3	5818.2	MOCH	
139	Spectrogram 1	1	383.679	383.678862978	383.916051833	0.237	3468.8	4031.2	3750.0	30.4	42.4	52.9	383.679	/Users/mary/Desktop/listens_20180309/completed_listens/file5e577bc5790d.wav	file5e577bc5790d.wav	383.679	3393.9	4161.6	HETH	
140	Spectrogram 1	1	390.719	390.718806206	391.564171612	0.845	3000.0	5250.0	3468.8	29.6	46.0	63.3	390.719	/Users/mary/Desktop/listens_20180309/completed_listens/file5e577bc5790d.wav	file5e577bc5790d.wav	390.719	2787.9	5494.9	HETH	
141	Spectrogram 1	1	394.513	394.512500642	395.041614242	0.529	2531.2	3468.8	2906.2	29.1	38.9	56.5	394.513	/Users/mary/Desktop/listens_20180309/completed_listens/file5e577bc5790d.wav	file5e577bc5790d.wav	394.513	2505.1	3474.7	HETH	
142	Spectrogram 1	1	395.194	395.193658379	395.339620751	0.146	6843.8	7593.8	7125.0	31.5	45.7	53.4	395.194	/Users/mary/Desktop/listens_20180309/completed_listens/file5e577bc5790d.wav	file5e577bc5790d.wav	395.194	6666.7	7717.2	UNK3	
143	Spectrogram 1	1	397.201	397.200542786	397.608021075	0.407	6375.0	7781.2	6843.8	65.2	90.5	101.5	397.201	/Users/mary/Desktop/listens_20180309/completed_listens/file5e577bc5790d.wav	file5e577bc5790d.wav	397.201	1252.5	11838.4	AMRO	
144	Spectrogram 1	1	398.198	398.197859512	398.587092505	0.389	3281.2	4031.2	3562.5	29.9	41.9	55.5	398.198	/Users/mary/Desktop/listens_20180309/completed_listens/file5e577bc5790d.wav	file5e577bc5790d.wav	398.198	3191.9	4161.6	HETH	
145	Spectrogram 1	1	401.694	401.693599893	402.538965298	0.845	2437.5	3656.2	3000.0	30.5	43.8	61.5	401.694	/Users/mary/Desktop/listens_20180309/completed_listens/file5e577bc5790d.wav	file5e577bc5790d.wav	401.694	2262.6	3838.4	HETH	
146	Spectrogram 1	1	406.374	406.374099228	407.164728744	0.791	2812.5	4312.5	3375.0	32.0	48.5	64.1	406.374	/Users/mary/Desktop/listens_20180309/completed_listens/file5e577bc5790d.wav	file5e577bc5790d.wav	406.374	2585.9	4686.9	HETH	
147	Spectrogram 1	1	410.289	410.288895837	410.538248222	0.249	2437.5	3375.0	2906.2	30.1	39.8	54.2	410.289	/Users/mary/Desktop/listens_20180309/completed_listens/file5e577bc5790d.wav	file5e577bc5790d.wav	410.289	2424.2	3434.3	HETH	call
148	Spectrogram 1	1	414.105	414.104683226	414.919639804	0.815	3000.0	4218.8	3468.8	31.3	48.0	62.7	414.105	/Users/mary/Desktop/listens_20180309/completed_listens/file5e577bc5790d.wav	file5e577bc5790d.wav	414.105	2787.9	4444.4	HETH	
149	Spectrogram 1	1	417.849	417.848634385	418.894698052	1.046	2437.5	4125.0	3093.8	30.2	48.5	63.5	417.849	/Users/mary/Desktop/listens_20180309/completed_listens/file5e577bc5790d.wav	file5e577bc5790d.wav	417.849	2343.4	4404.0	HETH	
150	Spectrogram 1	1	421.720	421.719760739	422.060339608	0.341	3562.5	4031.2	3750.0	32.3	45.2	56.9	421.720	/Users/mary/Desktop/listens_20180309/completed_listens/file5e577bc5790d.wav	file5e577bc5790d.wav	421.720	3393.9	4282.8	HETH	
151	Spectrogram 1	1	424.031	424.030831632	424.322756377	0.292	6750.0	7781.2	6937.5	66.0	90.1	100.8	424.031	/Users/mary/Desktop/listens_20180309/completed_listens/file5e577bc5790d.wav	file5e577bc5790d.wav	424.031	1616.2	11838.4	AMRO	
152	Spectrogram 1	1	425.259	425.259348265	426.001323657	0.742	2062.5	4031.2	2906.2	32.0	48.6	64.6	425.259	/Users/mary/Desktop/listens_20180309/completed_listens/file5e577bc5790d.wav	file5e577bc5790d.wav	425.259	1939.4	4363.6	HETH	
153	Spectrogram 1	1	428.755	428.755409921	429.552121203	0.797	2437.5	3843.8	3187.5	31.9	46.9	63.7	428.755	/Users/mary/Desktop/listens_20180309/completed_listens/file5e577bc5790d.wav	file5e577bc5790d.wav	428.755	2262.6	4161.6	HETH	
154	Spectrogram 1	1	434.454	434.454296373	434.764466414	0.310	2718.8	3375.0	3000.0	31.5	43.8	56.1	434.454	/Users/mary/Desktop/listens_20180309/completed_listens/file5e577bc5790d.wav	file5e577bc5790d.wav	434.454	2585.9	3474.7	HETH	
155	Spectrogram 1	1	437.775	437.774940341	438.072946850	0.298	3375.0	4125.0	3656.2	31.9	42.9	57.2	437.775	/Users/mary/Desktop/listens_20180309/completed_listens/file5e577bc5790d.wav	file5e577bc5790d.wav	437.775	3151.5	4242.4	HETH	
156	Spectrogram 1	1	441.111	441.111215486	441.926172064	0.815	2625.0	4031.2	3000.0	30.5	46.3	62.1	441.111	/Users/mary/Desktop/listens_20180309/completed_listens/file5e577bc5790d.wav	file5e577bc5790d.wav	441.111	2464.6	4242.4	HETH	
157	Spectrogram 1	1	444.975	444.974585330	445.765214846	0.791	2718.8	3750.0	3375.0	33.1	49.9	62.9	444.975	/Users/mary/Desktop/listens_20180309/completed_listens/file5e577bc5790d.wav	file5e577bc5790d.wav	444.975	2626.3	3878.8	HETH	
158	Spectrogram 1	1	448.745	448.745279945	449.073695283	0.328	2625.0	3468.8	2906.2	33.4	47.4	59.8	448.745	/Users/mary/Desktop/listens_20180309/completed_listens/file5e577bc5790d.wav	file5e577bc5790d.wav	448.745	2383.8	3717.2	HETH	call
159	Spectrogram 1	1	452.833	452.833454511	453.636247558	0.803	3093.8	4218.8	3468.8	30.8	46.8	61.3	452.833	/Users/mary/Desktop/listens_20180309/completed_listens/file5e577bc5790d.wav	file5e577bc5790d.wav	452.833	2909.1	4363.6	HETH	
160	Spectrogram 1	1	454.336	454.335650591	454.743128880	0.407	6562.5	7687.5	6937.5	65.0	90.5	101.2	454.336	/Users/mary/Desktop/listens_20180309/completed_listens/file5e577bc5790d.wav	file5e577bc5790d.wav	454.336	1616.2	11919.2	AMRO	
161	Spectrogram 1	1	455.947	455.947318451	456.768356794	0.821	2156.2	3937.5	3000.0	30.0	46.9	62.5	455.947	/Users/mary/Desktop/listens_20180309/completed_listens/file5e577bc5790d.wav	file5e577bc5790d.wav	455.947	1979.8	4161.6	HETH	
162	Spectrogram 1	1	482.331	482.331107067	482.854138901	0.523	2062.5	3843.8	2718.8	30.3	47.5	60.7	482.331	/Users/mary/Desktop/listens_20180309/completed_listens/file5e577bc5790d.wav	file5e577bc5790d.wav	482.331	2020.2	4080.8	PIKA	
163	Spectrogram 1	1	486.480	486.480311148	487.240531837	0.760	2625.0	4125.0	3375.0	29.1	44.0	60.4	486.480	/Users/mary/Desktop/listens_20180309/completed_listens/file5e577bc5790d.wav	file5e577bc5790d.wav	486.480	2464.6	4282.8	HETH	
164	Spectrogram 1	1	488.189	488.189287256	488.517702594	0.328	6750.0	7781.2	6937.5	65.6	89.3	101.0	488.189	/Users/mary/Desktop/listens_20180309/completed_listens/file5e577bc5790d.wav	file5e577bc5790d.wav	488.189	1494.9	11838.4	AMRO	
165	Spectrogram 1	1	489.860	489.859929877	490.151854622	0.292	2437.5	3843.8	3468.8	33.8	50.6	61.4	489.860	/Users/mary/Desktop/listens_20180309/completed_listens/file5e577bc5790d.wav	file5e577bc5790d.wav	489.860	2181.8	4202.0	PIKA	
166	Spectrogram 1	1	494.331	494.330873197	495.042439761	0.712	3093.8	4312.5	3562.5	28.7	43.2	59.0	494.331	/Users/mary/Desktop/listens_20180309/completed_listens/file5e577bc5790d.wav	file5e577bc5790d.wav	494.331	2949.5	4444.4	HETH	
167	Spectrogram 1	1	498.249	498.248978931	499.003117854	0.754	2062.5	3562.5	2812.5	30.2	45.2	61.3	498.249	/Users/mary/Desktop/listens_20180309/completed_listens/file5e577bc5790d.wav	file5e577bc5790d.wav	498.249	2020.2	3717.2	HETH	
168	Spectrogram 1	1	497.525	497.525248836	497.616475319	0.091	2531.2	3000.0	2812.5	33.9	47.1	53.0	497.525	/Users/mary/Desktop/listens_20180309/completed_listens/file5e577bc5790d.wav	file5e577bc5790d.wav	497.525	2424.2	3191.9	UNK4	
169	Spectrogram 1	1	499.423	499.422759674	500.109999177	0.687	5437.5	7781.2	7031.2	64.7	92.4	103.4	499.423	/Users/mary/Desktop/listens_20180309/completed_listens/file5e577bc5790d.wav	file5e577bc5790d.wav	499.423	1131.3	11878.8	AMRO	
170	Spectrogram 1	1	500.674	500.673739668	501.403551528	0.730	2812.5	3843.8	3375.0	31.3	49.3	61.1	500.674	/Users/mary/Desktop/listens_20180309/completed_listens/file5e577bc5790d.wav	file5e577bc5790d.wav	500.674	2707.1	3959.6	PIKA	
171	Spectrogram 1	1	501.957	501.956992190	502.480024023	0.523	2718.8	4031.2	3750.0	30.9	46.2	60.2	501.957	/Users/mary/Desktop/listens_20180309/completed_listens/file5e577bc5790d.wav	file5e577bc5790d.wav	501.957	2585.9	4161.6	HETH	
172	Spectrogram 1	1	505.894	505.894383268	506.034263875	0.140	2812.5	3656.2	3281.2	29.1	41.1	50.7	505.894	/Users/mary/Desktop/listens_20180309/completed_listens/file5e577bc5790d.wav	file5e577bc5790d.wav	505.894	2787.9	3838.4	PIKA	
173	Spectrogram 1	1	506.229	506.228880371	506.928283405	0.699	2437.5	3843.8	3000.0	30.7	44.1	61.7	506.229	/Users/mary/Desktop/listens_20180309/completed_listens/file5e577bc5790d.wav	file5e577bc5790d.wav	506.229	2303.0	4080.8	HETH	
174	Spectrogram 1	1	506.910	506.910038108	507.165472260	0.255	2906.2	3750.0	3375.0	30.3	43.0	54.5	506.910	/Users/mary/Desktop/listens_20180309/completed_listens/file5e577bc5790d.wav	file5e577bc5790d.wav	506.910	2828.3	3878.8	PIKA	
175	Spectrogram 1	1	507.457	507.457397004	507.682422328	0.225	2906.2	4125.0	3375.0	30.8	44.7	56.1	507.457	/Users/mary/Desktop/listens_20180309/completed_listens/file5e577bc5790d.wav	file5e577bc5790d.wav	507.457	2747.5	4242.4	PIKA	
176	Spectrogram 1	1	507.987	507.986510603	508.345334768	0.359	3468.8	4031.2	3750.0	32.2	42.5	56.5	507.987	/Users/mary/Desktop/listens_20180309/completed_listens/file5e577bc5790d.wav	file5e577bc5790d.wav	507.987	3434.3	4202.0	HETH	
177	Spectrogram 1	1	508.096	508.095982382	508.284517113	0.189	3000.0	3750.0	3468.8	34.7	44.9	57.2	508.096	/Users/mary/Desktop/listens_20180309/completed_listens/file5e577bc5790d.wav	file5e577bc5790d.wav	508.096	2828.3	3838.4	PIKA	
178	Spectrogram 1	1	509.852	509.852364054	510.588257680	0.736	2437.5	3843.8	3187.5	32.0	46.4	63.1	509.852	/Users/mary/Desktop/listens_20180309/completed_listens/file5e577bc5790d.wav	file5e577bc5790d.wav	509.852	2262.6	4121.2	HETH	
179	Spectrogram 1	1	509.138	509.138234538	509.393668689	0.255	2531.2	3656.2	3093.8	31.4	44.6	56.7	509.138	/Users/mary/Desktop/listens_20180309/completed_listens/file5e577bc5790d.wav	file5e577bc5790d.wav	509.138	2464.6	3838.4	HETH	
180	Spectrogram 1	1	508.633	508.633448001	508.888882152	0.255	3000.0	3843.8	3375.0	31.5	45.1	55.3	508.633	/Users/mary/Desktop/listens_20180309/completed_listens/file5e577bc5790d.wav	file5e577bc5790d.wav	508.633	2989.9	3919.2	PIKA	
181	Spectrogram 1	1	511.764	511.763749313	512.201636430	0.438	1875.0	4031.2	2718.8	30.4	45.2	60.7	511.764	/Users/mary/Desktop/listens_20180309/completed_listens/file5e577bc5790d.wav	file5e577bc5790d.wav	511.764	1858.6	4282.8	PIKA	
182	Spectrogram 1	1	513.004	513.004429477	513.265945393	0.262	2531.2	4593.8	3281.2	29.3	43.0	57.0	513.004	/Users/mary/Desktop/listens_20180309/completed_listens/file5e577bc5790d.wav	file5e577bc5790d.wav	513.004	2464.6	4727.3	PIKA	
183	Spectrogram 1	1	513.868	513.868040179	514.093065503	0.225	2625.0	4218.8	3281.2	30.1	43.0	56.3	513.868	/Users/mary/Desktop/listens_20180309/completed_listens/file5e577bc5790d.wav	file5e577bc5790d.wav	513.868	2464.6	4323.2	PIKA	
184	Spectrogram 1	1	514.321	514.321280908	514.667941542	0.347	2437.5	3187.5	2812.5	30.7	43.5	55.4	514.321	/Users/mary/Desktop/listens_20180309/completed_listens/file5e577bc5790d.wav	file5e577bc5790d.wav	514.321	2424.2	3191.9	HETH	
185	Spectrogram 1	1	514.619	514.619287418	514.856476273	0.237	2718.8	4406.2	3281.2	30.0	44.2	56.8	514.619	/Users/mary/Desktop/listens_20180309/completed_listens/file5e577bc5790d.wav	file5e577bc5790d.wav	514.619	2545.5	4646.5	PIKA	
186	Spectrogram 1	1	515.416	515.415998700	515.823476989	0.407	6375.0	7781.2	6937.5	69.0	93.5	105.2	515.416	/Users/mary/Desktop/listens_20180309/completed_listens/file5e577bc5790d.wav	file5e577bc5790d.wav	515.416	1454.5	11838.4	AMRO	
187	Spectrogram 1	1	516.170	516.170137623	516.474225898	0.304	2343.8	4781.2	3281.2	28.6	41.5	57.9	516.170	/Users/mary/Desktop/listens_20180309/completed_listens/file5e577bc5790d.wav	file5e577bc5790d.wav	516.170	2181.8	5010.1	PIKA	
188	Spectrogram 1	1	517.034	517.033748325	517.331754834	0.298	2062.5	4500.0	3093.8	28.5	38.6	57.5	517.034	/Users/mary/Desktop/listens_20180309/completed_listens/file5e577bc5790d.wav	file5e577bc5790d.wav	517.034	2060.6	4646.5	PIKA	
189	Spectrogram 1	1	518.717	518.716989403	518.984587086	0.268	3000.0	3562.5	3281.2	31.0	42.1	53.4	518.717	/Users/mary/Desktop/listens_20180309/completed_listens/file5e577bc5790d.wav	file5e577bc5790d.wav	518.717	2909.1	3636.4	PIKA	
190	Spectrogram 1	1	519.544	519.544109512	519.787380133	0.243	2812.5	3750.0	3281.2	30.5	42.2	54.9	519.544	/Users/mary/Desktop/listens_20180309/completed_listens/file5e577bc5790d.wav	file5e577bc5790d.wav	519.544	2787.9	3878.8	PIKA	
191	Spectrogram 1	1	520.383	520.383393153	520.657072600	0.274	3093.8	3468.8	3281.2	32.9	46.4	55.5	520.383	/Users/mary/Desktop/listens_20180309/completed_listens/file5e577bc5790d.wav	file5e577bc5790d.wav	520.383	2909.1	3596.0	PIKA	
192	Spectrogram 1	1	518.176	518.175712273	518.546699969	0.371	3000.0	3656.2	3375.0	30.5	41.2	55.4	518.176	/Users/mary/Desktop/listens_20180309/completed_listens/file5e577bc5790d.wav	file5e577bc5790d.wav	518.176	2909.1	3757.6	HETH	
193	Spectrogram 1	1	517.878	517.877705763	518.127058149	0.249	2531.2	3750.0	3187.5	30.8	43.2	55.9	517.878	/Users/mary/Desktop/listens_20180309/completed_listens/file5e577bc5790d.wav	file5e577bc5790d.wav	517.878	2464.6	3838.4	PIKA	
194	Spectrogram 1	1	521.314	521.313903275	521.563255661	0.249	2812.5	3937.5	3281.2	31.5	48.9	57.0	521.314	/Users/mary/Desktop/listens_20180309/completed_listens/file5e577bc5790d.wav	file5e577bc5790d.wav	521.314	2666.7	4121.2	PIKA	
195	Spectrogram 1	1	522.063	522.062960117	522.519092531	0.456	3562.5	3843.8	3656.2	35.2	46.2	59.3	522.063	/Users/mary/Desktop/listens_20180309/completed_listens/file5e577bc5790d.wav	file5e577bc5790d.wav	522.063	3393.9	3959.6	HETH	
196	Spectrogram 1	1	522.203	522.202840724	522.525174296	0.322	2718.8	3562.5	3281.2	32.8	48.0	58.0	522.203	/Users/mary/Desktop/listens_20180309/completed_listens/file5e577bc5790d.wav	file5e577bc5790d.wav	522.203	2585.9	3636.4	PIKA	
197	Spectrogram 1	1	523.227	523.226718621	524.102492854	0.876	2906.2	4031.2	3281.2	30.2	46.1	61.1	523.227	/Users/mary/Desktop/listens_20180309/completed_listens/file5e577bc5790d.wav	file5e577bc5790d.wav	523.227	2787.9	4202.0	PIKA	
198	Spectrogram 1	1	524.972	524.972185322	525.227619473	0.255	2812.5	3937.5	3281.2	31.4	45.5	56.9	524.972	/Users/mary/Desktop/listens_20180309/completed_listens/file5e577bc5790d.wav	file5e577bc5790d.wav	524.972	2626.3	4080.8	PIKA	
199	Spectrogram 1	1	526.235	526.235410850	526.490845002	0.255	2625.0	3937.5	3281.2	34.1	51.3	60.9	526.235	/Users/mary/Desktop/listens_20180309/completed_listens/file5e577bc5790d.wav	file5e577bc5790d.wav	526.235	2424.2	4282.8	PIKA	
200	Spectrogram 1	1	527.215	527.214575097	527.634216917	0.420	2812.5	4031.2	3281.2	33.8	54.9	62.8	527.215	/Users/mary/Desktop/listens_20180309/completed_listens/file5e577bc5790d.wav	file5e577bc5790d.wav	527.215	2505.1	4323.2	PIKA	
201	Spectrogram 1	1	528.048	528.047776972	528.430928199	0.383	2625.0	3843.8	3187.5	32.7	50.2	60.8	528.048	/Users/mary/Desktop/listens_20180309/completed_listens/file5e577bc5790d.wav	file5e577bc5790d.wav	528.048	2505.1	4202.0	PIKA	
202	Spectrogram 1	1	528.838	528.838406488	529.233721246	0.395	2718.8	4218.8	3187.5	33.0	52.8	62.3	528.838	/Users/mary/Desktop/listens_20180309/completed_listens/file5e577bc5790d.wav	file5e577bc5790d.wav	528.838	2424.2	4565.7	PIKA	
203	Spectrogram 1	1	525.755	525.754951375	526.083366713	0.328	3375.0	3843.8	3656.2	31.9	42.6	55.7	525.755	/Users/mary/Desktop/listens_20180309/completed_listens/file5e577bc5790d.wav	file5e577bc5790d.wav	525.755	3272.7	3959.6	HETH	
204	Spectrogram 1	1	529.649	529.649303548	530.099354195	0.450	2812.5	4125.0	3187.5	31.8	49.7	60.8	529.649	/Users/mary/Desktop/listens_20180309/completed_listens/file5e577bc5790d.wav	file5e577bc5790d.wav	529.649	2545.5	4363.6	PIKA	
205	Spectrogram 1	1	530.653	530.652794857	531.005537256	0.353	3000.0	4218.8	3281.2	30.8	47.4	58.0	530.653	/Users/mary/Desktop/listens_20180309/completed_listens/file5e577bc5790d.wav	file5e577bc5790d.wav	530.653	2828.3	4323.2	PIKA	
206	Spectrogram 1	1	529.357	529.357378804	529.667548844	0.310	2718.8	3562.5	3000.0	29.6	38.8	54.2	529.357	/Users/mary/Desktop/listens_20180309/completed_listens/file5e577bc5790d.wav	file5e577bc5790d.wav	529.357	2626.3	3596.0	HETH	
207	Spectrogram 1	1	531.547	531.546814386	531.923883848	0.377	6187.5	7968.8	6937.5	70.2	92.2	106.1	531.547	/Users/mary/Desktop/listens_20180309/completed_listens/file5e577bc5790d.wav	file5e577bc5790d.wav	531.547	1292.9	11636.4	AMRO	
208	Spectrogram 1	1	531.930	531.929965613	532.167154468	0.237	2812.5	3656.2	3187.5	30.0	41.0	53.5	531.930	/Users/mary/Desktop/listens_20180309/completed_listens/file5e577bc5790d.wav	file5e577bc5790d.wav	531.930	2787.9	3676.8	PIKA	
209	Spectrogram 1	1	532.471	532.471242743	532.994274577	0.523	2812.5	3656.2	3187.5	32.6	48.8	60.3	532.471	/Users/mary/Desktop/listens_20180309/completed_listens/file5e577bc5790d.wav	file5e577bc5790d.wav	532.471	2707.1	3838.4	PIKA	
210	Spectrogram 1	1	533.209	533.209141133	533.531474705	0.322	3468.8	3937.5	3843.8	34.4	45.8	58.3	533.209	/Users/mary/Desktop/listens_20180309/completed_listens/file5e577bc5790d.wav	file5e577bc5790d.wav	533.209	3353.5	4080.8	HETH	
211	Spectrogram 1	1	536.857	536.857441304	537.112875455	0.255	2531.2	3281.2	2906.2	30.9	41.0	54.3	536.857	/Users/mary/Desktop/listens_20180309/completed_listens/file5e577bc5790d.wav	file5e577bc5790d.wav	536.857	2464.6	3313.1	HETH	
212	Spectrogram 1	1	537.995	537.994731453	538.834974415	0.840	2531.2	4312.5	3656.2	29.6	47.0	62.0	537.995	/Users/mary/Desktop/listens_20180309/completed_listens/file5e577bc5790d.wav	file5e577bc5790d.wav	537.995	2424.2	4484.8	HETH	
213	Spectrogram 1	1	540.909	540.909323001	541.748606641	0.839	2625.0	4218.8	3375.0	32.2	49.0	64.8	540.909	/Users/mary/Desktop/listens_20180309/completed_listens/file5e577bc5790d.wav	file5e577bc5790d.wav	540.909	2383.8	4565.7	HETH	
214	Spectrogram 1	1	538.827	538.827461447	539.757971569	0.931	2718.8	5531.2	3843.8	29.1	45.1	63.8	538.827	/Users/mary/Desktop/listens_20180309/completed_listens/file5e577bc5790d.wav	file5e577bc5790d.wav	538.827	2585.9	5737.4	WCSP	
215	Spectrogram 1	1	544.976	544.976286941	545.961532953	0.985	2625.0	4500.0	3375.0	28.4	41.4	61.7	544.976	/Users/mary/Desktop/listens_20180309/completed_listens/file5e577bc5790d.wav	file5e577bc5790d.wav	544.976	2464.6	4686.9	HETH	
216	Spectrogram 1	1	550.437	550.436869158	551.257907502	0.821	4031.2	8062.5	6937.5	65.1	91.6	104.8	550.437	/Users/mary/Desktop/listens_20180309/completed_listens/file5e577bc5790d.wav	file5e577bc5790d.wav	550.437	929.3	12323.2	AMRO	
217	Spectrogram 1	1	549.366	549.366478429	550.102372055	0.736	3281.2	4125.0	3562.5	30.8	43.3	59.6	549.366	/Users/mary/Desktop/listens_20180309/completed_listens/file5e577bc5790d.wav	file5e577bc5790d.wav	549.366	3272.7	4282.8	HETH	
218	Spectrogram 1	1	552.943	552.942556547	553.709757127	0.767	2531.2	4125.0	3000.0	29.1	42.9	60.7	552.943	/Users/mary/Desktop/listens_20180309/completed_listens/file5e577bc5790d.wav	file5e577bc5790d.wav	552.943	2424.2	4282.8	HETH	
219	Spectrogram 1	1	554.896	554.895701401	555.929601537	1.034	3375.0	4781.2	3937.5	28.0	40.0	60.4	554.896	/Users/mary/Desktop/listens_20180309/completed_listens/file5e577bc5790d.wav	file5e577bc5790d.wav	554.896	3232.3	4888.9	HETH	
220	Spectrogram 1	1	556.950	556.950086234	557.260256275	0.310	3187.5	4031.2	3562.5	30.1	41.9	55.5	556.950	/Users/mary/Desktop/listens_20180309/completed_listens/file5e577bc5790d.wav	file5e577bc5790d.wav	556.950	3030.3	4161.6	HETH	
221	Spectrogram 1	1	560.256	560.255617139	561.301680806	1.046	2531.2	4031.2	3281.2	28.5	44.7	61.0	560.256	/Users/mary/Desktop/listens_20180309/completed_listens/file5e577bc5790d.wav	file5e577bc5790d.wav	560.256	2464.6	4202.0	HETH	
222	Spectrogram 1	1	564.069	564.068884112	564.415544746	0.347	3468.8	4125.0	3843.8	32.9	46.1	58.9	564.069	/Users/mary/Desktop/listens_20180309/completed_listens/file5e577bc5790d.wav	file5e577bc5790d.wav	564.069	3272.7	4363.6	HETH	
223	Spectrogram 1	1	567.834	567.834174484	568.855911089	1.022	1781.2	3937.5	2906.2	30.1	45.1	64.3	567.834	/Users/mary/Desktop/listens_20180309/completed_listens/file5e577bc5790d.wav	file5e577bc5790d.wav	567.834	1737.4	4282.8	HETH	
224	Spectrogram 1	1	569.476	569.476251171	569.865484163	0.389	6093.8	7781.2	6937.5	69.8	93.7	106.1	569.476	/Users/mary/Desktop/listens_20180309/completed_listens/file5e577bc5790d.wav	file5e577bc5790d.wav	569.476	1373.7	12161.6	AMRO	
225	Spectrogram 1	1	571.508	571.507560850	572.352926256	0.845	2156.2	4406.2	3375.0	29.2	43.9	62.7	571.508	/Users/mary/Desktop/listens_20180309/completed_listens/file5e577bc5790d.wav	file5e577bc5790d.wav	571.508	2060.6	4646.5	HETH	
226	Spectrogram 1	1	574.720	574.720111089	576.242473090	1.522	2343.8	4687.5	3468.8	29.0	43.9	65.2	574.720	/Users/mary/Desktop/listens_20180309/completed_listens/file5e577bc5790d.wav	file5e577bc5790d.wav	574.720	2222.2	4888.9	WCSP	song
228	Spectrogram 1	1	577.803	577.803306900	578.302159985	0.499	5906.2	7125.0	6468.8	27.3	40.8	55.5	577.803	/Users/mary/Desktop/listens_20180309/completed_listens/file5e577bc5790d.wav	file5e577bc5790d.wav	577.803	5818.2	7151.5	WCSP	
229	Spectrogram 1	1	579.232	579.231741027	580.104733926	0.873	2531.2	4125.0	3187.5	31.5	47.7	64.2	579.232	/Users/mary/Desktop/listens_20180309/completed_listens/file5e577bc5790d.wav	file5e577bc5790d.wav	579.232	2343.4	4444.4	HETH	
230	Spectrogram 1	1	580.639	580.638619274	580.716027512	0.077	6093.8	6843.8	6375.0	32.2	48.3	51.7	580.639	/Users/mary/Desktop/listens_20180309/completed_listens/file5e577bc5790d.wav	file5e577bc5790d.wav	580.639	5818.2	6949.5	WCSP	
231	Spectrogram 1	1	581.185	581.184777394	581.244983800	0.060	6000.0	6843.8	6375.0	31.2	43.7	49.7	581.185	/Users/mary/Desktop/listens_20180309/completed_listens/file5e577bc5790d.wav	file5e577bc5790d.wav	581.185	5777.8	7030.3	WCSP	
232	Spectrogram 1	1	581.533	581.533114462	581.632024987	0.099	6093.8	7218.8	6468.8	31.7	48.0	53.5	581.533	/Users/mary/Desktop/listens_20180309/completed_listens/file5e577bc5790d.wav	file5e577bc5790d.wav	581.533	5858.6	7353.5	WCSP	
233	Spectrogram 1	1	581.856	581.855648784	581.971761140	0.116	6093.8	7218.8	6562.5	28.9	42.9	50.8	581.856	/Users/mary/Desktop/listens_20180309/completed_listens/file5e577bc5790d.wav	file5e577bc5790d.wav	581.856	5939.4	7272.7	WCSP	
234	Spectrogram 1	1	582.462	582.462013310	582.539421548	0.077	6187.5	7312.5	6375.0	32.6	49.9	54.2	582.462	/Users/mary/Desktop/listens_20180309/completed_listens/file5e577bc5790d.wav	file5e577bc5790d.wav	582.462	5737.4	7555.6	WCSP	
235	Spectrogram 1	1	583.520	583.519925888	583.601634583	0.082	6093.8	7031.2	6562.5	32.2	45.5	52.7	583.520	/Users/mary/Desktop/listens_20180309/completed_listens/file5e577bc5790d.wav	file5e577bc5790d.wav	583.520	5899.0	7151.5	WCSP	
236	Spectrogram 1	1	584.036	584.035980804	584.474627482	0.439	5812.5	7687.5	6375.0	30.8	50.9	60.9	584.036	/Users/mary/Desktop/listens_20180309/completed_listens/file5e577bc5790d.wav	file5e577bc5790d.wav	584.036	5616.2	7919.2	WCSP	
237	Spectrogram 1	1	583.885	583.885464787	584.943377364	1.058	2250.0	5062.5	3281.2	29.7	53.6	65.1	583.885	/Users/mary/Desktop/listens_20180309/completed_listens/file5e577bc5790d.wav	file5e577bc5790d.wav	583.885	2101.0	5414.1	HETH	
238	Spectrogram 1	1	585.931	585.930752951	586.623126630	0.692	5250.0	7781.2	6937.5	64.3	90.4	103.2	585.931	/Users/mary/Desktop/listens_20180309/completed_listens/file5e577bc5790d.wav	file5e577bc5790d.wav	585.931	1090.9	12282.8	AMRO	
239	Spectrogram 1	1	587.014	587.013944064	587.478393488	0.464	2156.2	4406.2	3093.8	29.4	43.7	60.2	587.014	/Users/mary/Desktop/listens_20180309/completed_listens/file5e577bc5790d.wav	file5e577bc5790d.wav	587.014	2060.6	4606.1	PIKA	
240	Spectrogram 1	1	588.059	588.058955269	588.815835812	0.757	2343.8	4312.5	3000.0	29.8	46.6	62.3	588.059	/Users/mary/Desktop/listens_20180309/completed_listens/file5e577bc5790d.wav	file5e577bc5790d.wav	588.059	2222.2	4525.3	HETH	song
241	Spectrogram 1	1	588.098	588.097659387	588.175067625	0.077	5812.5	7125.0	6281.2	30.1	43.4	50.9	588.098	/Users/mary/Desktop/listens_20180309/completed_listens/file5e577bc5790d.wav	file5e577bc5790d.wav	588.098	5697.0	7232.3	WCSP	
242	Spectrogram 1	1	591.770	591.769710561	592.285765477	0.516	3375.0	4031.2	3750.0	31.2	44.4	58.1	591.770	/Users/mary/Desktop/listens_20180309/completed_listens/file5e577bc5790d.wav	file5e577bc5790d.wav	591.770	3191.9	4202.0	HETH	
243	Spectrogram 1	1	593.494	593.494194071	594.311281021	0.817	2906.2	4687.5	3468.8	29.8	46.7	62.2	593.494	/Users/mary/Desktop/listens_20180309/completed_listens/file5e577bc5790d.wav	file5e577bc5790d.wav	593.494	2787.9	4929.3	HETH	
