Selection	View	Channel	Begin Clock Time	Begin Time (s)	End Time (s)	Delta Time (s)	Freq 5% (Hz)	Freq 95% (Hz)	Center Freq (Hz)	Avg Power (dB)	Max Power (dB)	Energy (dB)	Begin Date Time	Begin Path	Begin File	File Offset (s)	Low Freq (Hz)	High Freq (Hz)	ID	NOTES
1	Spectrogram 1	1	0.379	0.378856902	3.378856902	3.000	1593.8	10781.2	5343.8	28.4	44.3	73.0	0.379	/Users/mary/Desktop/listens_20180309/completed_listens/file5e575379bd83.wav	file5e575379bd83.wav	0.379	1413.0	11220.0	background	
2	Spectrogram 1	1	10.559	10.558806213	11.597566332	1.039	4781.2	8156.2	7125.0	63.9	91.4	104.0	10.559	/Users/mary/Desktop/listens_20180309/completed_listens/file5e575379bd83.wav	file5e575379bd83.wav	10.559	1169.5	11110.2	AMRO	fledgling squeal bark
3	Spectrogram 1	1	9.271	9.271453930	10.532171339	1.261	2250.0	4218.8	3000.0	30.9	46.6	65.6	9.271	/Users/mary/Desktop/listens_20180309/completed_listens/file5e575379bd83.wav	file5e575379bd83.wav	9.271	2110.2	4474.6	HETH	song
4	Spectrogram 1	1	12.497	12.497007923	13.837629956	1.341	3000.0	4875.0	3656.2	28.6	43.5	63.2	12.497	/Users/mary/Desktop/listens_20180309/completed_listens/file5e575379bd83.wav	file5e575379bd83.wav	12.497	2822.0	5033.9	HETH	song
5	Spectrogram 1	1	15.475	15.475304967	17.313111331	1.838	2156.2	5812.5	3187.5	28.6	48.6	67.4	15.475	/Users/mary/Desktop/listens_20180309/completed_listens/file5e575379bd83.wav	file5e575379bd83.wav	15.475	2033.9	6178.0	HETH	song
6	Spectrogram 1	1	19.365	19.364660339	20.589864582	1.225	2906.2	5062.5	3375.0	31.5	51.4	67.0	19.365	/Users/mary/Desktop/listens_20180309/completed_listens/file5e575379bd83.wav	file5e575379bd83.wav	19.365	2593.2	5491.5	HETH	song
7	Spectrogram 1	1	18.646	18.645518719	19.045041841	0.400	2156.2	6093.8	3656.2	29.0	45.9	61.4	18.646	/Users/mary/Desktop/listens_20180309/completed_listens/file5e575379bd83.wav	file5e575379bd83.wav	18.646	1983.1	6381.4	PIKA	
8	Spectrogram 1	1	22.976	22.976055048	24.343311957	1.367	2156.2	4968.8	3000.0	31.4	54.2	68.0	22.976	/Users/mary/Desktop/listens_20180309/completed_listens/file5e575379bd83.wav	file5e575379bd83.wav	22.976	2033.9	5389.8	HETH	song
9	Spectrogram 1	1	23.500	23.499874254	23.801736168	0.302	2062.5	4781.2	2906.2	34.0	54.2	64.1	23.500	/Users/mary/Desktop/listens_20180309/completed_listens/file5e575379bd83.wav	file5e575379bd83.wav	23.500	1906.8	5389.8	PIKA	
10	Spectrogram 1	1	27.389	27.388565979	27.947898351	0.559	4687.5	8156.2	7125.0	67.3	91.4	104.2	27.389	/Users/mary/Desktop/listens_20180309/completed_listens/file5e575379bd83.wav	file5e575379bd83.wav	27.389	1652.5	10500.0	AMRO	fledgling squeal
11	Spectrogram 1	1	26.695	26.694664024	27.404927353	0.710	3468.8	3937.5	3750.0	33.4	46.5	60.7	26.695	/Users/mary/Desktop/listens_20180309/completed_listens/file5e575379bd83.wav	file5e575379bd83.wav	26.695	3305.1	4118.6	HETH	song first note
12	Spectrogram 1	1	29.829	29.828700963	30.778678165	0.950	2531.2	3843.8	3000.0	30.7	46.9	62.8	29.829	/Users/mary/Desktop/listens_20180309/completed_listens/file5e575379bd83.wav	file5e575379bd83.wav	29.829	2364.4	4042.4	HETH	song
13	Spectrogram 1	1	33.753	33.752852648	34.667316684	0.914	3093.8	4781.2	3656.2	29.3	44.5	61.8	33.753	/Users/mary/Desktop/listens_20180309/completed_listens/file5e575379bd83.wav	file5e575379bd83.wav	33.753	2974.6	4932.2	HETH	song
14	Spectrogram 1	1	35.617	35.617293887	37.259777835	1.642	3000.0	5531.2	4125.0	32.1	51.3	69.6	35.617	/Users/mary/Desktop/listens_20180309/completed_listens/file5e575379bd83.wav	file5e575379bd83.wav	35.617	2593.2	6000.0	WCSP	song
15	Spectrogram 1	1	37.331	37.330804168	37.987797747	0.657	2062.5	3093.8	2906.2	33.7	50.5	63.6	37.331	/Users/mary/Desktop/listens_20180309/completed_listens/file5e575379bd83.wav	file5e575379bd83.wav	37.331	1957.6	3432.2	HETH	song
16	Spectrogram 1	1	40.906	40.905986765	42.166704173	1.261	2812.5	4218.8	3187.5	33.0	51.0	67.4	40.906	/Users/mary/Desktop/listens_20180309/completed_listens/file5e575379bd83.wav	file5e575379bd83.wav	40.906	2466.1	4627.1	HETH	song
17	Spectrogram 1	1	42.682	42.681645087	43.693770331	1.012	4218.8	8250.0	7125.0	61.3	88.5	101.3	42.682	/Users/mary/Desktop/listens_20180309/completed_listens/file5e575379bd83.wav	file5e575379bd83.wav	42.682	1144.1	11186.4	AMRO	fledgling squeal bark
18	Spectrogram 1	1	45.984	45.984352174	47.342730791	1.358	2906.2	4781.2	3750.0	28.0	41.6	62.7	45.984	/Users/mary/Desktop/listens_20180309/completed_listens/file5e575379bd83.wav	file5e575379bd83.wav	45.984	2771.2	4932.2	WCSP	song
19	Spectrogram 1	1	44.466	44.466164308	45.895569258	1.429	2062.5	3843.8	3000.0	32.4	51.7	67.7	44.466	/Users/mary/Desktop/listens_20180309/completed_listens/file5e575379bd83.wav	file5e575379bd83.wav	44.466	1957.6	4271.2	HETH	song
20	Spectrogram 1	1	48.340	48.339827047	49.511761539	1.172	3000.0	5062.5	3937.5	28.4	43.5	62.8	48.340	/Users/mary/Desktop/listens_20180309/completed_listens/file5e575379bd83.wav	file5e575379bd83.wav	48.340	2847.5	5211.9	HETH	song
21	Spectrogram 1	1	51.779	51.779083739	53.119705772	1.341	2343.8	3937.5	3000.0	32.1	50.8	66.6	51.779	/Users/mary/Desktop/listens_20180309/completed_listens/file5e575379bd83.wav	file5e575379bd83.wav	51.779	2211.9	4245.8	HETH	song
22	Spectrogram 1	1	55.668	55.667775465	56.599996084	0.932	3093.8	4781.2	3843.8	28.9	45.9	61.5	55.668	/Users/mary/Desktop/listens_20180309/completed_listens/file5e575379bd83.wav	file5e575379bd83.wav	55.668	3000.0	4881.4	HETH	song
23	Spectrogram 1	1	60.108	60.108268232	60.463399896	0.355	2343.8	4218.8	3375.0	34.5	54.8	64.4	60.108	/Users/mary/Desktop/listens_20180309/completed_listens/file5e575379bd83.wav	file5e575379bd83.wav	60.108	2033.9	4805.1	PIKA	
24	Spectrogram 1	1	58.479	58.479101721	59.868554358	1.389	3187.5	5531.2	4218.8	32.7	53.4	68.5	58.479	/Users/mary/Desktop/listens_20180309/completed_listens/file5e575379bd83.wav	file5e575379bd83.wav	58.479	3152.5	5847.5	WCSP	song
25	Spectrogram 1	1	59.047	59.047312384	59.997289587	0.950	2437.5	3375.0	3000.0	34.9	50.1	65.9	59.047	/Users/mary/Desktop/listens_20180309/completed_listens/file5e575379bd83.wav	file5e575379bd83.wav	59.047	2186.4	3533.9	HETH	song
26	Spectrogram 1	1	61.631	61.630895243	62.656337924	1.025	4312.5	8156.2	7218.8	62.5	88.7	102.7	61.631	/Users/mary/Desktop/listens_20180309/completed_listens/file5e575379bd83.wav	file5e575379bd83.wav	61.631	1042.4	11237.3	AMRO	fledgling squeal bark
27	Spectrogram 1	1	63.185	63.184578883	64.396465688	1.212	2718.8	4781.2	3468.8	29.2	46.5	63.9	63.185	/Users/mary/Desktop/listens_20180309/completed_listens/file5e575379bd83.wav	file5e575379bd83.wav	63.185	2567.8	5008.5	HETH	song
28	Spectrogram 1	1	67.033	67.032604369	68.652892588	1.620	2718.8	5250.0	3750.0	28.3	45.2	65.0	67.033	/Users/mary/Desktop/listens_20180309/completed_listens/file5e575379bd83.wav	file5e575379bd83.wav	67.033	2618.6	5491.5	WCSP	song
29	Spectrogram 1	1	68.702	68.701723192	69.860340248	1.159	2062.5	3656.2	2906.2	32.2	50.9	66.0	68.702	/Users/mary/Desktop/listens_20180309/completed_listens/file5e575379bd83.wav	file5e575379bd83.wav	68.702	1957.6	3991.5	HETH	song
30	Spectrogram 1	1	72.192	72.191561985	73.088269437	0.897	2906.2	4781.2	3562.5	29.4	47.2	62.4	72.192	/Users/mary/Desktop/listens_20180309/completed_listens/file5e575379bd83.wav	file5e575379bd83.wav	72.192	2745.8	5008.5	HETH	song
31	Spectrogram 1	1	74.633	74.633092178	76.142401752	1.509	3093.8	5343.8	4312.5	37.3	63.5	75.3	74.633	/Users/mary/Desktop/listens_20180309/completed_listens/file5e575379bd83.wav	file5e575379bd83.wav	74.633	2491.5	6584.7	WCSP	song
32	Spectrogram 1	1	76.151	76.150920926	77.646445702	1.496	2343.8	3562.5	2906.2	31.6	49.4	65.4	76.151	/Users/mary/Desktop/listens_20180309/completed_listens/file5e575379bd83.wav	file5e575379bd83.wav	76.151	2237.3	3839.0	HETH	song
34	Spectrogram 1	1	79.969	79.968586319	81.069494479	1.101	2906.2	3937.5	3187.5	34.1	50.4	66.5	79.969	/Users/mary/Desktop/listens_20180309/completed_listens/file5e575379bd83.wav	file5e575379bd83.wav	79.969	2644.1	4245.8	HETH	song
35	Spectrogram 1	1	82.551	82.551113526	83.332403188	0.781	4687.5	8156.2	7125.0	64.7	90.1	103.5	82.551	/Users/mary/Desktop/listens_20180309/completed_listens/file5e575379bd83.wav	file5e575379bd83.wav	82.551	1118.6	10805.1	AMRO	fledgling squeak bark
36	Spectrogram 1	1	84.097	84.096625568	85.086555083	0.990	3468.8	5343.8	3843.8	29.3	47.6	62.7	84.097	/Users/mary/Desktop/listens_20180309/completed_listens/file5e575379bd83.wav	file5e575379bd83.wav	84.097	3279.7	5466.1	HETH	song
37	Spectrogram 1	1	87.071	87.070821575	87.949772445	0.879	3093.8	5062.5	3750.0	29.4	45.7	62.7	87.071	/Users/mary/Desktop/listens_20180309/completed_listens/file5e575379bd83.wav	file5e575379bd83.wav	87.071	2872.9	5313.6	WCSP	song
38	Spectrogram 1	1	87.990	87.989724757	89.219368145	1.230	2812.5	5437.5	3187.5	30.6	50.8	66.5	87.990	/Users/mary/Desktop/listens_20180309/completed_listens/file5e575379bd83.wav	file5e575379bd83.wav	87.990	2542.4	5720.3	HETH	song
39	Spectrogram 1	1	96.038	96.037579690	97.042043722	1.004	2906.2	4218.8	3375.0	34.9	53.7	68.1	96.038	/Users/mary/Desktop/listens_20180309/completed_listens/file5e575379bd83.wav	file5e575379bd83.wav	96.038	2491.5	4500.0	HETH	song
40	Spectrogram 1	1	100.373	100.372763884	101.917127334	1.544	2625.0	4031.2	3093.8	36.6	57.0	73.1	100.373	/Users/mary/Desktop/listens_20180309/completed_listens/file5e575379bd83.wav	file5e575379bd83.wav	100.373	2059.3	4881.4	HETH	song
41	Spectrogram 1	1	102.357	102.356580349	102.909035567	0.552	4500.0	8156.2	7218.8	67.3	90.9	104.9	102.357	/Users/mary/Desktop/listens_20180309/completed_listens/file5e575379bd83.wav	file5e575379bd83.wav	102.357	1245.8	11694.9	AMRO	fledgling squal bark
42	Spectrogram 1	1	104.243	104.242699725	105.121605753	0.879	3187.5	4875.0	3750.0	30.4	46.8	63.2	104.243	/Users/mary/Desktop/listens_20180309/completed_listens/file5e575379bd83.wav	file5e575379bd83.wav	104.243	3000.0	5110.2	WCSP	song partial
43	Spectrogram 1	1	105.059	105.058826751	106.264183591	1.205	3187.5	5062.5	3656.2	32.6	53.3	67.6	105.059	/Users/mary/Desktop/listens_20180309/completed_listens/file5e575379bd83.wav	file5e575379bd83.wav	105.059	2872.9	5516.9	HETH	song
44	Spectrogram 1	1	109.273	109.272922382	110.773340531	1.500	2437.5	3656.2	3000.0	36.7	57.6	72.5	109.273	/Users/mary/Desktop/listens_20180309/completed_listens/file5e575379bd83.wav	file5e575379bd83.wav	109.273	1983.1	4500.0	HETH	song
45	Spectrogram 1	1	111.663	111.663048484	112.937462225	1.274	2625.0	4875.0	3656.2	28.3	45.9	63.4	111.663	/Users/mary/Desktop/listens_20180309/completed_listens/file5e575379bd83.wav	file5e575379bd83.wav	111.663	2440.7	5008.5	WCSP	song
46	Spectrogram 1	1	113.628	113.628031248	115.210062099	1.582	3000.0	5718.8	4312.5	30.7	50.2	68.0	113.628	/Users/mary/Desktop/listens_20180309/completed_listens/file5e575379bd83.wav	file5e575379bd83.wav	113.628	2771.2	6178.0	WCSP	song
47	Spectrogram 1	1	115.523	115.522990391	116.496064923	0.973	3093.8	4593.8	3750.0	33.0	53.3	66.1	115.523	/Users/mary/Desktop/listens_20180309/completed_listens/file5e575379bd83.wav	file5e575379bd83.wav	115.523	2796.6	4855.9	HETH	song
48	Spectrogram 1	1	118.756	118.756108996	119.879853133	1.124	1687.5	3281.2	2906.2	33.2	52.4	66.9	118.756	/Users/mary/Desktop/listens_20180309/completed_listens/file5e575379bd83.wav	file5e575379bd83.wav	118.756	1652.5	3711.9	HETH	song
49	Spectrogram 1	1	120.757	120.756621927	121.836420762	1.080	4312.5	8156.2	7125.0	63.6	92.2	104.2	120.757	/Users/mary/Desktop/listens_20180309/completed_listens/file5e575379bd83.wav	file5e575379bd83.wav	120.757	966.1	11771.2	AMRO	fledgling squeal bark
50	Spectrogram 1	1	123.075	123.074528106	124.493333553	1.419	2812.5	6843.8	3750.0	30.4	54.2	68.7	123.075	/Users/mary/Desktop/listens_20180309/completed_listens/file5e575379bd83.wav	file5e575379bd83.wav	123.075	2466.1	7194.9	HETH	song
51	Spectrogram 1	1	126.196	126.195897787	127.614703233	1.419	3000.0	5343.8	3937.5	27.8	42.9	63.5	126.196	/Users/mary/Desktop/listens_20180309/completed_listens/file5e575379bd83.wav	file5e575379bd83.wav	126.196	2847.5	5466.1	WCSP	song
52	Spectrogram 1	1	128.123	128.123213150	129.253235187	1.130	1781.2	3656.2	2906.2	36.4	57.5	71.2	128.123	/Users/mary/Desktop/listens_20180309/completed_listens/file5e575379bd83.wav	file5e575379bd83.wav	128.123	1550.8	4271.2	HETH	song
53	Spectrogram 1	1	129.184	129.184178284	130.339311922	1.155	4031.2	8250.0	7218.8	61.8	88.3	102.7	129.184	/Users/mary/Desktop/listens_20180309/completed_listens/file5e575379bd83.wav	file5e575379bd83.wav	129.184	1118.6	11694.9	AMRO	fledgling squeal bark
54	Spectrogram 1	1	135.479	135.479061339	136.201019862	0.722	2718.8	4218.8	3281.2	35.6	52.7	67.1	135.479	/Users/mary/Desktop/listens_20180309/completed_listens/file5e575379bd83.wav	file5e575379bd83.wav	135.479	2644.1	4601.7	HETH	song
55	Spectrogram 1	1	133.608	133.608247078	134.305094001	0.697	1218.8	7031.2	2250.0	35.9	57.8	72.3	133.608	/Users/mary/Desktop/listens_20180309/completed_listens/file5e575379bd83.wav	file5e575379bd83.wav	133.608	1169.5	7449.2	AMRO	squeal bark
56	Spectrogram 1	1	134.355	134.355317202	135.535562440	1.180	1968.8	6750.0	4500.0	56.9	84.4	97.6	134.355	/Users/mary/Desktop/listens_20180309/completed_listens/file5e575379bd83.wav	file5e575379bd83.wav	134.355	915.3	10855.9	AMRO	squeal bark
57	Spectrogram 1	1	131.071	131.071010667	132.571428816	1.500	3562.5	5250.0	3937.5	37.0	57.7	72.8	131.071	/Users/mary/Desktop/listens_20180309/completed_listens/file5e575379bd83.wav	file5e575379bd83.wav	131.071	3330.5	5847.5	WCSP	song
58	Spectrogram 1	1	131.441	131.441406779	132.514927714	1.074	3093.8	4312.5	3656.2	37.8	57.7	70.8	131.441	/Users/mary/Desktop/listens_20180309/completed_listens/file5e575379bd83.wav	file5e575379bd83.wav	131.441	2618.6	4423.7	HETH	song
59	Spectrogram 1	1	138.578	138.578167670	138.823005778	0.245	3468.8	6375.0	4406.2	43.0	64.3	74.6	138.578	/Users/mary/Desktop/listens_20180309/completed_listens/file5e575379bd83.wav	file5e575379bd83.wav	138.578	1983.1	7881.4	AMRO	squeal
60	Spectrogram 1	1	140.656	140.656152638	140.963769748	0.308	3843.8	7312.5	5906.2	36.7	58.7	69.3	140.656	/Users/mary/Desktop/listens_20180309/completed_listens/file5e575379bd83.wav	file5e575379bd83.wav	140.656	2440.7	8389.8	AMRO	squeal
61	Spectrogram 1	1	139.288	139.287570393	140.568262035	1.281	3656.2	5062.5	3843.8	34.0	55.6	69.1	139.288	/Users/mary/Desktop/listens_20180309/completed_listens/file5e575379bd83.wav	file5e575379bd83.wav	139.288	3101.7	5669.5	HETH	song
62	Spectrogram 1	1	142.244	142.244461389	143.569098332	1.325	2718.8	5250.0	4031.2	30.2	49.4	66.3	142.244	/Users/mary/Desktop/listens_20180309/completed_listens/file5e575379bd83.wav	file5e575379bd83.wav	142.244	2466.1	5593.2	WCSP	song
63	Spectrogram 1	1	143.622	143.622185047	145.053546293	1.431	2531.2	3656.2	3000.0	39.9	59.3	74.2	143.622	/Users/mary/Desktop/listens_20180309/completed_listens/file5e575379bd83.wav	file5e575379bd83.wav	143.622	2186.4	4118.6	HETH	song
64	Spectrogram 1	1	143.460	143.460294355	143.767911465	0.308	4406.2	7125.0	6093.8	31.5	45.2	61.7	143.460	/Users/mary/Desktop/listens_20180309/completed_listens/file5e575379bd83.wav	file5e575379bd83.wav	143.460	4067.8	7474.6	AMRO	?
65	Spectrogram 1	1	146.329	146.329294748	148.124774207	1.795	3093.8	5437.5	4031.2	28.8	46.9	65.7	146.329	/Users/mary/Desktop/listens_20180309/completed_listens/file5e575379bd83.wav	file5e575379bd83.wav	146.329	2949.2	5694.9	WCSP	song
66	Spectrogram 1	1	148.397	148.397036554	149.658894495	1.262	3093.8	4218.8	3375.0	40.9	61.1	75.6	148.397	/Users/mary/Desktop/listens_20180309/completed_listens/file5e575379bd83.wav	file5e575379bd83.wav	148.397	2593.2	4906.8	HETH	song
67	Spectrogram 1	1	152.394	152.394070964	153.398534996	1.004	1968.8	3093.8	2906.2	38.3	58.2	71.7	152.394	/Users/mary/Desktop/listens_20180309/completed_listens/file5e575379bd83.wav	file5e575379bd83.wav	152.394	1678.0	3839.0	HETH	song
68	Spectrogram 1	1	152.783	152.783300776	154.252329424	1.469	3093.8	5437.5	4125.0	37.2	56.3	73.7	152.783	/Users/mary/Desktop/listens_20180309/completed_listens/file5e575379bd83.wav	file5e575379bd83.wav	152.783	2822.0	5898.3	WCSP	song
69	Spectrogram 1	1	157.172	157.172051789	158.446465531	1.274	3000.0	5250.0	3937.5	29.3	49.7	64.5	157.172	/Users/mary/Desktop/listens_20180309/completed_listens/file5e575379bd83.wav	file5e575379bd83.wav	157.172	2847.5	5440.7	WCSP	song
70	Spectrogram 1	1	156.180	156.180143557	157.172051789	0.992	3281.2	4968.8	3843.8	33.4	53.7	67.6	156.180	/Users/mary/Desktop/listens_20180309/completed_listens/file5e575379bd83.wav	file5e575379bd83.wav	156.180	2822.0	5491.5	HETH	song
71	Spectrogram 1	1	160.204	160.204277588	161.491247130	1.287	2156.2	4125.0	3000.0	32.7	52.7	68.2	160.204	/Users/mary/Desktop/listens_20180309/completed_listens/file5e575379bd83.wav	file5e575379bd83.wav	160.204	1932.2	4601.7	HETH	song
72	Spectrogram 1	1	159.093	159.093089252	159.476041164	0.383	2343.8	3750.0	3093.8	34.5	53.3	63.9	159.093	/Users/mary/Desktop/listens_20180309/completed_listens/file5e575379bd83.wav	file5e575379bd83.wav	159.093	2059.3	4220.3	PIKA	
73	Spectrogram 1	1	164.672	164.671603638	166.008796382	1.337	3468.8	5437.5	3843.8	33.8	54.9	70.2	164.672	/Users/mary/Desktop/listens_20180309/completed_listens/file5e575379bd83.wav	file5e575379bd83.wav	164.672	2847.5	6152.5	HETH	song
74	Spectrogram 1	1	167.062	167.062413479	168.625610630	1.563	2906.2	5062.5	3750.0	28.7	45.0	64.6	167.062	/Users/mary/Desktop/listens_20180309/completed_listens/file5e575379bd83.wav	file5e575379bd83.wav	167.062	2796.6	5313.6	WCSP	song
75	Spectrogram 1	1	170.044	170.043960009	171.663658261	1.620	3375.0	5343.8	4406.2	35.9	57.3	72.0	170.044	/Users/mary/Desktop/listens_20180309/completed_listens/file5e575379bd83.wav	file5e575379bd83.wav	170.044	3203.4	5745.8	WCSP	song
76	Spectrogram 1	1	170.075	170.075349510	171.286984249	1.212	2343.8	3562.5	3000.0	37.5	55.4	70.6	170.075	/Users/mary/Desktop/listens_20180309/completed_listens/file5e575379bd83.wav	file5e575379bd83.wav	170.075	1983.1	3737.3	HETH	song
77	Spectrogram 1	1	173.086	173.085521141	173.211079145	0.126	2625.0	3468.8	3281.2	38.0	53.5	60.8	173.086	/Users/mary/Desktop/listens_20180309/completed_listens/file5e575379bd83.wav	file5e575379bd83.wav	173.086	2339.0	3839.0	MARMOT	
78	Spectrogram 1	1	174.387	174.387152283	175.743178727	1.356	2812.5	4312.5	3281.2	35.1	55.5	70.3	174.387	/Users/mary/Desktop/listens_20180309/completed_listens/file5e575379bd83.wav	file5e575379bd83.wav	174.387	2542.4	5059.3	HETH	song
79	Spectrogram 1	1	178.470	178.470100054	179.757069596	1.287	2156.2	3187.5	2906.2	37.0	57.3	71.6	178.470	/Users/mary/Desktop/listens_20180309/completed_listens/file5e575379bd83.wav	file5e575379bd83.wav	178.470	1906.8	4144.1	HETH	song
80	Spectrogram 1	1	181.221	181.221341518	181.315510021	0.094	3000.0	3468.8	3375.0	37.8	50.6	56.7	181.221	/Users/mary/Desktop/listens_20180309/completed_listens/file5e575379bd83.wav	file5e575379bd83.wav	181.221	2872.9	3686.4	MARMOT	
81	Spectrogram 1	1	182.522	182.521879158	183.689568596	1.168	3000.0	5062.5	3656.2	33.1	55.0	68.5	182.522	/Users/mary/Desktop/listens_20180309/completed_listens/file5e575379bd83.wav	file5e575379bd83.wav	182.522	2618.6	5542.4	HETH	song
82	Spectrogram 1	1	181.342	181.341633919	182.471655956	1.130	2812.5	4875.0	3656.2	28.6	43.9	62.9	181.342	/Users/mary/Desktop/listens_20180309/completed_listens/file5e575379bd83.wav	file5e575379bd83.wav	181.342	2694.9	5008.5	WCSP	song
83	Spectrogram 1	1	185.435	185.435333336	187.098976891	1.664	3562.5	5437.5	3843.8	30.0	48.4	65.7	185.435	/Users/mary/Desktop/listens_20180309/completed_listens/file5e575379bd83.wav	file5e575379bd83.wav	185.435	3381.4	5669.5	WCSP	song
84	Spectrogram 1	1	186.816	186.816471381	188.166219925	1.350	2625.0	3843.8	3000.0	38.1	57.9	73.4	186.816	/Users/mary/Desktop/listens_20180309/completed_listens/file5e575379bd83.wav	file5e575379bd83.wav	186.816	2110.2	4627.1	HETH	song
85	Spectrogram 1	1	189.020	189.020014353	189.327631463	0.308	1968.8	5718.8	3093.8	30.6	43.9	61.7	189.020	/Users/mary/Desktop/listens_20180309/completed_listens/file5e575379bd83.wav	file5e575379bd83.wav	189.020	1830.5	6127.1	PIKA	
86	Spectrogram 1	1	190.370	190.369891455	191.681972598	1.312	3000.0	4687.5	3375.0	36.3	56.4	71.8	190.370	/Users/mary/Desktop/listens_20180309/completed_listens/file5e575379bd83.wav	file5e575379bd83.wav	190.370	2618.6	5288.1	HETH	song
87	Spectrogram 1	1	193.726	193.726039948	195.176234895	1.450	2343.8	3281.2	2906.2	36.2	57.0	70.8	193.726	/Users/mary/Desktop/listens_20180309/completed_listens/file5e575379bd83.wav	file5e575379bd83.wav	193.726	1881.4	3915.3	HETH	song
88	Spectrogram 1	1	198.102	198.101552524	199.074627056	0.973	3843.8	5625.0	4781.2	29.8	47.9	63.0	198.102	/Users/mary/Desktop/listens_20180309/completed_listens/file5e575379bd83.wav	file5e575379bd83.wav	198.102	3661.0	5822.0	UNK2	sounds like MGWA?
89	Spectrogram 1	1	196.896	196.896195685	198.252222129	1.356	3375.0	4968.8	3843.8	36.3	59.8	72.6	196.896	/Users/mary/Desktop/listens_20180309/completed_listens/file5e575379bd83.wav	file5e575379bd83.wav	196.896	2822.0	5974.6	HETH	song
90	Spectrogram 1	1	202.251	202.251060693	202.376618697	0.126	2531.2	3468.8	3375.0	40.0	54.7	62.7	202.251	/Users/mary/Desktop/listens_20180309/completed_listens/file5e575379bd83.wav	file5e575379bd83.wav	202.251	2186.4	3711.9	MARMOT	
91	Spectrogram 1	1	201.636	201.635826473	202.966741316	1.331	3187.5	5250.0	3656.2	30.3	54.7	65.4	201.636	/Users/mary/Desktop/listens_20180309/completed_listens/file5e575379bd83.wav	file5e575379bd83.wav	201.636	3076.3	5466.1	WCSP	song
92	Spectrogram 1	1	209.889	209.888859338	210.014417342	0.126	2250.0	3468.8	3093.8	35.8	50.7	59.5	209.889	/Users/mary/Desktop/listens_20180309/completed_listens/file5e575379bd83.wav	file5e575379bd83.wav	209.889	1881.4	3839.0	MARMOT	
93	Spectrogram 1	1	212.128	212.127973965	213.220328601	1.092	2906.2	4781.2	3843.8	28.1	39.8	61.9	212.128	/Users/mary/Desktop/listens_20180309/completed_listens/file5e575379bd83.wav	file5e575379bd83.wav	212.128	2745.8	4932.2	WCSP	song
94	Spectrogram 1	1	211.732	211.732466252	212.102862364	0.370	2812.5	5718.8	3375.0	31.0	46.7	62.0	211.732	/Users/mary/Desktop/listens_20180309/completed_listens/file5e575379bd83.wav	file5e575379bd83.wav	211.732	2644.1	6050.8	PIKA	
95	Spectrogram 1	1	217.496	217.495675586	217.608677790	0.113	2250.0	3468.8	2812.5	37.3	53.1	60.6	217.496	/Users/mary/Desktop/listens_20180309/completed_listens/file5e575379bd83.wav	file5e575379bd83.wav	217.496	1957.6	3762.7	MARMOT	
96	Spectrogram 1	1	218.318	218.318080513	219.805942861	1.488	2531.2	4968.8	3656.2	28.1	39.6	64.2	218.318	/Users/mary/Desktop/listens_20180309/completed_listens/file5e575379bd83.wav	file5e575379bd83.wav	218.318	2364.4	5110.2	WCSP	song very faint
97	Spectrogram 1	1	224.066	224.066410629	224.185690733	0.119	2062.5	3468.8	3375.0	38.1	55.6	61.5	224.066	/Users/mary/Desktop/listens_20180309/completed_listens/file5e575379bd83.wav	file5e575379bd83.wav	224.066	1855.9	3737.3	MARMOT	
98	Spectrogram 1	1	228.781	228.781113682	228.912949587	0.132	2343.8	3468.8	3375.0	40.4	57.5	64.1	228.781	/Users/mary/Desktop/listens_20180309/completed_listens/file5e575379bd83.wav	file5e575379bd83.wav	228.781	1957.6	3737.3	MARMOT	
99	Spectrogram 1	1	224.007	224.006871691	224.697440713	0.691	4593.8	5718.8	5156.2	28.5	41.2	58.4	224.007	/Users/mary/Desktop/listens_20180309/completed_listens/file5e575379bd83.wav	file5e575379bd83.wav	224.007	4449.2	5898.3	UNK3	shrug
100	Spectrogram 1	1	227.240	227.239990296	227.359270400	0.119	4500.0	5156.2	4875.0	30.2	42.4	50.2	227.240	/Users/mary/Desktop/listens_20180309/completed_listens/file5e575379bd83.wav	file5e575379bd83.wav	227.240	4449.2	5288.1	UNK3	call note
101	Spectrogram 1	1	228.634	228.633684141	228.721574744	0.088	4781.2	5437.5	4875.0	31.9	46.4	52.0	228.634	/Users/mary/Desktop/listens_20180309/completed_listens/file5e575379bd83.wav	file5e575379bd83.wav	228.634	4576.3	5669.5	UNK3	call note
102	Spectrogram 1	1	230.971	230.970610439	231.290783350	0.320	2437.5	3750.0	3093.8	30.1	43.2	57.0	230.971	/Users/mary/Desktop/listens_20180309/completed_listens/file5e575379bd83.wav	file5e575379bd83.wav	230.971	2389.8	3864.4	PIKA	
103	Spectrogram 1	1	229.075	229.074684578	230.185872914	1.111	2906.2	4312.5	3375.0	31.3	49.1	64.0	229.075	/Users/mary/Desktop/listens_20180309/completed_listens/file5e575379bd83.wav	file5e575379bd83.wav	229.075	2720.3	4474.6	HETH	song
104	Spectrogram 1	1	230.638	230.637881729	230.750883932	0.113	4687.5	5343.8	4875.0	31.7	44.5	51.5	230.638	/Users/mary/Desktop/listens_20180309/completed_listens/file5e575379bd83.wav	file5e575379bd83.wav	230.638	4601.7	5491.5	UNK3	
105	Spectrogram 1	1	232.283	232.282691582	232.383137985	0.100	4781.2	5437.5	4968.8	31.3	42.8	50.9	232.283	/Users/mary/Desktop/listens_20180309/completed_listens/file5e575379bd83.wav	file5e575379bd83.wav	232.283	4678.0	5593.2	UNK3	
106	Spectrogram 1	1	232.741	232.740978297	233.714052829	0.973	1875.0	3656.2	2906.2	30.3	45.7	63.3	232.741	/Users/mary/Desktop/listens_20180309/completed_listens/file5e575379bd83.wav	file5e575379bd83.wav	232.741	1830.5	3915.3	HETH	song
107	Spectrogram 1	1	235.261	235.261338681	236.573419824	1.312	2812.5	4781.2	3750.0	28.6	42.4	63.3	235.261	/Users/mary/Desktop/listens_20180309/completed_listens/file5e575379bd83.wav	file5e575379bd83.wav	235.261	2694.9	4932.2	WCSP	song
108	Spectrogram 1	1	233.761	233.760920533	233.880200637	0.119	2156.2	3468.8	3375.0	35.3	49.7	58.5	233.761	/Users/mary/Desktop/listens_20180309/completed_listens/file5e575379bd83.wav	file5e575379bd83.wav	233.761	2033.9	3762.7	MARMOT	
109	Spectrogram 1	1	237.032	237.032250941	238.300386782	1.268	2625.0	4500.0	3187.5	32.6	50.5	67.5	237.032	/Users/mary/Desktop/listens_20180309/completed_listens/file5e575379bd83.wav	file5e575379bd83.wav	237.032	2313.6	4728.8	HETH	song
110	Spectrogram 1	1	238.595	238.595448092	238.695894495	0.100	2437.5	3562.5	3375.0	38.8	53.4	60.6	238.595	/Users/mary/Desktop/listens_20180309/completed_listens/file5e575379bd83.wav	file5e575379bd83.wav	238.595	2288.1	3762.7	MARMOT	*
111	Spectrogram 1	1	240.926	240.926125232	242.012201967	1.086	2062.5	3750.0	3000.0	31.4	47.2	64.8	240.926	/Users/mary/Desktop/listens_20180309/completed_listens/file5e575379bd83.wav	file5e575379bd83.wav	240.926	2033.9	3940.7	HETH	song
112	Spectrogram 1	1	240.024	240.023677613	241.335758755	1.312	3843.8	6000.0	4875.0	28.2	38.6	63.2	240.024	/Users/mary/Desktop/listens_20180309/completed_listens/file5e575379bd83.wav	file5e575379bd83.wav	240.024	3711.9	6127.1	OCWA	*DEJU/CHSP
113	Spectrogram 1	1	243.828	243.828085136	243.966198941	0.138	2250.0	3562.5	3375.0	36.9	53.7	60.8	243.828	/Users/mary/Desktop/listens_20180309/completed_listens/file5e575379bd83.wav	file5e575379bd83.wav	243.828	2059.3	3762.7	MARMOT	
114	Spectrogram 1	1	244.507	244.507047825	245.593124560	1.086	4125.0	5531.2	4875.0	27.8	38.9	60.1	244.507	/Users/mary/Desktop/listens_20180309/completed_listens/file5e575379bd83.wav	file5e575379bd83.wav	244.507	4042.4	5644.1	OCWA	*DEJU/CHSP
115	Spectrogram 1	1	249.291	249.290807780	249.410087884	0.119	2531.2	3468.8	3375.0	38.5	54.9	61.5	249.291	/Users/mary/Desktop/listens_20180309/completed_listens/file5e575379bd83.wav	file5e575379bd83.wav	249.291	2110.2	3788.1	MARMOT	
116	Spectrogram 1	1	259.817	259.817058768	259.898671470	0.082	2343.8	3468.8	3375.0	35.8	49.1	56.8	259.817	/Users/mary/Desktop/listens_20180309/completed_listens/file5e575379bd83.wav	file5e575379bd83.wav	259.817	2237.3	3737.3	MARMOT	
117	Spectrogram 1	1	259.309	259.308548851	260.614352094	1.306	3656.2	5250.0	4406.2	41.3	62.8	76.3	259.309	/Users/mary/Desktop/listens_20180309/completed_listens/file5e575379bd83.wav	file5e575379bd83.wav	259.309	3355.9	5796.6	YRWA	song
118	Spectrogram 1	1	262.201	262.201080057	263.337379994	1.136	3750.0	5531.2	4593.8	28.3	39.4	62.0	262.201	/Users/mary/Desktop/listens_20180309/completed_listens/file5e575379bd83.wav	file5e575379bd83.wav	262.201	3635.6	5694.9	OCWA	*DEJU/CHSP
119	Spectrogram 1	1	265.309	265.308640658	265.440476562	0.132	2250.0	3468.8	3281.2	37.4	53.7	60.9	265.309	/Users/mary/Desktop/listens_20180309/completed_listens/file5e575379bd83.wav	file5e575379bd83.wav	265.309	2059.3	3711.9	MARMOT	
120	Spectrogram 1	1	267.125	267.124656691	268.097731222	0.973	4031.2	5531.2	4781.2	28.9	38.7	61.1	267.125	/Users/mary/Desktop/listens_20180309/completed_listens/file5e575379bd83.wav	file5e575379bd83.wav	267.125	3940.7	5644.1	OCWA	*DEJU/CHSP
121	Spectrogram 1	1	270.377	270.377347319	270.502905323	0.126	1781.2	3468.8	2437.5	31.8	46.5	55.6	270.377	/Users/mary/Desktop/listens_20180309/completed_listens/file5e575379bd83.wav	file5e575379bd83.wav	270.377	1779.7	3635.6	MARMOT	
122	Spectrogram 1	1	274.267	274.266973687	275.371884122	1.105	2906.2	5250.0	4406.2	35.7	58.0	71.9	274.267	/Users/mary/Desktop/listens_20180309/completed_listens/file5e575379bd83.wav	file5e575379bd83.wav	274.267	2084.7	5872.9	YRWA	song
123	Spectrogram 1	1	281.458	281.457614922	281.595728727	0.138	2343.8	3468.8	3375.0	38.6	55.7	62.5	281.458	/Users/mary/Desktop/listens_20180309/completed_listens/file5e575379bd83.wav	file5e575379bd83.wav	281.458	2008.5	3839.0	MARMOT	
124	Spectrogram 1	1	282.236	282.236074548	283.617212593	1.381	3000.0	5343.8	4031.2	28.4	43.9	64.0	282.236	/Users/mary/Desktop/listens_20180309/completed_listens/file5e575379bd83.wav	file5e575379bd83.wav	282.236	2822.0	5516.9	WCSP	song
125	Spectrogram 1	1	285.455	285.454691556	285.944367772	0.490	4687.5	5625.0	5156.2	28.5	40.8	55.9	285.455	/Users/mary/Desktop/listens_20180309/completed_listens/file5e575379bd83.wav	file5e575379bd83.wav	285.455	4627.1	5771.2	UNK4	too faint
126	Spectrogram 1	1	287.533	287.532676524	287.677068228	0.144	2531.2	3562.5	3468.8	44.9	63.6	69.4	287.533	/Users/mary/Desktop/listens_20180309/completed_listens/file5e575379bd83.wav	file5e575379bd83.wav	287.533	1855.9	3813.6	MARMOT	
127	Spectrogram 1	1	294.577	294.577113289	294.721504994	0.144	2062.5	3468.8	2531.2	35.3	54.8	59.6	294.577	/Users/mary/Desktop/listens_20180309/completed_listens/file5e575379bd83.wav	file5e575379bd83.wav	294.577	1830.5	3737.3	MARMOT	
128	Spectrogram 1	1	301.209	301.208753512	302.677782159	1.469	3187.5	5156.2	4125.0	27.6	39.3	62.8	301.209	/Users/mary/Desktop/listens_20180309/completed_listens/file5e575379bd83.wav	file5e575379bd83.wav	301.209	3050.8	5313.6	WCSP	song
129	Spectrogram 1	1	305.441	305.441484616	305.529375219	0.088	2343.8	3562.5	2718.8	31.7	45.5	53.0	305.441	/Users/mary/Desktop/listens_20180309/completed_listens/file5e575379bd83.wav	file5e575379bd83.wav	305.441	2161.0	3813.6	MARMOT	
130	Spectrogram 1	1	312.287	312.286668253	313.222075384	0.935	4031.2	5718.8	4875.0	27.8	38.1	60.4	312.287	/Users/mary/Desktop/listens_20180309/completed_listens/file5e575379bd83.wav	file5e575379bd83.wav	312.287	3889.8	5872.9	OCWA	*DEJU/CHSP
131	Spectrogram 1	1	312.575	312.575451663	312.682175966	0.107	2250.0	3468.8	2625.0	32.7	48.4	54.8	312.575	/Users/mary/Desktop/listens_20180309/completed_listens/file5e575379bd83.wav	file5e575379bd83.wav	312.575	2135.6	3635.6	MARMOT	
132	Spectrogram 1	1	306.935	306.935014695	307.751141722	0.816	4031.2	5531.2	4781.2	27.8	37.3	59.2	306.935	/Users/mary/Desktop/listens_20180309/completed_listens/file5e575379bd83.wav	file5e575379bd83.wav	306.935	4016.9	5694.9	OCWA	*DEJU/CHSP
133	Spectrogram 1	1	316.951	316.951236440	317.685750764	0.735	2531.2	3562.5	2906.2	30.8	44.3	60.7	316.951	/Users/mary/Desktop/listens_20180309/completed_listens/file5e575379bd83.wav	file5e575379bd83.wav	316.951	2364.4	3686.4	HETH	song
134	Spectrogram 1	1	316.976	316.976348041	318.501877790	1.526	4218.8	5625.0	4968.8	28.6	41.7	62.5	316.976	/Users/mary/Desktop/listens_20180309/completed_listens/file5e575379bd83.wav	file5e575379bd83.wav	316.976	4169.5	5745.8	OCWA	*DEJU/CHSP
135	Spectrogram 1	1	320.995	320.994505817	321.120063821	0.126	2343.8	3468.8	3375.0	37.6	52.6	60.7	320.995	/Users/mary/Desktop/listens_20180309/completed_listens/file5e575379bd83.wav	file5e575379bd83.wav	320.995	2110.2	3711.9	MARMOT	
136	Spectrogram 1	1	320.021	320.021431285	320.881503613	0.860	3281.2	4781.2	3843.8	28.3	42.5	60.1	320.021	/Users/mary/Desktop/listens_20180309/completed_listens/file5e575379bd83.wav	file5e575379bd83.wav	320.021	3127.1	4957.6	HETH	song
137	Spectrogram 1	1	322.495	322.494923966	323.656335503	1.161	2156.2	3562.5	2906.2	31.9	49.9	65.3	322.495	/Users/mary/Desktop/listens_20180309/completed_listens/file5e575379bd83.wav	file5e575379bd83.wav	322.495	2033.9	3864.4	HETH	song
138	Spectrogram 1	1	324.102	324.102066418	325.150475752	1.048	3375.0	5625.0	4593.8	30.8	52.3	65.5	324.102	/Users/mary/Desktop/listens_20180309/completed_listens/file5e575379bd83.wav	file5e575379bd83.wav	324.102	3152.5	5923.7	YRWA	song
139	Spectrogram 1	1	325.780	325.780434768	327.262019216	1.482	3093.8	4875.0	3750.0	31.0	51.6	66.2	325.780	/Users/mary/Desktop/listens_20180309/completed_listens/file5e575379bd83.wav	file5e575379bd83.wav	325.780	2822.0	5135.6	HETH	song
140	Spectrogram 1	1	327.381	327.381299320	327.513135224	0.132	2062.5	3468.8	3375.0	38.0	53.5	62.0	327.381	/Users/mary/Desktop/listens_20180309/completed_listens/file5e575379bd83.wav	file5e575379bd83.wav	327.381	1855.9	3737.3	MARMOT	
141	Spectrogram 1	1	329.171	329.170500878	330.495137821	1.325	1875.0	3843.8	2906.2	33.1	54.4	68.5	329.171	/Users/mary/Desktop/listens_20180309/completed_listens/file5e575379bd83.wav	file5e575379bd83.wav	329.171	1703.4	4372.9	HETH	song
142	Spectrogram 1	1	332.636	332.635578588	333.790712225	1.155	3000.0	4312.5	3468.8	40.2	62.3	74.5	332.636	/Users/mary/Desktop/listens_20180309/completed_listens/file5e575379bd83.wav	file5e575379bd83.wav	332.636	2491.5	4855.9	HETH	song
143	Spectrogram 1	1	332.541	332.541410085	332.641856488	0.100	2250.0	3468.8	3281.2	43.1	58.5	65.7	332.541	/Users/mary/Desktop/listens_20180309/completed_listens/file5e575379bd83.wav	file5e575379bd83.wav	332.541	1906.8	3711.9	MARMOT	
144	Spectrogram 1	1	335.323	335.322519875	337.127269305	1.805	2156.2	3843.8	2812.5	32.2	56.2	68.3	335.323	/Users/mary/Desktop/listens_20180309/completed_listens/file5e575379bd83.wav	file5e575379bd83.wav	335.323	2033.9	4220.3	HETH	song
145	Spectrogram 1	1	338.732	338.731706247	340.219568596	1.488	3375.0	4500.0	3843.8	38.4	61.4	74.6	338.732	/Users/mary/Desktop/listens_20180309/completed_listens/file5e575379bd83.wav	file5e575379bd83.wav	338.732	3127.1	5923.7	HETH	song
146	Spectrogram 1	1	342.864	342.864189175	344.245327220	1.381	2531.2	3468.8	2906.2	40.1	61.9	75.4	342.864	/Users/mary/Desktop/listens_20180309/completed_listens/file5e575379bd83.wav	file5e575379bd83.wav	342.864	2288.1	4779.7	HETH	song
147	Spectrogram 1	1	344.308	344.308106222	344.433664226	0.126	2250.0	3375.0	2625.0	35.6	52.0	58.7	344.308	/Users/mary/Desktop/listens_20180309/completed_listens/file5e575379bd83.wav	file5e575379bd83.wav	344.308	2059.3	3610.2	UNK5	low chirp
148	Spectrogram 1	1	347.118	347.118271318	348.204348054	1.086	3562.5	5437.5	4687.5	34.1	54.7	67.8	347.118	/Users/mary/Desktop/listens_20180309/completed_listens/file5e575379bd83.wav	file5e575379bd83.wav	347.118	3457.6	5593.2	YRWA	
149	Spectrogram 1	1	346.365	346.364923294	347.111993418	0.747	3562.5	4593.8	3843.8	36.7	57.4	68.8	346.365	/Users/mary/Desktop/listens_20180309/completed_listens/file5e575379bd83.wav	file5e575379bd83.wav	346.365	3127.1	5339.0	HETH	song
150	Spectrogram 1	1	349.514	349.513970748	350.951609895	1.438	2343.8	4031.2	3000.0	33.9	52.0	69.4	349.514	/Users/mary/Desktop/listens_20180309/completed_listens/file5e575379bd83.wav	file5e575379bd83.wav	349.514	1983.1	4449.2	HETH	song
151	Spectrogram 1	1	353.368	353.367881817	354.868299966	1.500	2812.5	4500.0	3750.0	35.9	54.9	71.9	353.368	/Users/mary/Desktop/listens_20180309/completed_listens/file5e575379bd83.wav	file5e575379bd83.wav	353.368	2644.1	5313.6	HETH	song
152	Spectrogram 1	1	349.013	349.013215151	349.383611263	0.370	2062.5	4312.5	3187.5	29.0	41.0	58.9	349.013	/Users/mary/Desktop/listens_20180309/completed_listens/file5e575379bd83.wav	file5e575379bd83.wav	349.013	1906.8	4525.4	PIKA	
153	Spectrogram 1	1	352.678	352.678204588	353.243215606	0.565	3375.0	4125.0	3750.0	31.3	47.6	58.9	352.678	/Users/mary/Desktop/listens_20180309/completed_listens/file5e575379bd83.wav	file5e575379bd83.wav	352.678	3203.4	4271.2	HETH	song first note
154	Spectrogram 1	1	357.250	357.249872635	358.605899079	1.356	1968.8	3562.5	2906.2	35.5	57.4	71.0	357.250	/Users/mary/Desktop/listens_20180309/completed_listens/file5e575379bd83.wav	file5e575379bd83.wav	357.250	1779.7	4398.3	HETH	song
155	Spectrogram 1	1	358.775	358.775402385	359.158354297	0.383	3375.0	4031.2	3750.0	31.0	43.2	56.1	358.775	/Users/mary/Desktop/listens_20180309/completed_listens/file5e575379bd83.wav	file5e575379bd83.wav	358.775	3330.5	4194.9	HETH	song first note
156	Spectrogram 1	1	360.273	360.273223611	361.591582654	1.318	3562.5	4687.5	3656.2	43.1	65.0	78.8	360.273	/Users/mary/Desktop/listens_20180309/completed_listens/file5e575379bd83.wav	file5e575379bd83.wav	360.273	3025.4	5822.0	HETH	song
157	Spectrogram 1	1	363.582	363.582111528	365.032306475	1.450	2437.5	3937.5	3000.0	37.8	57.9	73.2	363.582	/Users/mary/Desktop/listens_20180309/completed_listens/file5e575379bd83.wav	file5e575379bd83.wav	363.582	2110.2	4576.3	HETH	song
158	Spectrogram 1	1	365.535	365.534538492	365.628706995	0.094	2343.8	3562.5	3375.0	34.9	49.6	56.5	365.535	/Users/mary/Desktop/listens_20180309/completed_listens/file5e575379bd83.wav	file5e575379bd83.wav	365.535	2313.6	3762.7	MARMOT	
159	Spectrogram 1	1	367.497	367.497161921	368.815520964	1.318	2812.5	4406.2	3562.5	37.9	60.8	73.3	367.497	/Users/mary/Desktop/listens_20180309/completed_listens/file5e575379bd83.wav	file5e575379bd83.wav	367.497	2339.0	4957.6	HETH	song
160	Spectrogram 1	1	366.844	366.844260300	367.509717722	0.665	3468.8	4031.2	3750.0	29.9	42.3	56.3	366.844	/Users/mary/Desktop/listens_20180309/completed_listens/file5e575379bd83.wav	file5e575379bd83.wav	366.844	3432.2	4118.6	HETH	song first note
161	Spectrogram 1	1	369.056	369.056260946	370.406009490	1.350	3937.5	5437.5	4593.8	38.0	60.3	73.9	369.056	/Users/mary/Desktop/listens_20180309/completed_listens/file5e575379bd83.wav	file5e575379bd83.wav	369.056	3101.7	6025.4	YRWA	song
162	Spectrogram 1	1	371.041	371.040621812	372.509650460	1.469	2437.5	3000.0	2812.5	42.3	64.7	78.0	371.041	/Users/mary/Desktop/listens_20180309/completed_listens/file5e575379bd83.wav	file5e575379bd83.wav	371.041	1703.4	4271.2	HETH	song
163	Spectrogram 1	1	373.062	373.062090593	373.608267911	0.546	3093.8	3937.5	3750.0	30.8	45.7	58.7	373.062	/Users/mary/Desktop/listens_20180309/completed_listens/file5e575379bd83.wav	file5e575379bd83.wav	373.062	2974.6	4093.2	WCSP	or HETH
164	Spectrogram 1	1	374.839	374.838736351	376.175929095	1.337	3375.0	4500.0	3843.8	43.2	66.4	79.4	374.839	/Users/mary/Desktop/listens_20180309/completed_listens/file5e575379bd83.wav	file5e575379bd83.wav	374.839	2898.3	6025.4	HETH	song
165	Spectrogram 1	1	378.617	378.617238643	380.230658996	1.613	2625.0	4031.2	2906.2	42.6	64.7	78.7	378.617	/Users/mary/Desktop/listens_20180309/completed_listens/file5e575379bd83.wav	file5e575379bd83.wav	378.617	2288.1	4830.5	HETH	song
166	Spectrogram 1	1	382.850	382.850246255	384.199994799	1.350	3750.0	4781.2	3843.8	40.9	67.0	77.7	382.850	/Users/mary/Desktop/listens_20180309/completed_listens/file5e575379bd83.wav	file5e575379bd83.wav	382.850	3330.5	6889.8	HETH	song
167	Spectrogram 1	1	384.552	384.552034071	385.091933489	0.540	3562.5	3937.5	3750.0	33.5	47.2	59.6	384.552	/Users/mary/Desktop/listens_20180309/completed_listens/file5e575379bd83.wav	file5e575379bd83.wav	384.552	3432.2	4169.5	WCSP	song first note
168	Spectrogram 1	1	385.745	385.744835110	385.864115214	0.119	4968.8	6093.8	5437.5	38.1	54.0	61.5	385.745	/Users/mary/Desktop/listens_20180309/completed_listens/file5e575379bd83.wav	file5e575379bd83.wav	385.745	4550.8	6432.2	WCSP	call
169	Spectrogram 1	1	386.452	386.452389150	387.764470292	1.312	2437.5	3750.0	2906.2	44.7	65.0	80.1	386.452	/Users/mary/Desktop/listens_20180309/completed_listens/file5e575379bd83.wav	file5e575379bd83.wav	386.452	1906.8	4500.0	HETH	song
170	Spectrogram 1	1	388.223	388.222757007	388.373426612	0.151	4875.0	6093.8	5531.2	41.0	58.8	66.9	388.223	/Users/mary/Desktop/listens_20180309/completed_listens/file5e575379bd83.wav	file5e575379bd83.wav	388.223	4474.6	6966.1	WCSP	call
171	Spectrogram 1	1	388.970	388.969827132	390.470245280	1.500	3000.0	5343.8	4500.0	31.9	53.4	68.6	388.970	/Users/mary/Desktop/listens_20180309/completed_listens/file5e575379bd83.wav	file5e575379bd83.wav	388.970	2694.9	5796.6	YRWA	song
172	Spectrogram 1	1	387.834	387.833527195	388.944715531	1.111	2906.2	4875.0	3750.0	29.3	52.7	63.1	387.834	/Users/mary/Desktop/listens_20180309/completed_listens/file5e575379bd83.wav	file5e575379bd83.wav	387.834	2720.3	4881.4	WCSP	song
173	Spectrogram 1	1	390.704	390.703810312	390.804256716	0.100	4875.0	6093.8	5343.8	38.7	54.1	61.4	390.704	/Users/mary/Desktop/listens_20180309/completed_listens/file5e575379bd83.wav	file5e575379bd83.wav	390.704	4576.3	6406.8	WCSP	call
174	Spectrogram 1	1	390.597	390.597086009	391.871499750	1.274	2812.5	4125.0	3187.5	42.2	61.4	77.6	390.597	/Users/mary/Desktop/listens_20180309/completed_listens/file5e575379bd83.wav	file5e575379bd83.wav	390.597	2186.4	4932.2	HETH	song
175	Spectrogram 1	1	391.771	391.771053347	391.877777651	0.107	4781.2	6187.5	5437.5	35.0	48.7	57.8	391.771	/Users/mary/Desktop/listens_20180309/completed_listens/file5e575379bd83.wav	file5e575379bd83.wav	391.771	4601.7	6381.4	WCSP	call
176	Spectrogram 1	1	393.002	393.001521787	393.114523991	0.113	4875.0	6093.8	5343.8	41.2	57.6	65.0	393.002	/Users/mary/Desktop/listens_20180309/completed_listens/file5e575379bd83.wav	file5e575379bd83.wav	393.002	4474.6	6584.7	WCSP	call
177	Spectrogram 1	1	394.219	394.219489011	395.531570153	1.312	3468.8	4500.0	3656.2	39.4	60.7	74.6	394.219	/Users/mary/Desktop/listens_20180309/completed_listens/file5e575379bd83.wav	file5e575379bd83.wav	394.219	2796.6	5313.6	HETH	song
178	Spectrogram 1	1	394.885	394.884946432	394.985392836	0.100	5250.0	6187.5	5625.0	39.7	54.0	61.6	394.885	/Users/mary/Desktop/listens_20180309/completed_listens/file5e575379bd83.wav	file5e575379bd83.wav	394.885	5110.2	6584.7	WCSP	call
179	Spectrogram 1	1	395.500	395.500180652	395.619460756	0.119	4968.8	6187.5	5531.2	33.5	46.9	56.4	395.500	/Users/mary/Desktop/listens_20180309/completed_listens/file5e575379bd83.wav	file5e575379bd83.wav	395.500	4703.4	6432.2	WCSP	call
180	Spectrogram 1	1	397.689	397.689323446	399.064183591	1.375	2250.0	3187.5	2906.2	39.9	61.4	74.2	397.689	/Users/mary/Desktop/listens_20180309/completed_listens/file5e575379bd83.wav	file5e575379bd83.wav	397.689	1983.1	3991.5	HETH	song
181	Spectrogram 1	1	397.438	397.438207438	397.551209641	0.113	5062.5	6187.5	5531.2	38.2	52.8	61.5	397.438	/Users/mary/Desktop/listens_20180309/completed_listens/file5e575379bd83.wav	file5e575379bd83.wav	397.438	4678.0	6508.5	WCSP	call
182	Spectrogram 1	1	397.846	397.846270951	397.959273155	0.113	4781.2	6093.8	5437.5	34.1	48.2	57.3	397.846	/Users/mary/Desktop/listens_20180309/completed_listens/file5e575379bd83.wav	file5e575379bd83.wav	397.846	4550.8	6457.6	WCSP	call
183	Spectrogram 1	1	398.254	398.254334464	398.392448269	0.138	4875.0	6000.0	5250.0	40.6	58.8	65.5	398.254	/Users/mary/Desktop/listens_20180309/completed_listens/file5e575379bd83.wav	file5e575379bd83.wav	398.254	4576.3	6813.6	WCSP	call
184	Spectrogram 1	1	398.706	398.706343279	398.806789682	0.100	4781.2	6093.8	5343.8	39.3	54.6	62.7	398.706	/Users/mary/Desktop/listens_20180309/completed_listens/file5e575379bd83.wav	file5e575379bd83.wav	398.706	4525.4	6661.0	WCSP	call
185	Spectrogram 1	1	399.202	399.202297395	399.302743798	0.100	4687.5	6000.0	5343.8	34.5	48.0	57.3	399.202	/Users/mary/Desktop/listens_20180309/completed_listens/file5e575379bd83.wav	file5e575379bd83.wav	399.202	4474.6	6355.9	WCSP	call
186	Spectrogram 1	1	399.598	399.597805108	399.717085212	0.119	4875.0	6281.2	5718.8	35.3	50.7	59.5	399.598	/Users/mary/Desktop/listens_20180309/completed_listens/file5e575379bd83.wav	file5e575379bd83.wav	399.598	4500.0	6661.0	WCSP	call
187	Spectrogram 1	1	400.050	400.049813923	400.181649827	0.132	4968.8	6093.8	5531.2	39.0	56.8	63.8	400.050	/Users/mary/Desktop/listens_20180309/completed_listens/file5e575379bd83.wav	file5e575379bd83.wav	400.050	4550.8	6788.1	WCSP	call
188	Spectrogram 1	1	400.445	400.445321635	400.539490138	0.094	5062.5	6281.2	5531.2	36.2	51.0	59.2	400.445	/Users/mary/Desktop/listens_20180309/completed_listens/file5e575379bd83.wav	file5e575379bd83.wav	400.445	4652.5	6661.0	WCSP	call
189	Spectrogram 1	1	400.891	400.891052550	401.035444255	0.144	4968.8	6093.8	5531.2	37.1	53.9	61.8	400.891	/Users/mary/Desktop/listens_20180309/completed_listens/file5e575379bd83.wav	file5e575379bd83.wav	400.891	4576.3	6584.7	WCSP	call
190	Spectrogram 1	1	401.374	401.374450866	401.500008870	0.126	4875.0	6093.8	5437.5	35.7	52.0	59.8	401.374	/Users/mary/Desktop/listens_20180309/completed_listens/file5e575379bd83.wav	file5e575379bd83.wav	401.374	4550.8	6483.1	WCSP	call
191	Spectrogram 1	1	401.814	401.813903880	401.920628183	0.107	4968.8	6093.8	5531.2	39.6	53.7	62.6	401.814	/Users/mary/Desktop/listens_20180309/completed_listens/file5e575379bd83.wav	file5e575379bd83.wav	401.814	4652.5	6559.3	WCSP	call
192	Spectrogram 1	1	402.197	402.196855792	402.284746395	0.088	4968.8	6187.5	5625.0	35.5	49.6	57.4	402.197	/Users/mary/Desktop/listens_20180309/completed_listens/file5e575379bd83.wav	file5e575379bd83.wav	402.197	4779.7	6457.6	WCSP	call
193	Spectrogram 1	1	402.674	402.673976208	402.805812112	0.132	4968.8	6187.5	5531.2	38.4	54.2	62.6	402.674	/Users/mary/Desktop/listens_20180309/completed_listens/file5e575379bd83.wav	file5e575379bd83.wav	402.674	4754.2	6661.0	WCSP	call
194	Spectrogram 1	1	403.120	403.119707122	403.220153526	0.100	4968.8	6187.5	5625.0	37.3	51.3	59.7	403.120	/Users/mary/Desktop/listens_20180309/completed_listens/file5e575379bd83.wav	file5e575379bd83.wav	403.120	4855.9	6559.3	WCSP	call
195	Spectrogram 1	1	402.530	402.529584503	402.667698308	0.138	2156.2	3468.8	2718.8	33.4	50.3	57.1	402.530	/Users/mary/Desktop/listens_20180309/completed_listens/file5e575379bd83.wav	file5e575379bd83.wav	402.530	2033.9	3737.3	MARMOT	
196	Spectrogram 1	1	404.335	404.334808666	404.422699269	0.088	4968.8	6187.5	5718.8	44.0	57.7	66.5	404.335	/Users/mary/Desktop/listens_20180309/completed_listens/file5e575379bd83.wav	file5e575379bd83.wav	404.335	4754.2	6711.9	WCSP	call
197	Spectrogram 1	1	404.881	404.880985984	404.956320786	0.075	5062.5	6187.5	5531.2	41.1	54.3	61.8	404.881	/Users/mary/Desktop/listens_20180309/completed_listens/file5e575379bd83.wav	file5e575379bd83.wav	404.881	4957.6	6559.3	WCSP	call
198	Spectrogram 1	1	405.986	405.985896420	406.092620723	0.107	5062.5	6093.8	5531.2	42.4	57.6	65.2	405.986	/Users/mary/Desktop/listens_20180309/completed_listens/file5e575379bd83.wav	file5e575379bd83.wav	405.986	4779.7	6533.9	WCSP	call
199	Spectrogram 1	1	407.022	407.021749953	407.141030057	0.119	4781.2	6281.2	5531.2	37.4	50.9	61.1	407.022	/Users/mary/Desktop/listens_20180309/completed_listens/file5e575379bd83.wav	file5e575379bd83.wav	407.022	4525.4	6533.9	WCSP	call
200	Spectrogram 1	1	404.925	404.924931285	406.124010224	1.199	3843.8	5718.8	4687.5	40.9	62.9	76.8	404.925	/Users/mary/Desktop/listens_20180309/completed_listens/file5e575379bd83.wav	file5e575379bd83.wav	404.925	3050.8	6305.1	YRWA	song
201	Spectrogram 1	1	403.889	403.889077752	404.956320786	1.067	3093.8	4406.2	3937.5	40.7	62.0	74.9	403.889	/Users/mary/Desktop/listens_20180309/completed_listens/file5e575379bd83.wav	file5e575379bd83.wav	403.889	2466.1	4932.2	HETH	song
202	Spectrogram 1	1	407.623	407.622754601	409.003892645	1.381	2531.2	3562.5	3000.0	41.7	63.2	77.4	407.623	/Users/mary/Desktop/listens_20180309/completed_listens/file5e575379bd83.wav	file5e575379bd83.wav	407.623	1983.1	4728.8	HETH	song
203	Spectrogram 1	1	408.533	408.533050130	408.664886034	0.132	4781.2	6187.5	5437.5	34.5	52.3	58.9	408.533	/Users/mary/Desktop/listens_20180309/completed_listens/file5e575379bd83.wav	file5e575379bd83.wav	408.533	4500.0	6483.1	WCSP	call
204	Spectrogram 1	1	408.973	408.972503144	409.104339049	0.132	4875.0	6468.8	5812.5	34.8	51.1	60.0	408.973	/Users/mary/Desktop/listens_20180309/completed_listens/file5e575379bd83.wav	file5e575379bd83.wav	408.973	4525.4	6991.5	WCSP	call
205	Spectrogram 1	1	409.425	409.424511959	409.543792063	0.119	4968.8	6750.0	6000.0	30.4	44.7	54.3	409.425	/Users/mary/Desktop/listens_20180309/completed_listens/file5e575379bd83.wav	file5e575379bd83.wav	409.425	4805.1	6889.8	WCSP	call
206	Spectrogram 1	1	409.939	409.939299776	410.058579880	0.119	4875.0	6187.5	5437.5	41.6	57.4	65.6	409.939	/Users/mary/Desktop/listens_20180309/completed_listens/file5e575379bd83.wav	file5e575379bd83.wav	409.939	4678.0	6839.0	WCSP	call
207	Spectrogram 1	1	410.429	410.428975992	410.541978195	0.113	5156.2	6375.0	5812.5	38.7	54.5	62.5	410.429	/Users/mary/Desktop/listens_20180309/completed_listens/file5e575379bd83.wav	file5e575379bd83.wav	410.429	4678.0	6813.6	WCSP	call
208	Spectrogram 1	1	411.264	411.263936719	411.414606324	0.151	4875.0	6375.0	5718.8	39.4	55.7	65.5	411.264	/Users/mary/Desktop/listens_20180309/completed_listens/file5e575379bd83.wav	file5e575379bd83.wav	411.264	4372.9	6940.7	WCSP	call
209	Spectrogram 1	1	411.823	411.822669837	411.954505741	0.132	4968.8	6375.0	5625.0	40.2	55.3	64.8	411.823	/Users/mary/Desktop/listens_20180309/completed_listens/file5e575379bd83.wav	file5e575379bd83.wav	411.823	4728.8	6889.8	WCSP	call
210	Spectrogram 1	1	412.331	412.331179754	412.437904057	0.107	4875.0	6187.5	5531.2	46.5	61.6	70.1	412.331	/Users/mary/Desktop/listens_20180309/completed_listens/file5e575379bd83.wav	file5e575379bd83.wav	412.331	4601.7	6788.1	WCSP	call
211	Spectrogram 1	1	413.128	413.128473079	413.272864784	0.144	5062.5	6281.2	5625.0	42.7	59.2	67.8	413.128	/Users/mary/Desktop/listens_20180309/completed_listens/file5e575379bd83.wav	file5e575379bd83.wav	413.128	4652.5	6889.8	WCSP	call
212	Spectrogram 1	1	413.606	413.605593495	413.731151499	0.126	4968.8	6468.8	5812.5	33.5	47.2	57.5	413.606	/Users/mary/Desktop/listens_20180309/completed_listens/file5e575379bd83.wav	file5e575379bd83.wav	413.606	4754.2	6788.1	WCSP	call
213	Spectrogram 1	1	414.277	414.277328817	414.402886821	0.126	4875.0	6281.2	5625.0	40.9	55.8	65.1	414.277	/Users/mary/Desktop/listens_20180309/completed_listens/file5e575379bd83.wav	file5e575379bd83.wav	414.277	4601.7	6813.6	WCSP	call
214	Spectrogram 1	1	414.698	414.697948130	414.804672434	0.107	5531.2	6750.0	6187.5	31.7	45.0	54.2	414.698	/Users/mary/Desktop/listens_20180309/completed_listens/file5e575379bd83.wav	file5e575379bd83.wav	414.698	5262.7	6940.7	WCSP	call
215	Spectrogram 1	1	415.376	415.375961353	415.520353057	0.144	4968.8	6187.5	5531.2	33.4	49.4	57.4	415.376	/Users/mary/Desktop/listens_20180309/completed_listens/file5e575379bd83.wav	file5e575379bd83.wav	415.376	4728.8	6457.6	WCSP	call
216	Spectrogram 1	1	415.797	415.796580666	415.922138670	0.126	4968.8	6375.0	5625.0	31.9	46.3	55.7	415.797	/Users/mary/Desktop/listens_20180309/completed_listens/file5e575379bd83.wav	file5e575379bd83.wav	415.797	4703.4	6610.2	WCSP	call
217	Spectrogram 1	1	416.242	416.242311581	416.399259086	0.157	4781.2	5906.2	5343.8	37.1	54.8	61.5	416.242	/Users/mary/Desktop/listens_20180309/completed_listens/file5e575379bd83.wav	file5e575379bd83.wav	416.242	4500.0	6279.7	WCSP	call
218	Spectrogram 1	1	412.174	412.174092912	412.513099523	0.339	2437.5	6000.0	5250.0	40.6	61.6	72.1	412.174	/Users/mary/Desktop/listens_20180309/completed_listens/file5e575379bd83.wav	file5e575379bd83.wav	412.174	2110.2	6279.7	PIKA	
219	Spectrogram 1	1	409.336	409.336482019	409.568764327	0.232	1968.8	3750.0	2625.0	30.7	45.7	57.3	409.336	/Users/mary/Desktop/listens_20180309/completed_listens/file5e575379bd83.wav	file5e575379bd83.wav	409.336	1957.6	3915.3	PIKA	
220	Spectrogram 1	1	411.348	411.347866860	412.151438086	0.804	3375.0	4406.2	3750.0	42.9	62.0	75.3	411.348	/Users/mary/Desktop/listens_20180309/completed_listens/file5e575379bd83.wav	file5e575379bd83.wav	411.348	2745.8	4932.2	HETH	song
221	Spectrogram 1	1	411.141	411.140696154	411.303921559	0.163	2437.5	3468.8	3000.0	32.3	47.3	55.9	411.141	/Users/mary/Desktop/listens_20180309/completed_listens/file5e575379bd83.wav	file5e575379bd83.wav	411.141	2262.7	3737.3	MARMOT	
222	Spectrogram 1	1	410.174	410.173899522	410.607074636	0.433	3281.2	4031.2	3750.0	30.9	43.9	56.9	410.174	/Users/mary/Desktop/listens_20180309/completed_listens/file5e575379bd83.wav	file5e575379bd83.wav	410.174	3279.7	4194.9	HETH	or WCSP first note
223	Spectrogram 1	1	413.144	413.143890720	414.499917165	1.356	3281.2	4968.8	4312.5	29.5	53.3	63.5	413.144	/Users/mary/Desktop/listens_20180309/completed_listens/file5e575379bd83.wav	file5e575379bd83.wav	413.144	3178.0	5008.5	WCSP	song
224	Spectrogram 1	1	415.060	415.059829588	416.528858236	1.469	2250.0	3281.2	2906.2	37.2	57.3	71.4	415.060	/Users/mary/Desktop/listens_20180309/completed_listens/file5e575379bd83.wav	file5e575379bd83.wav	415.060	1957.6	3686.4	HETH	song
225	Spectrogram 1	1	415.907	415.907346116	417.439153765	1.532	3281.2	4875.0	4031.2	30.5	51.5	64.6	415.907	/Users/mary/Desktop/listens_20180309/completed_listens/file5e575379bd83.wav	file5e575379bd83.wav	415.907	3228.8	4906.8	WCSP	song
226	Spectrogram 1	1	416.686	416.685805741	416.779974244	0.094	4968.8	6187.5	5531.2	33.1	46.7	55.0	416.686	/Users/mary/Desktop/listens_20180309/completed_listens/file5e575379bd83.wav	file5e575379bd83.wav	416.686	4830.5	6381.4	WCSP	call
227	Spectrogram 1	1	417.100	417.100147154	417.225705158	0.126	5156.2	6468.8	5625.0	31.2	44.4	54.1	417.100	/Users/mary/Desktop/listens_20180309/completed_listens/file5e575379bd83.wav	file5e575379bd83.wav	417.100	5008.5	6610.2	WCSP	call
228	Spectrogram 1	1	417.590	417.589823370	417.721659275	0.132	5156.2	6093.8	5437.5	40.1	57.4	63.6	417.590	/Users/mary/Desktop/listens_20180309/completed_listens/file5e575379bd83.wav	file5e575379bd83.wav	417.590	4728.8	6559.3	WCSP	call
229	Spectrogram 1	1	417.985	417.985331083	418.060665886	0.075	4968.8	6187.5	5531.2	37.1	49.4	58.8	417.985	/Users/mary/Desktop/listens_20180309/completed_listens/file5e575379bd83.wav	file5e575379bd83.wav	417.985	4652.5	6635.6	WCSP	call
230	Spectrogram 1	1	418.268	418.267836592	418.424784097	0.157	4968.8	6562.5	5718.8	30.5	44.2	55.1	418.268	/Users/mary/Desktop/listens_20180309/completed_listens/file5e575379bd83.wav	file5e575379bd83.wav	418.268	4830.5	6686.4	WCSP	call
231	Spectrogram 1	1	418.971	418.970961415	419.121631020	0.151	4875.0	6093.8	5343.8	35.5	52.6	60.2	418.971	/Users/mary/Desktop/listens_20180309/completed_listens/file5e575379bd83.wav	file5e575379bd83.wav	418.971	4576.3	6559.3	WCSP	call
232	Spectrogram 1	1	419.404	419.404136529	419.529694533	0.126	4875.0	6281.2	5718.8	32.7	45.8	56.1	419.404	/Users/mary/Desktop/listens_20180309/completed_listens/file5e575379bd83.wav	file5e575379bd83.wav	419.404	4779.7	6559.3	WCSP	call
233	Spectrogram 1	1	419.737	419.736865240	419.843589543	0.107	5062.5	6000.0	5437.5	36.5	53.1	57.9	419.737	/Users/mary/Desktop/listens_20180309/completed_listens/file5e575379bd83.wav	file5e575379bd83.wav	419.737	4932.2	6228.8	WCSP	call
234	Spectrogram 1	1	420.434	420.433712163	420.559270167	0.126	5250.0	6093.8	5531.2	34.9	51.1	57.6	420.434	/Users/mary/Desktop/listens_20180309/completed_listens/file5e575379bd83.wav	file5e575379bd83.wav	420.434	4932.2	6457.6	WCSP	call
235	Spectrogram 1	1	421.087	421.086613784	421.237283389	0.151	4781.2	6187.5	5437.5	35.4	53.7	60.7	421.087	/Users/mary/Desktop/listens_20180309/completed_listens/file5e575379bd83.wav	file5e575379bd83.wav	421.087	4372.9	6635.6	WCSP	call
236	Spectrogram 1	1	421.495	421.494677297	421.607679501	0.113	4781.2	6468.8	5437.5	33.3	50.0	57.1	421.495	/Users/mary/Desktop/listens_20180309/completed_listens/file5e575379bd83.wav	file5e575379bd83.wav	421.495	4525.4	6737.3	WCSP	call
237	Spectrogram 1	1	421.890	421.890185010	422.022020914	0.132	4968.8	6375.0	5906.2	38.8	55.4	63.9	421.890	/Users/mary/Desktop/listens_20180309/completed_listens/file5e575379bd83.wav	file5e575379bd83.wav	421.890	4576.3	6966.1	WCSP	call
238	Spectrogram 1	1	422.267	422.266859022	422.398694927	0.132	5156.2	6093.8	5812.5	36.1	49.3	58.9	422.267	/Users/mary/Desktop/listens_20180309/completed_listens/file5e575379bd83.wav	file5e575379bd83.wav	422.267	4881.4	6432.2	WCSP	call
239	Spectrogram 1	1	418.751	418.751234908	420.339543660	1.588	3000.0	4125.0	3281.2	46.6	66.4	83.1	418.751	/Users/mary/Desktop/listens_20180309/completed_listens/file5e575379bd83.wav	file5e575379bd83.wav	418.751	2237.3	5008.5	HETH	song
240	Spectrogram 1	1	422.544	422.543966430	423.479373560	0.935	2343.8	3468.8	2906.2	40.7	61.3	74.6	422.544	/Users/mary/Desktop/listens_20180309/completed_listens/file5e575379bd83.wav	file5e575379bd83.wav	422.544	1805.1	4449.2	HETH	song
241	Spectrogram 1	1	423.449	423.448644584	423.749983794	0.301	2625.0	5906.2	3843.8	39.0	58.0	70.5	423.449	/Users/mary/Desktop/listens_20180309/completed_listens/file5e575379bd83.wav	file5e575379bd83.wav	423.449	2237.3	6889.8	PIKA	
242	Spectrogram 1	1	424.120	424.120379906	426.731986390	2.612	2343.8	6093.8	3843.8	33.5	55.0	74.5	424.120	/Users/mary/Desktop/listens_20180309/completed_listens/file5e575379bd83.wav	file5e575379bd83.wav	424.120	2008.5	6788.1	PIKA	
243	Spectrogram 1	1	426.801	426.801043293	426.914045496	0.113	4875.0	6468.8	5906.2	32.0	45.4	55.5	426.801	/Users/mary/Desktop/listens_20180309/completed_listens/file5e575379bd83.wav	file5e575379bd83.wav	426.801	4754.2	6686.4	WCSP	call
244	Spectrogram 1	1	427.201	427.200596204	427.690272420	0.490	3562.5	3937.5	3843.8	44.8	61.9	70.5	427.201	/Users/mary/Desktop/listens_20180309/completed_listens/file5e575379bd83.wav	file5e575379bd83.wav	427.201	3406.8	4144.1	HETH	song first note
245	Spectrogram 1	1	427.546	427.545880715	427.671438719	0.126	5343.8	6375.0	5718.8	36.6	49.8	59.4	427.546	/Users/mary/Desktop/listens_20180309/completed_listens/file5e575379bd83.wav	file5e575379bd83.wav	427.546	5110.2	6635.6	WCSP	call
246	Spectrogram 1	1	428.268	428.267839239	428.374563542	0.107	5062.5	6187.5	5718.8	32.9	44.6	55.0	428.268	/Users/mary/Desktop/listens_20180309/completed_listens/file5e575379bd83.wav	file5e575379bd83.wav	428.268	4957.6	6432.2	WCSP	call
247	Spectrogram 1	1	427.062	427.062482400	427.338710009	0.276	2343.8	5906.2	3562.5	36.0	52.3	67.1	427.062	/Users/mary/Desktop/listens_20180309/completed_listens/file5e575379bd83.wav	file5e575379bd83.wav	427.062	2033.9	6737.3	PIKA	
248	Spectrogram 1	1	427.665	427.665160819	427.985333730	0.320	2437.5	6000.0	3937.5	35.6	50.4	67.3	427.665	/Users/mary/Desktop/listens_20180309/completed_listens/file5e575379bd83.wav	file5e575379bd83.wav	427.665	2084.7	6711.9	PIKA	
249	Spectrogram 1	1	428.431	428.431064644	428.744959654	0.314	2250.0	5906.2	3562.5	35.4	52.0	67.3	428.431	/Users/mary/Desktop/listens_20180309/completed_listens/file5e575379bd83.wav	file5e575379bd83.wav	428.431	1830.5	6762.7	PIKA	
250	Spectrogram 1	1	429.128	429.127911567	429.422972876	0.295	2343.8	5812.5	3656.2	35.2	51.7	66.3	429.128	/Users/mary/Desktop/listens_20180309/completed_listens/file5e575379bd83.wav	file5e575379bd83.wav	429.128	1983.1	6432.2	PIKA	
251	Spectrogram 1	1	429.862	429.862425891	430.157487200	0.295	2343.8	6000.0	3656.2	35.9	51.3	67.4	429.862	/Users/mary/Desktop/listens_20180309/completed_listens/file5e575379bd83.wav	file5e575379bd83.wav	429.862	1855.9	6737.3	PIKA	
252	Spectrogram 1	1	430.591	430.590662314	430.860612023	0.270	2343.8	6000.0	3562.5	35.2	51.8	66.5	430.591	/Users/mary/Desktop/listens_20180309/completed_listens/file5e575379bd83.wav	file5e575379bd83.wav	430.591	1932.2	6788.1	PIKA	
253	Spectrogram 1	1	431.344	431.344010339	431.645349549	0.301	2437.5	6000.0	3187.5	36.0	56.9	67.5	431.344	/Users/mary/Desktop/listens_20180309/completed_listens/file5e575379bd83.wav	file5e575379bd83.wav	431.344	2084.7	6864.4	PIKA	
254	Spectrogram 1	1	430.459	430.458826410	430.534161212	0.075	5062.5	6281.2	5906.2	33.0	47.1	54.0	430.459	/Users/mary/Desktop/listens_20180309/completed_listens/file5e575379bd83.wav	file5e575379bd83.wav	430.459	4830.5	6483.1	WCSP	call
255	Spectrogram 1	1	430.861	430.860612023	430.998725828	0.138	4781.2	6281.2	5625.0	31.8	45.9	55.9	430.861	/Users/mary/Desktop/listens_20180309/completed_listens/file5e575379bd83.wav	file5e575379bd83.wav	430.861	4678.0	6559.3	WCSP	call
256	Spectrogram 1	1	431.556	431.555713681	432.961963327	1.406	2625.0	4125.0	3093.8	44.3	64.0	79.1	431.556	/Users/mary/Desktop/listens_20180309/completed_listens/file5e575379bd83.wav	file5e575379bd83.wav	431.556	2364.4	4550.8	HETH	song
257	Spectrogram 1	1	432.221	432.221171103	432.315339606	0.094	4875.0	6093.8	5343.8	37.8	53.9	60.4	432.221	/Users/mary/Desktop/listens_20180309/completed_listens/file5e575379bd83.wav	file5e575379bd83.wav	432.221	4627.1	6559.3	WCSP	call
258	Spectrogram 1	1	432.799	432.798737922	432.949407527	0.151	5062.5	6562.5	5812.5	34.9	50.7	60.5	432.799	/Users/mary/Desktop/listens_20180309/completed_listens/file5e575379bd83.wav	file5e575379bd83.wav	432.799	4855.9	7144.1	WCSP	call
259	Spectrogram 1	1	433.784	433.784368254	433.903648358	0.119	5062.5	6281.2	5718.8	34.2	49.0	57.0	433.784	/Users/mary/Desktop/listens_20180309/completed_listens/file5e575379bd83.wav	file5e575379bd83.wav	433.784	4932.2	6559.3	WCSP	call
260	Spectrogram 1	1	433.050	433.049853930	433.313525739	0.264	2437.5	6468.8	3656.2	31.7	48.3	62.8	433.050	/Users/mary/Desktop/listens_20180309/completed_listens/file5e575379bd83.wav	file5e575379bd83.wav	433.050	2288.1	7067.8	PIKA	
261	Spectrogram 1	1	433.916	433.916204158	434.204987568	0.289	2343.8	6093.8	3656.2	32.3	47.1	63.4	433.916	/Users/mary/Desktop/listens_20180309/completed_listens/file5e575379bd83.wav	file5e575379bd83.wav	433.916	2084.7	6610.2	PIKA	
262	Spectrogram 1	1	434.745	434.744886985	435.033670394	0.289	2437.5	6187.5	3937.5	33.3	48.1	64.4	434.745	/Users/mary/Desktop/listens_20180309/completed_listens/file5e575379bd83.wav	file5e575379bd83.wav	434.745	2288.1	6788.1	PIKA	
263	Spectrogram 1	1	435.636	435.636348814	435.918854323	0.283	2437.5	6187.5	4125.0	32.7	46.7	63.7	435.636	/Users/mary/Desktop/listens_20180309/completed_listens/file5e575379bd83.wav	file5e575379bd83.wav	435.636	2237.3	6686.4	PIKA	
264	Spectrogram 1	1	436.603	436.603145445	436.797760352	0.195	3281.2	3468.8	3375.0	45.4	64.8	74.5	436.603	/Users/mary/Desktop/listens_20180309/completed_listens/file5e575379bd83.wav	file5e575379bd83.wav	436.603	2262.7	6508.5	PIKA	
265	Spectrogram 1	1	437.507	437.507163075	437.802224384	0.295	2437.5	6093.8	4031.2	34.2	53.6	65.6	437.507	/Users/mary/Desktop/listens_20180309/completed_listens/file5e575379bd83.wav	file5e575379bd83.wav	437.507	2135.6	6839.0	PIKA	
266	Spectrogram 1	1	438.449	438.448848105	438.769021016	0.320	2343.8	6281.2	3750.0	32.9	46.8	64.5	438.449	/Users/mary/Desktop/listens_20180309/completed_listens/file5e575379bd83.wav	file5e575379bd83.wav	438.449	2186.4	6788.1	PIKA	
267	Spectrogram 1	1	435.373	435.372677005	435.454289708	0.082	4875.0	6281.2	5437.5	35.7	50.5	57.7	435.373	/Users/mary/Desktop/listens_20180309/completed_listens/file5e575379bd83.wav	file5e575379bd83.wav	435.373	4855.9	6762.7	WCSP	call
268	Spectrogram 1	1	435.950	435.950243824	436.082079729	0.132	4968.8	6281.2	5531.2	35.0	51.9	58.9	435.950	/Users/mary/Desktop/listens_20180309/completed_listens/file5e575379bd83.wav	file5e575379bd83.wav	435.950	4805.1	6711.9	WCSP	call
269	Spectrogram 1	1	436.296	436.295528335	436.439920040	0.144	4968.8	6187.5	5437.5	36.3	54.1	60.8	436.296	/Users/mary/Desktop/listens_20180309/completed_listens/file5e575379bd83.wav	file5e575379bd83.wav	436.296	4601.7	6584.7	WCSP	call
270	Spectrogram 1	1	436.333	436.333195737	437.632721079	1.300	3281.2	4406.2	3468.8	47.3	68.1	82.1	436.333	/Users/mary/Desktop/listens_20180309/completed_listens/file5e575379bd83.wav	file5e575379bd83.wav	436.333	2796.6	5110.2	HETH	song
271	Spectrogram 1	1	438.792	438.792281766	438.899006070	0.107	5062.5	6375.0	5625.0	30.2	44.5	52.8	438.792	/Users/mary/Desktop/listens_20180309/completed_listens/file5e575379bd83.wav	file5e575379bd83.wav	438.792	4957.6	6610.2	WCSP	call
272	Spectrogram 1	1	439.439	439.438905487	439.740244697	0.301	2343.8	6093.8	3562.5	33.2	50.4	64.7	439.439	/Users/mary/Desktop/listens_20180309/completed_listens/file5e575379bd83.wav	file5e575379bd83.wav	439.439	2161.0	6813.6	PIKA	
273	Spectrogram 1	1	440.443	440.443369520	440.776098231	0.333	2906.2	4687.5	3000.0	43.4	63.6	75.2	440.443	/Users/mary/Desktop/listens_20180309/completed_listens/file5e575379bd83.wav	file5e575379bd83.wav	440.443	2161.0	6813.6	PIKA	
274	Spectrogram 1	1	441.730	441.730339062	442.552743988	0.822	2250.0	6093.8	3468.8	33.3	49.9	69.2	441.730	/Users/mary/Desktop/listens_20180309/completed_listens/file5e575379bd83.wav	file5e575379bd83.wav	441.730	2033.9	6762.7	PIKA	
275	Spectrogram 1	1	443.884	443.883658832	444.756286960	0.873	2250.0	6187.5	3843.8	34.7	52.9	71.3	443.884	/Users/mary/Desktop/listens_20180309/completed_listens/file5e575379bd83.wav	file5e575379bd83.wav	443.884	1957.6	7067.8	PIKA	
276	Spectrogram 1	1	440.111	440.110640809	440.198531412	0.088	5343.8	6281.2	5812.5	31.4	44.5	51.8	440.111	/Users/mary/Desktop/listens_20180309/completed_listens/file5e575379bd83.wav	file5e575379bd83.wav	440.111	5211.9	6432.2	WCSP	call
277	Spectrogram 1	1	441.184	441.184161744	441.284608147	0.100	5156.2	6375.0	5718.8	31.8	44.0	53.4	441.184	/Users/mary/Desktop/listens_20180309/completed_listens/file5e575379bd83.wav	file5e575379bd83.wav	441.184	5059.3	6508.5	WCSP	call
278	Spectrogram 1	1	440.412	440.411980019	441.768006463	1.356	2156.2	3281.2	3000.0	41.3	63.6	75.8	440.412	/Users/mary/Desktop/listens_20180309/completed_listens/file5e575379bd83.wav	file5e575379bd83.wav	440.412	1754.2	3813.6	HETH	song
279	Spectrogram 1	1	445.177	445.176906274	446.583155919	1.406	3375.0	4312.5	3843.8	39.6	63.2	74.0	445.177	/Users/mary/Desktop/listens_20180309/completed_listens/file5e575379bd83.wav	file5e575379bd83.wav	445.177	2923.7	4957.6	HETH	song
280	Spectrogram 1	1	444.966	444.965968532	445.104082336	0.138	4687.5	6375.0	5437.5	30.1	46.1	54.7	444.966	/Users/mary/Desktop/listens_20180309/completed_listens/file5e575379bd83.wav	file5e575379bd83.wav	444.966	4500.0	6533.9	WCSP	call
281	Spectrogram 1	1	445.544	445.543535350	445.656537554	0.113	5156.2	6562.5	5906.2	30.1	42.0	52.9	445.544	/Users/mary/Desktop/listens_20180309/completed_listens/file5e575379bd83.wav	file5e575379bd83.wav	445.544	5008.5	6661.0	WCSP	call
282	Spectrogram 1	1	446.090	446.089712668	446.190159071	0.100	5250.0	6281.2	5718.8	28.5	38.0	49.4	446.090	/Users/mary/Desktop/listens_20180309/completed_listens/file5e575379bd83.wav	file5e575379bd83.wav	446.090	5161.0	6432.2	WCSP	call
283	Spectrogram 1	1	446.491	446.491498281	446.610778385	0.119	4781.2	6187.5	5625.0	28.9	40.8	51.7	446.491	/Users/mary/Desktop/listens_20180309/completed_listens/file5e575379bd83.wav	file5e575379bd83.wav	446.491	4779.7	6355.9	WCSP	call
284	Spectrogram 1	1	447.245	447.244846306	447.376682210	0.132	4781.2	6281.2	5718.8	30.8	45.8	54.8	447.245	/Users/mary/Desktop/listens_20180309/completed_listens/file5e575379bd83.wav	file5e575379bd83.wav	447.245	4627.1	6559.3	WCSP	call
285	Spectrogram 1	1	447.672	447.671743520	447.809857324	0.138	4875.0	6468.8	5718.8	29.2	43.9	53.5	447.672	/Users/mary/Desktop/listens_20180309/completed_listens/file5e575379bd83.wav	file5e575379bd83.wav	447.672	4728.8	6661.0	WCSP	call
286	Spectrogram 1	1	448.262	448.261866139	448.374868342	0.113	5062.5	6187.5	5718.8	29.0	39.8	50.4	448.262	/Users/mary/Desktop/listens_20180309/completed_listens/file5e575379bd83.wav	file5e575379bd83.wav	448.262	5033.9	6279.7	WCSP	call
287	Spectrogram 1	1	450.289	450.289068418	450.427182223	0.138	5250.0	6375.0	5718.8	32.0	46.5	54.9	450.289	/Users/mary/Desktop/listens_20180309/completed_listens/file5e575379bd83.wav	file5e575379bd83.wav	450.289	5135.6	6533.9	WCSP	call
288	Spectrogram 1	1	450.798	450.797578335	450.935692140	0.138	5156.2	6281.2	5718.8	31.3	44.8	54.2	450.798	/Users/mary/Desktop/listens_20180309/completed_listens/file5e575379bd83.wav	file5e575379bd83.wav	450.798	5059.3	6406.8	WCSP	call
289	Spectrogram 1	1	452.122	452.122215278	452.266606983	0.144	4968.8	6375.0	5812.5	30.4	43.4	54.0	452.122	/Users/mary/Desktop/listens_20180309/completed_listens/file5e575379bd83.wav	file5e575379bd83.wav	452.122	4957.6	6533.9	WCSP	call
290	Spectrogram 1	1	452.794	452.793950600	452.925786504	0.132	5250.0	6468.8	5906.2	30.7	42.9	53.7	452.794	/Users/mary/Desktop/listens_20180309/completed_listens/file5e575379bd83.wav	file5e575379bd83.wav	452.794	5110.2	6610.2	WCSP	call
291	Spectrogram 1	1	453.905	453.905138936	454.030696940	0.126	4968.8	6375.0	5718.8	34.4	48.7	58.3	453.905	/Users/mary/Desktop/listens_20180309/completed_listens/file5e575379bd83.wav	file5e575379bd83.wav	453.905	4728.8	6661.0	WCSP	call
292	Spectrogram 1	1	454.376	454.375981451	454.476427855	0.100	5531.2	6375.0	5906.2	31.9	44.5	51.7	454.376	/Users/mary/Desktop/listens_20180309/completed_listens/file5e575379bd83.wav	file5e575379bd83.wav	454.376	5440.7	6432.2	WCSP	call
293	Spectrogram 1	1	454.828	454.827990266	454.953548270	0.126	5062.5	6562.5	5812.5	32.2	45.2	55.8	454.828	/Users/mary/Desktop/listens_20180309/completed_listens/file5e575379bd83.wav	file5e575379bd83.wav	454.828	4932.2	6762.7	WCSP	call
294	Spectrogram 1	1	454.627	454.627097459	454.771489164	0.144	2531.2	3468.8	3375.0	37.3	53.4	60.4	454.627	/Users/mary/Desktop/listens_20180309/completed_listens/file5e575379bd83.wav	file5e575379bd83.wav	454.627	2466.1	3915.3	MARMOT	
295	Spectrogram 1	1	448.362	448.361753056	448.506144761	0.144	2062.5	3468.8	2718.8	35.5	52.1	59.6	448.362	/Users/mary/Desktop/listens_20180309/completed_listens/file5e575379bd83.wav	file5e575379bd83.wav	448.362	1957.6	3737.3	MARMOT	
296	Spectrogram 1	1	447.449	447.448750941	448.315101169	0.866	3375.0	4875.0	3937.5	28.4	41.2	60.3	447.449	/Users/mary/Desktop/listens_20180309/completed_listens/file5e575379bd83.wav	file5e575379bd83.wav	447.449	3228.8	5033.9	WCSP	partial song
297	Spectrogram 1	1	449.067	449.067180829	449.211572534	0.144	5156.2	6187.5	5812.5	29.9	45.1	52.6	449.067	/Users/mary/Desktop/listens_20180309/completed_listens/file5e575379bd83.wav	file5e575379bd83.wav	449.067	5059.3	6355.9	WCSP	call
298	Spectrogram 1	1	455.993	455.993462212	456.150409717	0.157	1593.8	6187.5	3750.0	32.5	47.3	61.7	455.993	/Users/mary/Desktop/listens_20180309/completed_listens/file5e575379bd83.wav	file5e575379bd83.wav	455.993	1550.8	6661.0	GCRF	
299	Spectrogram 1	1	455.447	455.447284895	455.585398699	0.138	5062.5	6281.2	5812.5	30.1	43.7	53.0	455.447	/Users/mary/Desktop/listens_20180309/completed_listens/file5e575379bd83.wav	file5e575379bd83.wav	455.447	4932.2	6330.5	WCSP	call
300	Spectrogram 1	1	457.450	457.449935060	457.556659363	0.107	5062.5	6656.2	5718.8	29.5	43.1	52.5	457.450	/Users/mary/Desktop/listens_20180309/completed_listens/file5e575379bd83.wav	file5e575379bd83.wav	457.450	4957.6	6762.7	WCSP	call
301	Spectrogram 1	1	457.933	457.933333375	458.046335579	0.113	5250.0	6468.8	5718.8	30.3	43.9	52.5	457.933	/Users/mary/Desktop/listens_20180309/completed_listens/file5e575379bd83.wav	file5e575379bd83.wav	457.933	5110.2	6610.2	WCSP	call
302	Spectrogram 1	1	458.812	458.812239404	458.912685807	0.100	5250.0	6375.0	5906.2	28.9	39.1	50.1	458.812	/Users/mary/Desktop/listens_20180309/completed_listens/file5e575379bd83.wav	file5e575379bd83.wav	458.812	5161.0	6533.9	WCSP	call
303	Spectrogram 1	1	459.409	459.408639923	459.553031628	0.144	5343.8	6468.8	5718.8	31.3	47.1	54.6	459.409	/Users/mary/Desktop/listens_20180309/completed_listens/file5e575379bd83.wav	file5e575379bd83.wav	459.409	5211.9	6661.0	WCSP	call
304	Spectrogram 1	1	459.810	459.810425536	459.910871940	0.100	5250.0	6375.0	5718.8	32.8	46.8	54.8	459.810	/Users/mary/Desktop/listens_20180309/completed_listens/file5e575379bd83.wav	file5e575379bd83.wav	459.810	5059.3	6635.6	WCSP	call
305	Spectrogram 1	1	460.288	460.287545952	460.394270255	0.107	5437.5	6468.8	5718.8	30.4	43.3	51.9	460.288	/Users/mary/Desktop/listens_20180309/completed_listens/file5e575379bd83.wav	file5e575379bd83.wav	460.288	5339.0	6610.2	WCSP	call
306	Spectrogram 1	1	460.727	460.726998966	460.846279070	0.119	5250.0	6187.5	5718.8	33.1	46.4	55.2	460.727	/Users/mary/Desktop/listens_20180309/completed_listens/file5e575379bd83.wav	file5e575379bd83.wav	460.727	4983.1	6432.2	WCSP	call
307	Spectrogram 1	1	461.236	461.235508883	461.392456388	0.157	5343.8	6562.5	6000.0	29.5	43.3	53.3	461.236	/Users/mary/Desktop/listens_20180309/completed_listens/file5e575379bd83.wav	file5e575379bd83.wav	461.236	5211.9	6661.0	WCSP	call
308	Spectrogram 1	1	456.817	456.817022597	457.237641911	0.421	3468.8	4218.8	3750.0	30.3	43.2	56.3	456.817	/Users/mary/Desktop/listens_20180309/completed_listens/file5e575379bd83.wav	file5e575379bd83.wav	456.817	3355.9	4245.8	WCSP	song first note
309	Spectrogram 1	1	461.845	461.844584274	463.527061529	1.682	3375.0	5062.5	3843.8	30.5	48.8	66.2	461.845	/Users/mary/Desktop/listens_20180309/completed_listens/file5e575379bd83.wav	file5e575379bd83.wav	461.845	3178.0	5262.7	WCSP	song
310	Spectrogram 1	1	461.267	461.267017455	461.423964960	0.157	2156.2	3468.8	2812.5	30.5	44.5	54.2	461.267	/Users/mary/Desktop/listens_20180309/completed_listens/file5e575379bd83.wav	file5e575379bd83.wav	461.267	2110.2	3635.6	MARMOT	
311	Spectrogram 1	1	463.496	463.495672028	463.602396331	0.107	5250.0	6562.5	5812.5	29.7	42.1	52.0	463.496	/Users/mary/Desktop/listens_20180309/completed_listens/file5e575379bd83.wav	file5e575379bd83.wav	463.496	5110.2	6737.3	WCSP	call
312	Spectrogram 1	1	464.086	464.085794647	464.205074751	0.119	5156.2	6375.0	5812.5	32.1	46.7	55.1	464.086	/Users/mary/Desktop/listens_20180309/completed_listens/file5e575379bd83.wav	file5e575379bd83.wav	464.086	4957.6	6635.6	WCSP	call
313	Spectrogram 1	1	464.833	464.832864771	464.983534376	0.151	5062.5	6375.0	5812.5	29.1	40.6	52.9	464.833	/Users/mary/Desktop/listens_20180309/completed_listens/file5e575379bd83.wav	file5e575379bd83.wav	464.833	4957.6	6483.1	WCSP	call
314	Spectrogram 1	1	465.536	465.535884008	466.063227625	0.527	4875.0	6468.8	5625.0	27.9	42.8	57.6	465.536	/Users/mary/Desktop/listens_20180309/completed_listens/file5e575379bd83.wav	file5e575379bd83.wav	465.536	4830.5	6584.7	WCSP	call
315	Spectrogram 1	1	466.584	466.584293342	466.684739745	0.100	4968.8	6187.5	5812.5	32.2	45.2	54.2	466.584	/Users/mary/Desktop/listens_20180309/completed_listens/file5e575379bd83.wav	file5e575379bd83.wav	466.584	4805.1	6406.8	WCSP	call
316	Spectrogram 1	1	466.923	466.923299953	467.017468456	0.094	4875.0	6000.0	5343.8	33.1	48.8	54.5	466.923	/Users/mary/Desktop/listens_20180309/completed_listens/file5e575379bd83.wav	file5e575379bd83.wav	466.923	4779.7	6254.2	WCSP	call
317	Spectrogram 1	1	467.582	467.582479474	467.695481678	0.113	4875.0	6093.8	5437.5	36.3	52.9	59.9	467.582	/Users/mary/Desktop/listens_20180309/completed_listens/file5e575379bd83.wav	file5e575379bd83.wav	467.582	4627.1	6737.3	WCSP	call
318	Spectrogram 1	1	466.534	466.534070140	468.291882197	1.758	2906.2	5156.2	3843.8	38.6	64.2	76.3	466.534	/Users/mary/Desktop/listens_20180309/completed_listens/file5e575379bd83.wav	file5e575379bd83.wav	466.534	2440.7	5872.9	WCSP	song
319	Spectrogram 1	1	469.152	469.151954525	469.258678829	0.107	4968.8	6375.0	5531.2	32.7	48.1	56.2	469.152	/Users/mary/Desktop/listens_20180309/completed_listens/file5e575379bd83.wav	file5e575379bd83.wav	469.152	4855.9	6813.6	WCSP	call
320	Spectrogram 1	1	469.723	469.723243444	469.836245648	0.113	4875.0	6187.5	5343.8	30.6	45.2	53.6	469.723	/Users/mary/Desktop/listens_20180309/completed_listens/file5e575379bd83.wav	file5e575379bd83.wav	469.723	4627.1	6406.8	WCSP	call
321	Spectrogram 1	1	470.257	470.256864961	470.363589265	0.107	4781.2	6000.0	5343.8	34.3	51.0	57.6	470.257	/Users/mary/Desktop/listens_20180309/completed_listens/file5e575379bd83.wav	file5e575379bd83.wav	470.257	4474.6	6406.8	WCSP	call
322	Spectrogram 1	1	470.929	470.928600283	471.054158287	0.126	5062.5	6468.8	5718.8	29.5	41.8	52.6	470.929	/Users/mary/Desktop/listens_20180309/completed_listens/file5e575379bd83.wav	file5e575379bd83.wav	470.929	4932.2	6610.2	WCSP	call
323	Spectrogram 1	1	471.494	471.493611302	471.600335605	0.107	4968.8	6281.2	5906.2	33.0	49.1	55.8	471.494	/Users/mary/Desktop/listens_20180309/completed_listens/file5e575379bd83.wav	file5e575379bd83.wav	471.494	4703.4	6508.5	WCSP	call
324	Spectrogram 1	1	471.958	471.958175917	472.052344420	0.094	4875.0	6375.0	5718.8	34.0	47.1	56.7	471.958	/Users/mary/Desktop/listens_20180309/completed_listens/file5e575379bd83.wav	file5e575379bd83.wav	471.958	4601.7	6686.4	WCSP	call
325	Spectrogram 1	1	472.347	472.347405729	472.491797434	0.144	5062.5	6187.5	5718.8	35.4	50.4	59.2	472.347	/Users/mary/Desktop/listens_20180309/completed_listens/file5e575379bd83.wav	file5e575379bd83.wav	472.347	4703.4	6432.2	WCSP	call
326	Spectrogram 1	1	473.145	473.144699055	473.257701259	0.113	4687.5	6187.5	5250.0	32.7	48.6	56.1	473.145	/Users/mary/Desktop/listens_20180309/completed_listens/file5e575379bd83.wav	file5e575379bd83.wav	473.145	4474.6	6432.2	WCSP	call
327	Spectrogram 1	1	474.096	474.096301878	474.196748281	0.100	4781.2	6187.5	5343.8	32.9	45.8	55.3	474.096	/Users/mary/Desktop/listens_20180309/completed_listens/file5e575379bd83.wav	file5e575379bd83.wav	474.096	4652.5	6406.8	WCSP	call
328	Spectrogram 1	1	474.906	474.906151004	475.019153208	0.113	4781.2	5906.2	5343.8	28.9	40.9	50.8	474.906	/Users/mary/Desktop/listens_20180309/completed_listens/file5e575379bd83.wav	file5e575379bd83.wav	474.906	4703.4	6050.8	WCSP	call
329	Spectrogram 1	1	475.578	475.577886326	475.672054829	0.094	4687.5	5906.2	5156.2	30.5	45.1	52.1	475.578	/Users/mary/Desktop/listens_20180309/completed_listens/file5e575379bd83.wav	file5e575379bd83.wav	475.578	4550.8	6025.4	WCSP	call
330	Spectrogram 1	1	474.950	474.950096306	475.081932210	0.132	2343.8	3468.8	3375.0	36.8	53.0	59.6	474.950	/Users/mary/Desktop/listens_20180309/completed_listens/file5e575379bd83.wav	file5e575379bd83.wav	474.950	2110.2	3635.6	MARMOT	
331	Spectrogram 1	1	476.344	476.343790151	476.463070255	0.119	4687.5	6093.8	5250.0	28.2	41.6	50.6	476.344	/Users/mary/Desktop/listens_20180309/completed_listens/file5e575379bd83.wav	file5e575379bd83.wav	476.344	4627.1	6127.1	WCSP	call
332	Spectrogram 1	1	476.833	476.833466367	476.927634870	0.094	4875.0	6000.0	5343.8	29.9	41.6	50.4	476.833	/Users/mary/Desktop/listens_20180309/completed_listens/file5e575379bd83.wav	file5e575379bd83.wav	476.833	4855.9	6025.4	WCSP	call
333	Spectrogram 1	1	477.279	477.279197281	477.398477385	0.119	4875.0	5812.5	5250.0	28.1	39.0	49.1	477.279	/Users/mary/Desktop/listens_20180309/completed_listens/file5e575379bd83.wav	file5e575379bd83.wav	477.279	4805.1	5847.5	WCSP	call
334	Spectrogram 1	1	478.189	478.189492811	478.315050815	0.126	4500.0	5625.0	4968.8	29.6	43.7	52.2	478.189	/Users/mary/Desktop/listens_20180309/completed_listens/file5e575379bd83.wav	file5e575379bd83.wav	478.189	4322.0	5796.6	WCSP	call
335	Spectrogram 1	1	478.855	478.854950233	478.967952436	0.113	4593.8	5531.2	5156.2	29.4	40.7	50.7	478.855	/Users/mary/Desktop/listens_20180309/completed_listens/file5e575379bd83.wav	file5e575379bd83.wav	478.855	4474.6	5694.9	WCSP	call
336	Spectrogram 1	1	479.684	479.683633060	479.840580565	0.157	4687.5	6187.5	5250.0	29.9	46.1	54.4	479.684	/Users/mary/Desktop/listens_20180309/completed_listens/file5e575379bd83.wav	file5e575379bd83.wav	479.684	4550.8	6305.1	WCSP	call
337	Spectrogram 1	1	479.265	479.265140809	480.966451764	1.701	3093.8	5156.2	3937.5	29.0	47.6	65.0	479.265	/Users/mary/Desktop/listens_20180309/completed_listens/file5e575379bd83.wav	file5e575379bd83.wav	479.265	2923.7	5262.7	WCSP	song
338	Spectrogram 1	1	480.427	480.426552347	480.526998750	0.100	4875.0	6375.0	5437.5	33.8	47.6	56.6	480.427	/Users/mary/Desktop/listens_20180309/completed_listens/file5e575379bd83.wav	file5e575379bd83.wav	480.427	4754.2	6584.7	WCSP	call
339	Spectrogram 1	1	481.500	481.500073282	481.644464986	0.144	4968.8	6656.2	5625.0	29.6	42.0	54.1	481.500	/Users/mary/Desktop/listens_20180309/completed_listens/file5e575379bd83.wav	file5e575379bd83.wav	481.500	4855.9	6839.0	WCSP	call
340	Spectrogram 1	1	481.048	481.048064467	481.161066671	0.113	4875.0	6656.2	5437.5	31.6	45.3	55.3	481.048	/Users/mary/Desktop/listens_20180309/completed_listens/file5e575379bd83.wav	file5e575379bd83.wav	481.048	4830.5	6915.3	WCSP	call
341	Spectrogram 1	1	483.126	483.126049435	483.213940037	0.088	4781.2	6187.5	5250.0	33.9	48.3	55.7	483.126	/Users/mary/Desktop/listens_20180309/completed_listens/file5e575379bd83.wav	file5e575379bd83.wav	483.126	4678.0	6432.2	WCSP	call
342	Spectrogram 1	1	483.553	483.552946648	483.653393052	0.100	4968.8	6375.0	5250.0	35.3	51.7	58.7	483.553	/Users/mary/Desktop/listens_20180309/completed_listens/file5e575379bd83.wav	file5e575379bd83.wav	483.553	4652.5	6788.1	WCSP	call
343	Spectrogram 1	1	484.620	484.620189683	484.726913987	0.107	5062.5	6375.0	5437.5	35.9	52.8	59.2	484.620	/Users/mary/Desktop/listens_20180309/completed_listens/file5e575379bd83.wav	file5e575379bd83.wav	484.620	4728.8	6737.3	WCSP	call
344	Spectrogram 1	1	485.562	485.561874714	486.704452551	1.143	4968.8	6281.2	5437.5	30.6	52.4	63.7	485.562	/Users/mary/Desktop/listens_20180309/completed_listens/file5e575379bd83.wav	file5e575379bd83.wav	485.562	4779.7	6508.5	WCSP	call
345	Spectrogram 1	1	486.213	486.212916873	488.027230032	1.814	2906.2	5343.8	4031.2	30.8	52.0	67.8	486.213	/Users/mary/Desktop/listens_20180309/completed_listens/file5e575379bd83.wav	file5e575379bd83.wav	486.213	2771.2	5542.4	WCSP	song
346	Spectrogram 1	1	488.379	488.378792443	490.042435997	1.664	3000.0	3750.0	3093.8	43.4	65.5	79.1	488.379	/Users/mary/Desktop/listens_20180309/completed_listens/file5e575379bd83.wav	file5e575379bd83.wav	488.379	2440.7	4703.4	HETH	song
347	Spectrogram 1	1	492.310	492.310045001	493.458900739	1.149	3468.8	4781.2	3656.2	37.8	60.2	73.8	492.310	/Users/mary/Desktop/listens_20180309/completed_listens/file5e575379bd83.wav	file5e575379bd83.wav	492.310	2237.3	5644.1	HETH	song
348	Spectrogram 1	1	495.610	495.610133375	497.229831628	1.620	2718.8	3468.8	2906.2	44.6	66.4	81.0	495.610	/Users/mary/Desktop/listens_20180309/completed_listens/file5e575379bd83.wav	file5e575379bd83.wav	495.610	1830.5	4576.3	HETH	song
349	Spectrogram 1	1	499.364	499.364376587	500.758070432	1.394	3562.5	4500.0	3750.0	40.4	63.2	75.7	499.364	/Users/mary/Desktop/listens_20180309/completed_listens/file5e575379bd83.wav	file5e575379bd83.wav	499.364	2923.7	5364.4	HETH	song
350	Spectrogram 1	1	498.598	498.598472762	498.686363365	0.088	5156.2	6281.2	5718.8	30.6	40.8	50.8	498.598	/Users/mary/Desktop/listens_20180309/completed_listens/file5e575379bd83.wav	file5e575379bd83.wav	498.598	5135.6	6305.1	WCSP	call
351	Spectrogram 1	1	500.068	500.067501410	500.224448915	0.157	5437.5	6843.8	6093.8	29.9	42.8	54.0	500.068	/Users/mary/Desktop/listens_20180309/completed_listens/file5e575379bd83.wav	file5e575379bd83.wav	500.068	5415.3	6940.7	WCSP	call
352	Spectrogram 1	1	502.616	502.616328892	504.010022738	1.394	2343.8	3562.5	3000.0	39.1	59.1	74.6	502.616	/Users/mary/Desktop/listens_20180309/completed_listens/file5e575379bd83.wav	file5e575379bd83.wav	502.616	2008.5	4576.3	HETH	song
353	Spectrogram 1	1	501.166	501.166133945	501.272858249	0.107	5156.2	6187.5	5625.0	29.3	38.1	50.4	501.166	/Users/mary/Desktop/listens_20180309/completed_listens/file5e575379bd83.wav	file5e575379bd83.wav	501.166	5084.7	6305.1	WCSP	call
354	Spectrogram 1	1	502.654	502.653996294	502.779554298	0.126	5062.5	6375.0	5625.0	29.5	40.9	52.1	502.654	/Users/mary/Desktop/listens_20180309/completed_listens/file5e575379bd83.wav	file5e575379bd83.wav	502.654	5008.5	6457.6	WCSP	call
355	Spectrogram 1	1	504.943	504.943410236	506.751445495	1.808	2906.2	5531.2	3937.5	32.2	56.8	70.2	504.943	/Users/mary/Desktop/listens_20180309/completed_listens/file5e575379bd83.wav	file5e575379bd83.wav	504.943	2593.2	6050.8	WCSP	song
356	Spectrogram 1	1	506.871	506.870725599	508.163973041	1.293	3093.8	4312.5	3375.0	40.0	60.2	74.6	506.871	/Users/mary/Desktop/listens_20180309/completed_listens/file5e575379bd83.wav	file5e575379bd83.wav	506.871	2745.8	4983.1	HETH	song
357	Spectrogram 1	1	510.342	510.342404411	511.817710959	1.475	2343.8	3187.5	2812.5	37.0	57.4	72.0	510.342	/Users/mary/Desktop/listens_20180309/completed_listens/file5e575379bd83.wav	file5e575379bd83.wav	510.342	2033.9	4144.1	HETH	song
358	Spectrogram 1	1	513.375	513.374630210	514.900159959	1.526	3375.0	4875.0	3843.8	37.3	61.3	74.2	513.375	/Users/mary/Desktop/listens_20180309/completed_listens/file5e575379bd83.wav	file5e575379bd83.wav	513.375	2745.8	5949.2	HETH	song
359	Spectrogram 1	1	516.651	516.651309857	518.051281602	1.400	2343.8	3468.8	2906.2	41.4	63.1	76.8	516.651	/Users/mary/Desktop/listens_20180309/completed_listens/file5e575379bd83.wav	file5e575379bd83.wav	516.651	1830.5	4271.2	HETH	song
360	Spectrogram 1	1	520.550	520.549885883	521.981247130	1.431	3375.0	4875.0	3562.5	37.4	61.0	74.0	520.550	/Users/mary/Desktop/listens_20180309/completed_listens/file5e575379bd83.wav	file5e575379bd83.wav	520.550	2694.9	5872.9	HETH	song
361	Spectrogram 1	1	524.423	524.423299307	525.892327955	1.469	2625.0	3562.5	3000.0	41.4	62.4	77.3	524.423	/Users/mary/Desktop/listens_20180309/completed_listens/file5e575379bd83.wav	file5e575379bd83.wav	524.423	2110.2	4754.2	HETH	song
362	Spectrogram 1	1	528.140	528.139816228	529.633956476	1.494	3656.2	5812.5	3843.8	35.7	60.8	73.2	528.140	/Users/mary/Desktop/listens_20180309/completed_listens/file5e575379bd83.wav	file5e575379bd83.wav	528.140	3127.1	6915.3	HETH	song
363	Spectrogram 1	1	530.341	530.340548104	532.010469558	1.670	2625.0	5250.0	4031.2	32.9	56.7	70.4	530.341	/Users/mary/Desktop/listens_20180309/completed_listens/file5e575379bd83.wav	file5e575379bd83.wav	530.341	2415.3	5745.8	WCSP	song
364	Spectrogram 1	1	532.023	532.023025358	533.278605399	1.256	2156.2	3187.5	2906.2	38.9	59.6	73.6	532.023	/Users/mary/Desktop/listens_20180309/completed_listens/file5e575379bd83.wav	file5e575379bd83.wav	532.023	1932.2	4220.3	HETH	song
365	Spectrogram 1	1	535.237	535.237310263	537.089290823	1.852	2812.5	4218.8	3281.2	39.6	61.9	76.9	535.237	/Users/mary/Desktop/listens_20180309/completed_listens/file5e575379bd83.wav	file5e575379bd83.wav	535.237	2644.1	5618.6	HETH	song
366	Spectrogram 1	1	539.718	539.718411642	539.818858046	0.100	2156.2	3468.8	3281.2	41.3	58.3	64.5	539.718	/Users/mary/Desktop/listens_20180309/completed_listens/file5e575379bd83.wav	file5e575379bd83.wav	539.718	1754.2	3813.6	MARMOT	
367	Spectrogram 1	1	539.857	539.856525447	541.294164594	1.438	2531.2	3562.5	3000.0	41.1	63.2	77.1	539.857	/Users/mary/Desktop/listens_20180309/completed_listens/file5e575379bd83.wav	file5e575379bd83.wav	539.857	1932.2	4779.7	HETH	song
368	Spectrogram 1	1	544.665	544.665485338	545.927343279	1.262	3000.0	4500.0	3375.0	39.5	57.8	73.8	544.665	/Users/mary/Desktop/listens_20180309/completed_listens/file5e575379bd83.wav	file5e575379bd83.wav	544.665	2822.0	5033.9	HETH	song
369	Spectrogram 1	1	543.466	543.466406399	545.261885857	1.795	2906.2	4500.0	3375.0	36.2	57.7	73.4	543.466	/Users/mary/Desktop/listens_20180309/completed_listens/file5e575379bd83.wav	file5e575379bd83.wav	543.466	2313.6	5161.0	WCSP	song
370	Spectrogram 1	1	543.818	543.817968810	543.968638415	0.151	5062.5	5718.8	5343.8	31.6	47.2	53.2	543.818	/Users/mary/Desktop/listens_20180309/completed_listens/file5e575379bd83.wav	file5e575379bd83.wav	543.818	4932.2	5847.5	WCSP	call
371	Spectrogram 1	1	545.934	545.933621179	546.304017291	0.370	2625.0	5437.5	3656.2	29.2	40.6	59.9	545.934	/Users/mary/Desktop/listens_20180309/completed_listens/file5e575379bd83.wav	file5e575379bd83.wav	545.934	2440.7	5694.9	PIKA	
372	Spectrogram 1	1	550.127	550.127258515	550.265372320	0.138	2437.5	3468.8	3281.2	46.2	65.2	71.2	550.127	/Users/mary/Desktop/listens_20180309/completed_listens/file5e575379bd83.wav	file5e575379bd83.wav	550.127	1601.7	3864.4	MARMOT	
373	Spectrogram 1	1	551.945	551.944637720	552.051362023	0.107	4687.5	5625.0	5250.0	29.7	44.0	50.5	551.945	/Users/mary/Desktop/listens_20180309/completed_listens/file5e575379bd83.wav	file5e575379bd83.wav	551.945	4627.1	5720.3	WCSP	call
374	Spectrogram 1	1	553.225	553.225329361	553.344609465	0.119	5062.5	6281.2	5625.0	28.8	39.4	51.4	553.225	/Users/mary/Desktop/listens_20180309/completed_listens/file5e575379bd83.wav	file5e575379bd83.wav	553.225	4881.4	6381.4	WCSP	call
375	Spectrogram 1	1	558.124	558.124121179	558.293624485	0.170	2156.2	3468.8	3281.2	41.6	58.5	67.1	558.124	/Users/mary/Desktop/listens_20180309/completed_listens/file5e575379bd83.wav	file5e575379bd83.wav	558.124	1754.2	3762.7	MARMOT	
376	Spectrogram 1	1	561.735	561.734759844	563.203788492	1.469	3562.5	5531.2	4125.0	29.2	48.5	64.6	561.735	/Users/mary/Desktop/listens_20180309/completed_listens/file5e575379bd83.wav	file5e575379bd83.wav	561.735	3432.2	5745.8	WCSP	song
377	Spectrogram 1	1	560.580	560.579626207	560.711462111	0.132	4781.2	5906.2	5250.0	30.3	45.2	53.0	560.580	/Users/mary/Desktop/listens_20180309/completed_listens/file5e575379bd83.wav	file5e575379bd83.wav	560.580	4652.5	6025.4	WCSP	call
378	Spectrogram 1	1	565.269	565.269217659	565.375941962	0.107	4781.2	6093.8	5343.8	30.8	44.3	53.1	565.269	/Users/mary/Desktop/listens_20180309/completed_listens/file5e575379bd83.wav	file5e575379bd83.wav	565.269	4627.1	6228.8	WCSP	call
379	Spectrogram 1	1	565.627	565.627057971	565.758893875	0.132	2156.2	3375.0	2812.5	48.7	67.7	74.3	565.627	/Users/mary/Desktop/listens_20180309/completed_listens/file5e575379bd83.wav	file5e575379bd83.wav	565.627	1271.2	4042.4	MARMOT	
380	Spectrogram 1	1	572.414	572.413628233	572.583131539	0.170	2250.0	3468.8	3375.0	44.9	65.2	70.9	572.414	/Users/mary/Desktop/listens_20180309/completed_listens/file5e575379bd83.wav	file5e575379bd83.wav	572.414	1500.0	3813.6	MARMOT	
381	Spectrogram 1	1	572.947	572.947249750	573.838711579	0.891	2906.2	4500.0	3375.0	30.1	44.7	62.3	572.947	/Users/mary/Desktop/listens_20180309/completed_listens/file5e575379bd83.wav	file5e575379bd83.wav	572.947	2745.8	4652.5	HETH	song
382	Spectrogram 1	1	573.952	573.951713783	574.296998294	0.345	2250.0	4500.0	3281.2	29.4	38.9	58.7	573.952	/Users/mary/Desktop/listens_20180309/completed_listens/file5e575379bd83.wav	file5e575379bd83.wav	573.952	2186.4	4627.1	PIKA	
383	Spectrogram 1	1	574.471	574.470584641	576.171895597	1.701	2812.5	5156.2	4031.2	29.0	47.2	65.7	574.471	/Users/mary/Desktop/listens_20180309/completed_listens/file5e575379bd83.wav	file5e575379bd83.wav	574.471	2669.5	5364.4	WCSP	song
384	Spectrogram 1	1	576.970	576.969733324	577.880028854	0.910	2437.5	4312.5	3000.0	31.9	50.4	65.4	576.970	/Users/mary/Desktop/listens_20180309/completed_listens/file5e575379bd83.wav	file5e575379bd83.wav	576.970	2313.6	4754.2	HETH	song
385	Spectrogram 1	1	581.148	581.147796926	582.020425055	0.873	2718.8	4968.8	3375.0	29.4	48.3	62.9	581.148	/Users/mary/Desktop/listens_20180309/completed_listens/file5e575379bd83.wav	file5e575379bd83.wav	581.148	2542.4	5161.0	HETH	song
386	Spectrogram 1	1	584.431	584.430682666	584.543684870	0.113	4875.0	5812.5	5156.2	31.2	46.0	52.6	584.431	/Users/mary/Desktop/listens_20180309/completed_listens/file5e575379bd83.wav	file5e575379bd83.wav	584.431	4754.2	5949.2	WCSP	call
387	Spectrogram 1	1	585.171	585.171474890	585.271921293	0.100	4968.8	5718.8	5250.0	28.7	41.0	48.4	585.171	/Users/mary/Desktop/listens_20180309/completed_listens/file5e575379bd83.wav	file5e575379bd83.wav	585.171	4855.9	5720.3	WCSP	call
388	Spectrogram 1	1	588.745	588.745402093	588.858404297	0.113	5062.5	5812.5	5250.0	29.7	42.5	50.0	588.745	/Users/mary/Desktop/listens_20180309/completed_listens/file5e575379bd83.wav	file5e575379bd83.wav	588.745	4906.8	5872.9	WCSP	call
389	Spectrogram 1	1	589.392	589.392025814	590.879888163	1.488	2812.5	5437.5	4031.2	28.4	43.7	64.9	589.392	/Users/mary/Desktop/listens_20180309/completed_listens/file5e575379bd83.wav	file5e575379bd83.wav	589.392	2669.5	5644.1	WCSP	song
390	Spectrogram 1	1	594.079	594.079283071	594.192285275	0.113	4687.5	5718.8	5156.2	28.7	40.6	49.9	594.079	/Users/mary/Desktop/listens_20180309/completed_listens/file5e575379bd83.wav	file5e575379bd83.wav	594.079	4678.0	5720.3	WCSP	call
391	Spectrogram 1	1	592.711	592.710700827	592.804869330	0.094	4687.5	5531.2	5156.2	28.4	38.4	47.7	592.711	/Users/mary/Desktop/listens_20180309/completed_listens/file5e575379bd83.wav	file5e575379bd83.wav	592.711	4627.1	5593.2	WCSP	call
392	Spectrogram 1	1	593.282	593.281989745	593.426381450	0.144	4781.2	5718.8	5250.0	27.5	40.1	49.2	593.282	/Users/mary/Desktop/listens_20180309/completed_listens/file5e575379bd83.wav	file5e575379bd83.wav	593.282	4703.4	5771.2	WCSP	call
393	Spectrogram 1	1	598.541	598.541361583	598.685753288	0.144	5062.5	6187.5	5531.2	28.2	39.0	51.0	598.541	/Users/mary/Desktop/listens_20180309/completed_listens/file5e575379bd83.wav	file5e575379bd83.wav	598.541	4881.4	6254.2	WCSP	call
394	Spectrogram 1	1	599.389	599.388878111	599.526991915	0.138	4781.2	5906.2	5250.0	28.8	41.0	51.4	599.389	/Users/mary/Desktop/listens_20180309/completed_listens/file5e575379bd83.wav	file5e575379bd83.wav	599.389	4754.2	6000.0	WCSP	call
