Selection	View	Channel	Begin Clock Time	Begin Time (s)	End Time (s)	Delta Time (s)	Freq 5% (Hz)	Freq 95% (Hz)	Center Freq (Hz)	Avg Power (dB)	Max Power (dB)	Energy (dB)	Begin Date Time	Begin Path	Begin File	File Offset (s)	Low Freq (Hz)	High Freq (Hz)	ID	NOTES
1	Spectrogram 1	1	4.278	4.278084506	4.945039095	0.667	1500.0	2906.2	1968.8	28.3	39.3	58.6	4.278	/Users/mary/Desktop/listens_20180309/completed_listens/file5e57506b624b.wav	file5e57506b624b.wav	4.278	1423.1	3076.9	CLNU	
2	Spectrogram 1	1	6.000	6.000039991	6.666994581	0.667	1125.0	2718.8	1781.2	29.6	41.2	60.5	6.000	/Users/mary/Desktop/listens_20180309/completed_listens/file5e57506b624b.wav	file5e57506b624b.wav	6.000	1115.4	2961.5	CLNU	
3	Spectrogram 1	1	0.694	0.693672043	1.033212562	0.340	3750.0	5437.5	4593.8	27.1	37.7	55.3	0.694	/Users/mary/Desktop/listens_20180309/completed_listens/file5e57506b624b.wav	file5e57506b624b.wav	0.694	3653.8	5576.9	UNK1	
4	Spectrogram 1	1	2.695	2.694535811	3.021949883	0.327	3937.5	5718.8	4781.2	28.0	40.7	56.2	2.695	/Users/mary/Desktop/listens_20180309/completed_listens/file5e57506b624b.wav	file5e57506b624b.wav	2.695	3769.2	5884.6	UNK1	
5	Spectrogram 1	1	3.713	3.713157366	3.955686308	0.243	4031.2	5625.0	4875.0	27.0	37.0	53.6	3.713	/Users/mary/Desktop/listens_20180309/completed_listens/file5e57506b624b.wav	file5e57506b624b.wav	3.713	3846.2	5769.2	UNK1	
6	Spectrogram 1	1	10.458	10.457727262	10.882152910	0.424	3937.5	5343.8	4781.2	32.4	51.0	62.2	10.458	/Users/mary/Desktop/listens_20180309/completed_listens/file5e57506b624b.wav	file5e57506b624b.wav	10.458	3384.6	5692.3	ROWR	
7	Spectrogram 1	1	14.260	14.260057655	14.478333702	0.218	3468.8	4968.8	4500.0	29.0	45.7	54.9	14.260	/Users/mary/Desktop/listens_20180309/completed_listens/file5e57506b624b.wav	file5e57506b624b.wav	14.260	3307.7	5153.8	ROWR	
8	Spectrogram 1	1	16.431	16.430691682	16.673220624	0.243	3750.0	5343.8	4593.8	29.9	46.9	56.9	16.431	/Users/mary/Desktop/listens_20180309/completed_listens/file5e57506b624b.wav	file5e57506b624b.wav	16.431	3500.0	5538.5	ROWR	
9	Spectrogram 1	1	19.656	19.656326605	20.529430795	0.873	1125.0	2156.2	1687.5	30.1	39.7	60.4	19.656	/Users/mary/Desktop/listens_20180309/completed_listens/file5e57506b624b.wav	file5e57506b624b.wav	19.656	1115.4	2307.7	CLNU	
10	Spectrogram 1	1	23.355	23.355486702	23.767785903	0.412	3843.8	5250.0	4687.5	27.1	38.4	55.5	23.355	/Users/mary/Desktop/listens_20180309/completed_listens/file5e57506b624b.wav	file5e57506b624b.wav	23.355	3692.3	5423.1	ROWR	*
11	Spectrogram 1	1	25.187	25.186580211	25.562500070	0.376	3937.5	5437.5	4687.5	27.2	38.2	55.4	25.187	/Users/mary/Desktop/listens_20180309/completed_listens/file5e57506b624b.wav	file5e57506b624b.wav	25.187	3769.2	5615.4	ROWR	*
12	Spectrogram 1	1	27.297	27.296582003	27.539110944	0.243	3656.2	5343.8	4500.0	26.9	38.0	53.7	27.297	/Users/mary/Desktop/listens_20180309/completed_listens/file5e57506b624b.wav	file5e57506b624b.wav	27.297	3500.0	5461.5	ROWR	*
13	Spectrogram 1	1	29.370	29.370204453	29.649112736	0.279	3468.8	5250.0	4500.0	27.5	41.6	55.2	29.370	/Users/mary/Desktop/listens_20180309/completed_listens/file5e57506b624b.wav	file5e57506b624b.wav	29.370	3307.7	5384.6	ROWR	*
14	Spectrogram 1	1	39.318	39.318075640	39.560604582	0.243	3843.8	5250.0	4593.8	26.9	39.0	53.0	39.318	/Users/mary/Desktop/listens_20180309/completed_listens/file5e57506b624b.wav	file5e57506b624b.wav	39.318	3692.3	5384.6	ROWR	*
15	Spectrogram 1	1	44.959	44.958844636	47.958844636	3.000	1781.2	10875.0	6937.5	26.6	37.7	71.2	44.959	/Users/mary/Desktop/listens_20180309/completed_listens/file5e57506b624b.wav	file5e57506b624b.wav	44.959	1413.0	11220.0	background	
16	Spectrogram 1	1	68.954	68.954467109	69.172743157	0.218	937.5	5062.5	2343.8	27.7	39.8	57.6	68.954	/Users/mary/Desktop/listens_20180309/completed_listens/file5e57506b624b.wav	file5e57506b624b.wav	68.954	846.2	5269.2	PIKA	
17	Spectrogram 1	1	81.437	81.437165107	81.994981672	0.558	4406.2	6187.5	5250.0	26.5	40.1	57.1	81.437	/Users/mary/Desktop/listens_20180309/completed_listens/file5e57506b624b.wav	file5e57506b624b.wav	81.437	4242.0	6305.7	ROWR	*
18	Spectrogram 1	1	83.050	83.049982568	83.438028875	0.388	4406.2	5531.2	4968.8	26.9	38.9	53.7	83.050	/Users/mary/Desktop/listens_20180309/completed_listens/file5e57506b624b.wav	file5e57506b624b.wav	83.050	4394.9	5579.6	ROWR	*
19	Spectrogram 1	1	87.306	87.306365493	87.900561400	0.594	4218.8	5437.5	4875.0	26.5	38.9	55.4	87.306	/Users/mary/Desktop/listens_20180309/completed_listens/file5e57506b624b.wav	file5e57506b624b.wav	87.306	4127.4	5503.2	ROWR	
20	Spectrogram 1	1	94.393	94.392774120	94.865705556	0.473	3468.8	5343.8	4500.0	27.6	43.4	57.9	94.393	/Users/mary/Desktop/listens_20180309/completed_listens/file5e57506b624b.wav	file5e57506b624b.wav	94.393	3248.4	5465.0	ROWR	
21	Spectrogram 1	1	95.593	95.593292380	96.102603158	0.509	3750.0	5343.8	4687.5	28.6	45.2	58.6	95.593	/Users/mary/Desktop/listens_20180309/completed_listens/file5e57506b624b.wav	file5e57506b624b.wav	95.593	3592.4	5579.6	ROWR	
22	Spectrogram 1	1	99.765	99.764790176	100.274100953	0.509	3468.8	5625.0	4687.5	26.7	40.4	57.7	99.765	/Users/mary/Desktop/listens_20180309/completed_listens/file5e57506b624b.wav	file5e57506b624b.wav	99.765	3363.1	5808.9	ROWR	
23	Spectrogram 1	1	100.336	100.336325342	101.160923743	0.825	1125.0	2531.2	1781.2	29.8	39.7	61.0	100.336	/Users/mary/Desktop/listens_20180309/completed_listens/file5e57506b624b.wav	file5e57506b624b.wav	100.336	1031.8	2713.4	CLNU	
24	Spectrogram 1	1	102.167	102.167418851	102.640350287	0.473	1593.8	3656.2	2343.8	29.8	44.7	60.6	102.167	/Users/mary/Desktop/listens_20180309/completed_listens/file5e57506b624b.wav	file5e57506b624b.wav	102.167	1452.2	3974.5	PIKA	
25	Spectrogram 1	1	104.795	104.794956658	105.292140988	0.497	3656.2	5343.8	4593.8	26.3	40.0	56.2	104.795	/Users/mary/Desktop/listens_20180309/completed_listens/file5e57506b624b.wav	file5e57506b624b.wav	104.795	3515.9	5503.2	ROWR	
26	Spectrogram 1	1	107.426	107.426395674	107.899327110	0.473	3843.8	5250.0	4687.5	26.7	42.7	55.7	107.426	/Users/mary/Desktop/listens_20180309/completed_listens/file5e57506b624b.wav	file5e57506b624b.wav	107.426	3668.8	5426.8	ROWR	
27	Spectrogram 1	1	108.433	108.432890782	108.760304853	0.327	4031.2	5812.5	4875.0	26.2	36.8	54.4	108.433	/Users/mary/Desktop/listens_20180309/completed_listens/file5e57506b624b.wav	file5e57506b624b.wav	108.433	3898.1	5961.8	ROWR	
28	Spectrogram 1	1	110.021	110.021455349	110.288237185	0.267	4125.0	5625.0	4968.8	26.7	41.5	53.5	110.021	/Users/mary/Desktop/listens_20180309/completed_listens/file5e57506b624b.wav	file5e57506b624b.wav	110.021	3974.5	5770.7	ROWR	*
29	Spectrogram 1	1	113.089	113.089446460	113.550251449	0.461	3656.2	5531.2	4781.2	26.4	44.2	56.3	113.089	/Users/mary/Desktop/listens_20180309/completed_listens/file5e57506b624b.wav	file5e57506b624b.wav	113.089	3515.9	5656.1	ROWR	
30	Spectrogram 1	1	114.690	114.690137475	115.199448252	0.509	3562.5	5812.5	4781.2	28.9	46.6	60.3	114.690	/Users/mary/Desktop/listens_20180309/completed_listens/file5e57506b624b.wav	file5e57506b624b.wav	114.690	3363.1	6038.2	ROWR	
31	Spectrogram 1	1	115.879	115.878529289	116.254449148	0.376	3843.8	5343.8	4687.5	27.5	39.0	55.7	115.879	/Users/mary/Desktop/listens_20180309/completed_listens/file5e57506b624b.wav	file5e57506b624b.wav	115.879	3707.0	5503.2	ROWR	
32	Spectrogram 1	1	116.812	116.812145077	117.212317831	0.400	3843.8	5250.0	4968.8	31.8	48.9	61.2	116.812	/Users/mary/Desktop/listens_20180309/completed_listens/file5e57506b624b.wav	file5e57506b624b.wav	116.812	3439.5	5541.4	ROWR	
33	Spectrogram 1	1	117.625	117.624617031	118.049042679	0.424	3750.0	5718.8	4875.0	30.7	50.4	60.8	117.625	/Users/mary/Desktop/listens_20180309/completed_listens/file5e57506b624b.wav	file5e57506b624b.wav	117.625	3439.5	5847.1	ROWR	
34	Spectrogram 1	1	119.092	119.091917128	119.843756847	0.752	937.5	2437.5	1968.8	32.4	44.2	63.4	119.092	/Users/mary/Desktop/listens_20180309/completed_listens/file5e57506b624b.wav	file5e57506b624b.wav	119.092	879.0	2598.7	CLNU	
35	Spectrogram 1	1	120.233	120.232867054	120.620913361	0.388	3843.8	5625.0	4875.0	27.8	41.8	57.1	120.233	/Users/mary/Desktop/listens_20180309/completed_listens/file5e57506b624b.wav	file5e57506b624b.wav	120.233	3592.4	5808.9	ROWR	
36	Spectrogram 1	1	121.591	121.591029127	122.039707669	0.449	4218.8	5531.2	4968.8	28.7	46.6	57.2	121.591	/Users/mary/Desktop/listens_20180309/completed_listens/file5e57506b624b.wav	file5e57506b624b.wav	121.591	4089.2	5694.3	ROWR	
37	Spectrogram 1	1	122.707	122.706662259	123.203846589	0.497	3937.5	5531.2	4781.2	27.0	38.9	56.7	122.707	/Users/mary/Desktop/listens_20180309/completed_listens/file5e57506b624b.wav	file5e57506b624b.wav	122.707	3783.4	5656.1	ROWR	
38	Spectrogram 1	1	125.496	125.495745087	125.956550076	0.461	4031.2	5625.0	4781.2	27.4	41.6	56.7	125.496	/Users/mary/Desktop/listens_20180309/completed_listens/file5e57506b624b.wav	file5e57506b624b.wav	125.496	3859.9	5770.7	ROWR	
39	Spectrogram 1	1	126.757	126.756895583	127.169194784	0.412	3750.0	5250.0	4593.8	28.4	44.5	57.1	126.757	/Users/mary/Desktop/listens_20180309/completed_listens/file5e57506b624b.wav	file5e57506b624b.wav	126.757	3592.4	5388.5	ROWR	
40	Spectrogram 1	1	122.961	122.961317647	123.701030919	0.740	1312.5	2625.0	1781.2	30.3	42.0	60.7	122.961	/Users/mary/Desktop/listens_20180309/completed_listens/file5e57506b624b.wav	file5e57506b624b.wav	122.961	1299.4	2789.8	ROWR	
41	Spectrogram 1	1	120.000	120.000000000	120.257119949	0.257	1500.0	2718.8	2250.0	33.5	46.7	59.4	120.000	/Users/mary/Desktop/listens_20180309/completed_listens/file5e57506b624b.wav	file5e57506b624b.wav	120.000	1490.4	2942.7	CLNU	
42	Spectrogram 1	1	127.856	127.856381433	128.208048398	0.352	3750.0	5343.8	4593.8	27.3	42.6	55.5	127.856	/Users/mary/Desktop/listens_20180309/completed_listens/file5e57506b624b.wav	file5e57506b624b.wav	127.856	3592.4	5465.0	ROWR	
43	Spectrogram 1	1	130.330	130.330176637	130.645464261	0.315	4218.8	5906.2	5062.5	28.3	45.5	56.5	130.330	/Users/mary/Desktop/listens_20180309/completed_listens/file5e57506b624b.wav	file5e57506b624b.wav	130.330	4012.7	6038.2	ROWR	
44	Spectrogram 1	1	131.385	131.385177533	131.700465157	0.315	4406.2	5625.0	5062.5	27.1	41.3	53.9	131.385	/Users/mary/Desktop/listens_20180309/completed_listens/file5e57506b624b.wav	file5e57506b624b.wav	131.385	4280.3	5732.5	ROWR	
45	Spectrogram 1	1	133.280	133.280397696	133.535053084	0.255	4406.2	5625.0	5062.5	26.4	38.8	51.9	133.280	/Users/mary/Desktop/listens_20180309/completed_listens/file5e57506b624b.wav	file5e57506b624b.wav	133.280	4356.7	5770.7	ROWR	
46	Spectrogram 1	1	134.942	134.941720945	135.184249887	0.243	3937.5	5625.0	4875.0	26.5	38.9	53.3	134.942	/Users/mary/Desktop/listens_20180309/completed_listens/file5e57506b624b.wav	file5e57506b624b.wav	134.942	3821.7	5770.7	ROWR	
47	Spectrogram 1	1	136.494	136.493906172	136.942584714	0.449	4125.0	5625.0	4875.0	27.3	43.4	56.3	136.494	/Users/mary/Desktop/listens_20180309/completed_listens/file5e57506b624b.wav	file5e57506b624b.wav	136.494	4012.7	5808.9	ROWR	
48	Spectrogram 1	1	137.639	137.639379112	150.758659343	13.119	2156.2	6000.0	3750.0	28.9	52.3	76.7	137.639	/Users/mary/Desktop/listens_20180309/completed_listens/file5e57506b624b.wav	file5e57506b624b.wav	137.639	1796.2	6458.6	PIKA	
49	Spectrogram 1	1	151.805	151.804771884	152.696539952	0.892	2062.5	6093.8	3843.8	28.8	44.2	65.1	151.805	/Users/mary/Desktop/listens_20180309/completed_listens/file5e57506b624b.wav	file5e57506b624b.wav	151.805	1758.0	6496.8	PIKA	
50	Spectrogram 1	1	158.192	158.191626780	159.203440549	1.012	1875.0	6656.2	3937.5	29.0	46.8	66.5	158.192	/Users/mary/Desktop/listens_20180309/completed_listens/file5e57506b624b.wav	file5e57506b624b.wav	158.192	1566.9	7108.3	PIKA	
51	Spectrogram 1	1	154.196	154.195819860	155.121886699	0.926	1500.0	2250.0	1781.2	30.3	40.0	59.2	154.196	/Users/mary/Desktop/listens_20180309/completed_listens/file5e57506b624b.wav	file5e57506b624b.wav	154.196	1452.2	2331.2	CLNU	
52	Spectrogram 1	1	163.371	163.370741328	163.970969836	0.600	1500.0	3656.2	2156.2	29.5	41.8	61.3	163.371	/Users/mary/Desktop/listens_20180309/completed_listens/file5e57506b624b.wav	file5e57506b624b.wav	163.371	1337.6	3859.9	CLNU	
53	Spectrogram 1	1	191.937	191.937431869	192.623407306	0.686	1406.2	3000.0	1968.8	29.4	41.8	60.3	191.937	/Users/mary/Desktop/listens_20180309/completed_listens/file5e57506b624b.wav	file5e57506b624b.wav	191.937	1337.6	3095.5	CLNU	
54	Spectrogram 1	1	194.527	194.526989144	195.350159668	0.823	1406.2	3281.2	2156.2	29.0	40.9	61.3	194.527	/Users/mary/Desktop/listens_20180309/completed_listens/file5e57506b624b.wav	file5e57506b624b.wav	194.527	1337.6	3439.5	CLNU	
55	Spectrogram 1	1	198.146	198.145509574	198.951530712	0.806	1406.2	3468.8	2250.0	28.5	40.0	61.3	198.146	/Users/mary/Desktop/listens_20180309/completed_listens/file5e57506b624b.wav	file5e57506b624b.wav	198.146	1337.6	3707.0	CLNU	
56	Spectrogram 1	1	201.781	201.781179389	202.604349914	0.823	1406.2	3562.5	2250.0	29.4	41.1	62.6	201.781	/Users/mary/Desktop/listens_20180309/completed_listens/file5e57506b624b.wav	file5e57506b624b.wav	201.781	1375.8	3898.1	CLNU	
57	Spectrogram 1	1	208.160	208.159618533	208.656950725	0.497	1968.8	3937.5	2625.0	27.8	42.9	58.3	208.160	/Users/mary/Desktop/listens_20180309/completed_listens/file5e57506b624b.wav	file5e57506b624b.wav	208.160	1872.6	4051.0	PIKA	
58	Spectrogram 1	1	217.754	217.754410505	218.440385941	0.686	1500.0	2531.2	1968.8	29.0	38.3	58.3	217.754	/Users/mary/Desktop/listens_20180309/completed_listens/file5e57506b624b.wav	file5e57506b624b.wav	217.754	1452.2	2675.2	CLNU	
59	Spectrogram 1	1	224.276	224.276084897	224.785395674	0.509	1312.5	2437.5	1687.5	29.7	42.4	58.0	224.276	/Users/mary/Desktop/listens_20180309/completed_listens/file5e57506b624b.wav	file5e57506b624b.wav	224.276	1222.9	2598.7	CLNU	
60	Spectrogram 1	1	229.187	229.187295964	229.866377001	0.679	1406.2	2531.2	1875.0	29.0	39.2	58.5	229.187	/Users/mary/Desktop/listens_20180309/completed_listens/file5e57506b624b.wav	file5e57506b624b.wav	229.187	1337.6	2675.2	CLNU	
61	Spectrogram 1	1	235.497	235.497279931	236.152108073	0.655	1312.5	2343.8	1781.2	29.4	38.8	58.4	235.497	/Users/mary/Desktop/listens_20180309/completed_listens/file5e57506b624b.wav	file5e57506b624b.wav	235.497	1299.4	2484.1	CLNU	
62	Spectrogram 1	1	238.262	238.262109865	238.941190902	0.679	1406.2	2718.8	1875.0	29.0	38.9	59.0	238.262	/Users/mary/Desktop/listens_20180309/completed_listens/file5e57506b624b.wav	file5e57506b624b.wav	238.262	1375.8	2904.5	CLNU	
63	Spectrogram 1	1	234.891	234.890957577	235.363889013	0.473	1781.2	3843.8	2718.8	27.5	39.3	58.1	234.891	/Users/mary/Desktop/listens_20180309/completed_listens/file5e57506b624b.wav	file5e57506b624b.wav	234.891	1643.3	4089.2	PIKA	
64	Spectrogram 1	1	240.354	240.354131525	241.057465456	0.703	1406.2	2531.2	1875.0	28.7	38.3	58.0	240.354	/Users/mary/Desktop/listens_20180309/completed_listens/file5e57506b624b.wav	file5e57506b624b.wav	240.354	1337.6	2598.7	CLNU	
65	Spectrogram 1	1	242.355	242.354995293	243.034076330	0.679	1406.2	2437.5	1781.2	29.1	38.6	58.2	242.355	/Users/mary/Desktop/listens_20180309/completed_listens/file5e57506b624b.wav	file5e57506b624b.wav	242.355	1375.8	2598.7	CLNU	
66	Spectrogram 1	1	247.196	247.195610875	247.959577041	0.764	1312.5	2250.0	1781.2	29.3	38.9	58.7	247.196	/Users/mary/Desktop/listens_20180309/completed_listens/file5e57506b624b.wav	file5e57506b624b.wav	247.196	1299.4	2407.6	CLNU	
67	Spectrogram 1	1	248.942	248.941819255	249.645153185	0.703	1312.5	2250.0	1687.5	28.9	39.3	57.5	248.942	/Users/mary/Desktop/listens_20180309/completed_listens/file5e57506b624b.wav	file5e57506b624b.wav	248.942	1222.9	2254.8	CLNU	
68	Spectrogram 1	1	249.924	249.924061468	250.748659869	0.825	937.5	2062.5	1406.2	30.0	41.9	60.4	249.924	/Users/mary/Desktop/listens_20180309/completed_listens/file5e57506b624b.wav	file5e57506b624b.wav	249.924	917.2	2216.6	CLNU	
69	Spectrogram 1	1	261.309	261.308639013	261.987720050	0.679	1312.5	2718.8	1968.8	33.1	50.7	64.4	261.309	/Users/mary/Desktop/listens_20180309/completed_listens/file5e57506b624b.wav	file5e57506b624b.wav	261.309	1184.7	3095.5	CLNU	
70	Spectrogram 1	1	265.387	265.386762221	266.247739964	0.861	1218.8	2437.5	1687.5	28.8	39.6	59.6	265.387	/Users/mary/Desktop/listens_20180309/completed_listens/file5e57506b624b.wav	file5e57506b624b.wav	265.387	1146.5	2598.7	CLNU	
71	Spectrogram 1	1	267.375	267.375499542	268.090959920	0.715	1218.8	2531.2	1781.2	28.8	38.3	59.1	267.375	/Users/mary/Desktop/listens_20180309/completed_listens/file5e57506b624b.wav	file5e57506b624b.wav	267.375	1184.7	2675.2	CLNU	
72	Spectrogram 1	1	275.494	275.493987391	276.233700663	0.740	1500.0	2812.5	1968.8	30.7	44.9	61.7	275.494	/Users/mary/Desktop/listens_20180309/completed_listens/file5e57506b624b.wav	file5e57506b624b.wav	275.494	1337.6	3019.1	CLNU	
73	Spectrogram 1	1	296.565	296.564566384	297.146635843	0.582	1406.2	2812.5	1968.8	33.0	46.7	63.1	296.565	/Users/mary/Desktop/listens_20180309/completed_listens/file5e57506b624b.wav	file5e57506b624b.wav	296.565	1222.9	3057.3	CLNU	
74	Spectrogram 1	1	299.220	299.220258294	301.475777451	2.256	1125.0	2906.2	1781.2	29.4	41.4	66.1	299.220	/Users/mary/Desktop/listens_20180309/completed_listens/file5e57506b624b.wav	file5e57506b624b.wav	299.220	1031.8	3095.5	CLNU	
75	Spectrogram 1	1	304.382	304.381651991	306.540159571	2.159	3000.0	6000.0	4125.0	29.0	49.2	68.0	304.382	/Users/mary/Desktop/listens_20180309/completed_listens/file5e57506b624b.wav	file5e57506b624b.wav	304.382	2636.9	6305.7	FOSP	song
76	Spectrogram 1	1	310.166	310.165967248	312.894417840	2.728	1218.8	2531.2	1781.2	29.3	43.7	65.4	310.166	/Users/mary/Desktop/listens_20180309/completed_listens/file5e57506b624b.wav	file5e57506b624b.wav	310.166	1184.7	2713.4	CLNU	
77	Spectrogram 1	1	317.837	317.836616112	318.600582278	0.764	1312.5	2531.2	1781.2	29.3	40.8	59.6	317.837	/Users/mary/Desktop/listens_20180309/completed_listens/file5e57506b624b.wav	file5e57506b624b.wav	317.837	1261.1	2713.4	CLNU	
78	Spectrogram 1	1	328.673	328.672664762	329.436630928	0.764	1406.2	2906.2	1968.8	31.5	46.4	63.4	328.673	/Users/mary/Desktop/listens_20180309/completed_listens/file5e57506b624b.wav	file5e57506b624b.wav	328.673	1299.4	3286.6	CLNU	
79	Spectrogram 1	1	338.963	338.962856511	339.666190442	0.703	1500.0	3093.8	1968.8	43.6	67.7	81.0	338.963	/Users/mary/Desktop/listens_20180309/completed_listens/file5e57506b624b.wav	file5e57506b624b.wav	338.963	687.9	8407.6	CLNU	
80	Spectrogram 1	1	341.461	341.460904609	342.018721175	0.558	1500.0	3093.8	1968.8	43.3	61.6	79.6	341.461	/Users/mary/Desktop/listens_20180309/completed_listens/file5e57506b624b.wav	file5e57506b624b.wav	341.461	573.2	8063.7	CLNU	
81	Spectrogram 1	1	342.504	342.503779058	343.291998118	0.788	1500.0	2531.2	1875.0	35.7	52.2	67.2	342.504	/Users/mary/Desktop/listens_20180309/completed_listens/file5e57506b624b.wav	file5e57506b624b.wav	342.504	1222.9	3019.1	CLNU	
82	Spectrogram 1	1	348.372	348.372097094	350.785260063	2.413	1500.0	3187.5	2343.8	27.9	42.2	64.4	348.372	/Users/mary/Desktop/listens_20180309/completed_listens/file5e57506b624b.wav	file5e57506b624b.wav	348.372	1490.4	3286.6	AMRO	
83	Spectrogram 1	1	353.890	353.889630515	356.193655460	2.304	1687.5	3093.8	2343.8	27.3	40.8	63.0	353.890	/Users/mary/Desktop/listens_20180309/completed_listens/file5e57506b624b.wav	file5e57506b624b.wav	353.890	1681.5	3248.4	AMRO	
84	Spectrogram 1	1	359.819	359.818706108	360.499648890	0.681	1687.5	2812.5	1968.8	37.1	54.6	68.6	359.819	/Users/mary/Desktop/listens_20180309/completed_listens/file5e57506b624b.wav	file5e57506b624b.wav	359.819	1490.4	3477.7	CLNU	
85	Spectrogram 1	1	360.545	360.544729857	361.587604306	1.043	1687.5	3093.8	2437.5	28.5	42.2	60.7	360.545	/Users/mary/Desktop/listens_20180309/completed_listens/file5e57506b624b.wav	file5e57506b624b.wav	360.545	1681.5	3248.4	AMRO	
86	Spectrogram 1	1	367.910	367.909831980	370.553397443	2.644	3093.8	4031.2	3468.8	27.4	41.5	61.7	367.910	/Users/mary/Desktop/listens_20180309/completed_listens/file5e57506b624b.wav	file5e57506b624b.wav	367.910	3057.3	4051.0	PIKA	
87	Spectrogram 1	1	368.613	368.613165910	369.316499841	0.703	1593.8	2718.8	2062.5	35.5	51.4	66.2	368.613	/Users/mary/Desktop/listens_20180309/completed_listens/file5e57506b624b.wav	file5e57506b624b.wav	368.613	1375.8	3019.1	CLNU	
88	Spectrogram 1	1	365.582	365.581554141	366.854831084	1.273	2062.5	3656.2	2718.8	26.6	40.1	60.4	365.582	/Users/mary/Desktop/listens_20180309/completed_listens/file5e57506b624b.wav	file5e57506b624b.wav	365.582	1949.0	3783.4	AMRO	
89	Spectrogram 1	1	370.779	370.778880143	376.999747495	6.221	1968.8	3937.5	2906.2	26.6	41.2	68.0	370.779	/Users/mary/Desktop/listens_20180309/completed_listens/file5e57506b624b.wav	file5e57506b624b.wav	370.779	1872.6	4089.2	PIKA	
90	Spectrogram 1	1	377.679	377.678828531	378.297277332	0.618	3187.5	3843.8	3468.8	28.3	42.0	55.0	377.679	/Users/mary/Desktop/listens_20180309/completed_listens/file5e57506b624b.wav	file5e57506b624b.wav	377.679	3095.5	3898.1	PIKA	
91	Spectrogram 1	1	379.094	379.094169677	379.821756502	0.728	2156.2	3656.2	2906.2	27.3	40.0	58.2	379.094	/Users/mary/Desktop/listens_20180309/completed_listens/file5e57506b624b.wav	file5e57506b624b.wav	379.094	2140.1	3783.4	PIKA	
92	Spectrogram 1	1	377.324	377.323708404	378.027042334	0.703	1593.8	2531.2	1875.0	34.0	50.1	63.7	377.324	/Users/mary/Desktop/listens_20180309/completed_listens/file5e57506b624b.wav	file5e57506b624b.wav	377.324	1452.2	2789.8	CLNU	
93	Spectrogram 1	1	377.341	377.341451789	377.523348495	0.182	4875.0	5437.5	5250.0	33.1	49.3	55.4	377.341	/Users/mary/Desktop/listens_20180309/completed_listens/file5e57506b624b.wav	file5e57506b624b.wav	377.341	4777.1	5656.1	UNK2	WCSP call?
94	Spectrogram 1	1	382.296	382.296077937	383.217687915	0.922	1687.5	2906.2	2250.0	27.5	40.6	58.6	382.296	/Users/mary/Desktop/listens_20180309/completed_listens/file5e57506b624b.wav	file5e57506b624b.wav	382.296	1681.5	3057.3	AMRO	
95	Spectrogram 1	1	386.870	386.870411270	388.434722944	1.564	1875.0	3187.5	2625.0	27.5	42.4	61.2	386.870	/Users/mary/Desktop/listens_20180309/completed_listens/file5e57506b624b.wav	file5e57506b624b.wav	386.870	1834.4	3324.8	AMRO	
96	Spectrogram 1	1	392.788	392.788117445	393.503577823	0.715	1687.5	2718.8	1968.8	35.2	51.4	66.2	392.788	/Users/mary/Desktop/listens_20180309/completed_listens/file5e57506b624b.wav	file5e57506b624b.wav	392.788	1414.0	3248.4	CLNU	
97	Spectrogram 1	1	396.704	396.704101389	397.504446896	0.800	1781.2	2812.5	1968.8	34.3	50.6	65.8	396.704	/Users/mary/Desktop/listens_20180309/completed_listens/file5e57506b624b.wav	file5e57506b624b.wav	396.704	1528.7	3286.6	CLNU	
98	Spectrogram 1	1	400.021	400.020659525	401.633476986	1.613	1875.0	3093.8	2531.2	28.1	44.5	61.7	400.021	/Users/mary/Desktop/listens_20180309/completed_listens/file5e57506b624b.wav	file5e57506b624b.wav	400.021	1872.6	3210.2	AMRO	
99	Spectrogram 1	1	405.773	405.773040612	406.779535719	1.006	1968.8	3093.8	2437.5	26.9	38.3	57.8	405.773	/Users/mary/Desktop/listens_20180309/completed_listens/file5e57506b624b.wav	file5e57506b624b.wav	405.773	1949.0	3172.0	AMRO	
100	Spectrogram 1	1	410.113	410.112564913	411.555612116	1.443	1875.0	3187.5	2531.2	26.9	37.1	60.2	410.113	/Users/mary/Desktop/listens_20180309/completed_listens/file5e57506b624b.wav	file5e57506b624b.wav	410.113	1796.2	3324.8	AMRO	
101	Spectrogram 1	1	420.575	420.575000989	421.399599391	0.825	1406.2	2531.2	1875.0	35.8	53.6	67.9	420.575	/Users/mary/Desktop/listens_20180309/completed_listens/file5e57506b624b.wav	file5e57506b624b.wav	420.575	1146.5	3095.5	CLNU	
102	Spectrogram 1	1	419.156	419.156206681	420.296092707	1.140	1687.5	3187.5	2437.5	27.5	39.9	60.3	419.156	/Users/mary/Desktop/listens_20180309/completed_listens/file5e57506b624b.wav	file5e57506b624b.wav	419.156	1681.5	3286.6	AMRO	
103	Spectrogram 1	1	416.670	416.670285030	417.021951995	0.352	2250.0	3187.5	2625.0	27.2	37.5	52.8	416.670	/Users/mary/Desktop/listens_20180309/completed_listens/file5e57506b624b.wav	file5e57506b624b.wav	416.670	2216.6	3210.2	AMRO	
104	Spectrogram 1	1	430.059	430.059045527	430.653241434	0.594	1312.5	2812.5	1968.8	29.8	40.3	59.8	430.059	/Users/mary/Desktop/listens_20180309/completed_listens/file5e57506b624b.wav	file5e57506b624b.wav	430.059	1261.1	2980.9	CLNU	
105	Spectrogram 1	1	430.726	430.726000117	430.992781952	0.267	2156.2	3093.8	2625.0	28.8	40.0	53.6	430.726	/Users/mary/Desktop/listens_20180309/completed_listens/file5e57506b624b.wav	file5e57506b624b.wav	430.726	2101.9	3248.4	AMRO	
106	Spectrogram 1	1	434.594	434.594336735	435.285544218	0.691	1218.8	3281.2	2062.5	30.0	41.7	62.1	434.594	/Users/mary/Desktop/listens_20180309/completed_listens/file5e57506b624b.wav	file5e57506b624b.wav	434.594	1184.7	3515.9	CLNU	
107	Spectrogram 1	1	436.644	436.643706291	437.322787328	0.679	1500.0	3937.5	2343.8	28.0	40.2	60.7	436.644	/Users/mary/Desktop/listens_20180309/completed_listens/file5e57506b624b.wav	file5e57506b624b.wav	436.644	1490.4	4165.6	CLNU	
108	Spectrogram 1	1	442.329	442.329296423	443.044756801	0.715	1687.5	2906.2	2062.5	33.1	50.9	64.4	442.329	/Users/mary/Desktop/listens_20180309/completed_listens/file5e57506b624b.wav	file5e57506b624b.wav	442.329	1414.0	3324.8	CLNU	
109	Spectrogram 1	1	447.241	447.240507490	448.028726550	0.788	1406.2	2437.5	1968.8	31.4	41.4	60.9	447.241	/Users/mary/Desktop/listens_20180309/completed_listens/file5e57506b624b.wav	file5e57506b624b.wav	447.241	1337.6	2522.3	CLNU	
110	Spectrogram 1	1	449.597	449.597150590	450.336863862	0.740	1500.0	2625.0	1875.0	31.9	47.2	62.7	449.597	/Users/mary/Desktop/listens_20180309/completed_listens/file5e57506b624b.wav	file5e57506b624b.wav	449.597	1337.6	2980.9	CLNU	
111	Spectrogram 1	1	454.993	454.993419540	455.781638600	0.788	1593.8	2531.2	1875.0	34.1	49.4	64.6	454.993	/Users/mary/Desktop/listens_20180309/completed_listens/file5e57506b624b.wav	file5e57506b624b.wav	454.993	1452.2	2828.0	CLNU	
112	Spectrogram 1	1	457.888	457.888477262	458.579684745	0.691	1312.5	3093.8	2062.5	28.7	38.7	60.2	457.888	/Users/mary/Desktop/listens_20180309/completed_listens/file5e57506b624b.wav	file5e57506b624b.wav	457.888	1299.4	3324.8	CLNU	
113	Spectrogram 1	1	460.593	460.592674961	461.950837033	1.358	1406.2	3281.2	1968.8	31.4	49.9	66.5	460.593	/Users/mary/Desktop/listens_20180309/completed_listens/file5e57506b624b.wav	file5e57506b624b.wav	460.593	1261.1	3707.0	CLNU	
114	Spectrogram 1	1	464.170	464.169976849	465.346242216	1.176	1593.8	2718.8	1968.8	31.0	47.2	63.4	464.170	/Users/mary/Desktop/listens_20180309/completed_listens/file5e57506b624b.wav	file5e57506b624b.wav	464.170	1490.4	2942.7	CLNU	
115	Spectrogram 1	1	474.930	474.929581406	476.433260843	1.504	1500.0	3000.0	2156.2	27.9	38.6	62.0	474.930	/Users/mary/Desktop/listens_20180309/completed_listens/file5e57506b624b.wav	file5e57506b624b.wav	474.930	1414.0	3095.5	CLNU	
116	Spectrogram 1	1	476.885	476.884695977	477.296995178	0.412	4312.5	5250.0	4781.2	26.8	39.1	53.5	476.885	/Users/mary/Desktop/listens_20180309/completed_listens/file5e57506b624b.wav	file5e57506b624b.wav	476.885	4242.0	5350.3	ROWR	
117	Spectrogram 1	1	478.716	478.715789486	479.212973817	0.497	4406.2	5531.2	4875.0	26.9	39.3	54.7	478.716	/Users/mary/Desktop/listens_20180309/completed_listens/file5e57506b624b.wav	file5e57506b624b.wav	478.716	4356.7	5541.4	ROWR	
118	Spectrogram 1	1	487.840	487.839941958	488.688793253	0.849	1687.5	2906.2	2156.2	28.9	42.7	60.0	487.840	/Users/mary/Desktop/listens_20180309/completed_listens/file5e57506b624b.wav	file5e57506b624b.wav	487.840	1566.9	3019.1	CLNU	
119	Spectrogram 1	1	490.537	490.536559291	491.908510165	1.372	1781.2	3187.5	2437.5	28.5	41.8	61.9	490.537	/Users/mary/Desktop/listens_20180309/completed_listens/file5e57506b624b.wav	file5e57506b624b.wav	490.537	1758.0	3363.1	AMRO	whinny
120	Spectrogram 1	1	506.214	506.213905260	507.825947537	1.612	1593.8	2625.0	2062.5	30.0	47.1	62.9	506.214	/Users/mary/Desktop/listens_20180309/completed_listens/file5e57506b624b.wav	file5e57506b624b.wav	506.214	1566.9	2751.6	CLNU	
121	Spectrogram 1	1	497.676	497.675802186	497.812997274	0.137	6375.0	7500.0	6937.5	28.2	44.2	50.9	497.676	/Users/mary/Desktop/listens_20180309/completed_listens/file5e57506b624b.wav	file5e57506b624b.wav	497.676	6191.1	7681.5	UNK2	WCSP call? OCWA?
122	Spectrogram 1	1	502.311	502.311388397	503.528994798	1.218	3562.5	4500.0	4031.2	26.4	39.7	57.4	502.311	/Users/mary/Desktop/listens_20180309/completed_listens/file5e57506b624b.wav	file5e57506b624b.wav	502.311	3477.7	4586.0	UNK3	
123	Spectrogram 1	1	507.819	507.819352149	509.585738899	1.766	3562.5	4593.8	4031.2	27.4	43.2	60.4	507.819	/Users/mary/Desktop/listens_20180309/completed_listens/file5e57506b624b.wav	file5e57506b624b.wav	507.819	3477.7	4662.4	UNK3	
124	Spectrogram 1	1	515.989	515.988838637	518.123937184	2.135	3375.0	5625.0	4125.0	27.4	45.7	65.0	515.989	/Users/mary/Desktop/listens_20180309/completed_listens/file5e57506b624b.wav	file5e57506b624b.wav	515.989	3095.5	5885.4	UNK3	
125	Spectrogram 1	1	559.615	559.614811269	562.135771000	2.521	1406.2	2812.5	2156.2	35.1	49.1	72.6	559.615	/Users/mary/Desktop/listens_20180309/completed_listens/file5e57506b624b.wav	file5e57506b624b.wav	559.615	1146.5	3439.5	CLNU	
126	Spectrogram 1	1	562.419	562.418735868	563.233331699	0.815	3000.0	4031.2	3468.8	28.2	41.5	58.5	562.419	/Users/mary/Desktop/listens_20180309/completed_listens/file5e57506b624b.wav	file5e57506b624b.wav	562.419	2866.2	4203.8	PIKA	
127	Spectrogram 1	1	570.369	570.368851971	574.484704593	4.116	1406.2	3281.2	2343.8	31.3	47.7	71.2	570.369	/Users/mary/Desktop/listens_20180309/completed_listens/file5e57506b624b.wav	file5e57506b624b.wav	570.369	1261.1	3592.4	CLNU	
128	Spectrogram 1	1	575.771	575.770908537	577.194307569	1.423	1500.0	3281.2	2343.8	32.1	46.3	67.1	575.771	/Users/mary/Desktop/listens_20180309/completed_listens/file5e57506b624b.wav	file5e57506b624b.wav	575.771	1375.8	3630.6	CLNU	
129	Spectrogram 1	1	573.370	573.369994508	573.515764288	0.146	6281.2	7125.0	6656.2	29.2	42.4	50.7	573.370	/Users/mary/Desktop/listens_20180309/completed_listens/file5e57506b624b.wav	file5e57506b624b.wav	573.370	6229.3	7184.7	UNK2	
130	Spectrogram 1	1	570.369	570.368851971	570.583219295	0.214	3750.0	4968.8	4500.0	26.8	37.6	51.6	570.369	/Users/mary/Desktop/listens_20180309/completed_listens/file5e57506b624b.wav	file5e57506b624b.wav	570.369	3668.8	5082.8	YRWA	*
131	Spectrogram 1	1	586.920	586.920178544	587.065948324	0.146	5906.2	6750.0	6281.2	26.2	36.4	47.6	586.920	/Users/mary/Desktop/listens_20180309/completed_listens/file5e57506b624b.wav	file5e57506b624b.wav	586.920	5885.4	6802.5	UNK2	
132	Spectrogram 1	1	591.310	591.310421340	591.884925769	0.575	1312.5	3187.5	1875.0	31.1	47.2	62.5	591.310	/Users/mary/Desktop/listens_20180309/completed_listens/file5e57506b624b.wav	file5e57506b624b.wav	591.310	1184.7	3592.4	CLNU	
