Selection	View	Channel	Begin Clock Time	Begin Time (s)	End Time (s)	Delta Time (s)	Freq 5% (Hz)	Freq 95% (Hz)	Center Freq (Hz)	Avg Power (dB)	Max Power (dB)	Energy (dB)	Begin Date Time	Begin Path	Begin File	File Offset (s)	Low Freq (Hz)	High Freq (Hz)	ID	NOTES
1	Spectrogram 1	1	1.477	1.476544010	2.901401542	1.425	1687.5	3093.8	2343.8	27.6	38.8	61.1	1.477	/Users/mary/Desktop/listens_20180309/file5e57275d166d.wav	file5e57275d166d.wav	1.477	1625.8	3251.6	CLNU	
2	Spectrogram 1	1	5.884	5.884101744	6.587435675	0.703	1406.2	2625.0	1968.8	27.5	37.2	57.5	5.884	/Users/mary/Desktop/listens_20180309/file5e57275d166d.wav	file5e57275d166d.wav	5.884	1316.1	2748.4	CLNU	
3	Spectrogram 1	1	18.740	18.740149971	19.095281635	0.355	4031.2	5812.5	4875.0	26.1	36.1	54.5	18.740	/Users/mary/Desktop/listens_20180309/file5e57275d166d.wav	file5e57275d166d.wav	18.740	4000.0	5961.8	ROWR	*AMPI
4	Spectrogram 1	1	24.534	24.533540467	24.648958258	0.115	3093.8	4218.8	3562.5	26.7	36.1	48.0	24.534	/Users/mary/Desktop/listens_20180309/file5e57275d166d.wav	file5e57275d166d.wav	24.534	3082.8	4305.7	UNK1	
5	Spectrogram 1	1	55.363	55.362821338	55.660244107	0.297	3375.0	5062.5	4312.5	26.3	40.0	54.0	55.363	/Users/mary/Desktop/listens_20180309/file5e57275d166d.wav	file5e57275d166d.wav	55.363	3210.2	5197.5	ROWR	*AMPI
6	Spectrogram 1	1	58.370	58.369821338	58.671683253	0.302	3843.8	5531.2	4593.8	26.5	38.8	54.0	58.370	/Users/mary/Desktop/listens_20180309/file5e57275d166d.wav	file5e57275d166d.wav	58.370	3770.7	5681.5	ROWR	*AMPI
7	Spectrogram 1	1	60.126	60.126352046	60.743393313	0.617	1406.2	4031.2	2625.0	28.1	44.5	60.8	60.126	/Users/mary/Desktop/listens_20180309/file5e57275d166d.wav	file5e57275d166d.wav	60.126	1248.4	4254.8	PIKA	
8	Spectrogram 1	1	64.414	64.414315133	65.177848211	0.764	2625.0	4875.0	3656.2	26.1	38.3	58.9	64.414	/Users/mary/Desktop/listens_20180309/file5e57275d166d.wav	file5e57275d166d.wav	64.414	2445.9	5019.1	AMPI	*
9	Spectrogram 1	1	69.456	69.456009881	69.797824108	0.342	3937.5	5250.0	4687.5	26.2	37.3	53.5	69.456	/Users/mary/Desktop/listens_20180309/file5e57275d166d.wav	file5e57275d166d.wav	69.456	3770.7	5426.8	ROWR	*AMPI
10	Spectrogram 1	1	71.697	71.697440920	71.883885043	0.186	2250.0	4031.2	3093.8	28.3	41.0	54.3	71.697	/Users/mary/Desktop/listens_20180309/file5e57275d166d.wav	file5e57275d166d.wav	71.697	2089.2	4280.3	PIKA	
11	Spectrogram 1	1	110.812	110.812129016	111.105112639	0.293	6187.5	8343.8	7218.8	27.2	38.8	55.7	110.812	/Users/mary/Desktop/listens_20180309/file5e57275d166d.wav	file5e57275d166d.wav	110.812	6063.7	8458.6	UNK2	
12	Spectrogram 1	1	116.462	116.461778025	117.163163063	0.701	4125.0	6281.2	5250.0	26.1	41.2	58.4	116.462	/Users/mary/Desktop/listens_20180309/file5e57275d166d.wav	file5e57275d166d.wav	116.462	3949.0	6420.4	ROWR	*AMPI
13	Spectrogram 1	1	74.188	74.188099154	77.188099154	3.000	1875.0	10875.0	7218.8	26.6	39.4	71.3	74.188	/Users/mary/Desktop/listens_20180309/file5e57275d166d.wav	file5e57275d166d.wav	74.188	1413.0	11220.0	background	
14	Spectrogram 1	1	122.204	122.204449108	122.492993585	0.289	3843.8	5625.0	4687.5	26.3	37.7	54.0	122.204	/Users/mary/Desktop/listens_20180309/file5e57275d166d.wav	file5e57275d166d.wav	122.204	3745.2	5783.4	ROWR	*AMPI
15	Spectrogram 1	1	125.443	125.442617461	125.771114251	0.328	3750.0	5250.0	4687.5	27.8	42.9	55.5	125.443	/Users/mary/Desktop/listens_20180309/file5e57275d166d.wav	file5e57275d166d.wav	125.443	3566.9	5401.3	ROWR	*AMPI
16	Spectrogram 1	1	136.846	136.846023650	139.846023650	3.000	1781.2	10968.8	7218.8	26.7	38.0	71.4	136.846	/Users/mary/Desktop/listens_20180309/file5e57275d166d.wav	file5e57275d166d.wav	136.846	1413.0	11220.0	background	
17	Spectrogram 1	1	141.820	141.820218214	141.971149172	0.151	1406.2	2156.2	1781.2	28.9	39.1	50.4	141.820	/Users/mary/Desktop/listens_20180309/file5e57275d166d.wav	file5e57275d166d.wav	141.820	1401.3	2318.5	MOBL	
18	Spectrogram 1	1	150.550	150.549778025	150.989253460	0.439	4031.2	6093.8	4687.5	27.5	43.8	57.9	150.550	/Users/mary/Desktop/listens_20180309/file5e57275d166d.wav	file5e57275d166d.wav	150.550	3821.7	6293.0	ROWR	*AMPI
19	Spectrogram 1	1	152.924	152.923843614	153.039261405	0.115	3937.5	4968.8	4218.8	28.4	43.4	50.1	152.924	/Users/mary/Desktop/listens_20180309/file5e57275d166d.wav	file5e57275d166d.wav	152.924	3770.7	5121.0	UNK1	
20	Spectrogram 1	1	153.630	153.629667797	154.464227209	0.835	1406.2	2531.2	1968.8	30.5	41.6	60.9	153.630	/Users/mary/Desktop/listens_20180309/file5e57275d166d.wav	file5e57275d166d.wav	153.630	1375.8	2675.2	CLNU	
21	Spectrogram 1	1	155.356	155.356495516	155.729383763	0.373	3656.2	6750.0	5062.5	26.6	39.3	57.8	155.356	/Users/mary/Desktop/listens_20180309/file5e57275d166d.wav	file5e57275d166d.wav	155.356	3414.0	6879.0	ROWR	*AMPI
22	Spectrogram 1	1	159.208	159.208279109	159.297062025	0.089	3468.8	5156.2	4218.8	29.6	44.7	52.3	159.208	/Users/mary/Desktop/listens_20180309/file5e57275d166d.wav	file5e57275d166d.wav	159.208	3235.7	5324.8	UNK1	
23	Spectrogram 1	1	161.452	161.452086550	162.397624606	0.946	1312.5	2437.5	1968.8	31.9	43.1	62.8	161.452	/Users/mary/Desktop/listens_20180309/file5e57275d166d.wav	file5e57275d166d.wav	161.452	1248.4	2624.2	CLNU	
24	Spectrogram 1	1	162.429	162.428698627	162.801586875	0.373	3843.8	5718.8	4593.8	27.6	48.9	56.7	162.429	/Users/mary/Desktop/listens_20180309/file5e57275d166d.wav	file5e57275d166d.wav	162.429	3694.3	5885.4	ROWR	*AMPI
25	Spectrogram 1	1	166.590	166.589840722	167.486548175	0.897	1500.0	2531.2	1968.8	30.3	41.8	60.7	166.590	/Users/mary/Desktop/listens_20180309/file5e57275d166d.wav	file5e57275d166d.wav	166.590	1477.7	2700.6	CLNU	
26	Spectrogram 1	1	168.468	168.467599398	168.831609354	0.364	4031.2	5625.0	4687.5	27.1	45.9	55.5	168.468	/Users/mary/Desktop/listens_20180309/file5e57275d166d.wav	file5e57275d166d.wav	168.468	3898.1	5732.5	ROWR	*AMPI
27	Spectrogram 1	1	170.196	170.195788503	170.422184939	0.226	3187.5	5437.5	4218.8	26.3	41.5	53.9	170.196	/Users/mary/Desktop/listens_20180309/file5e57275d166d.wav	file5e57275d166d.wav	170.196	3006.4	5554.1	ROWR	*AMPI
28	Spectrogram 1	1	173.048	173.047758919	173.229763897	0.182	1406.2	2437.5	1875.0	29.1	40.4	52.6	173.048	/Users/mary/Desktop/listens_20180309/file5e57275d166d.wav	file5e57275d166d.wav	173.048	1350.3	2573.2	MOBL	
29	Spectrogram 1	1	198.575	198.574944008	198.654848633	0.080	3937.5	7687.5	5718.8	29.0	43.9	54.3	198.575	/Users/mary/Desktop/listens_20180309/file5e57275d166d.wav	file5e57275d166d.wav	198.575	3592.4	7949.0	UNK3	soft smack
30	Spectrogram 1	1	189.069	189.068865968	189.170966321	0.102	4406.2	7312.5	5906.2	29.0	43.9	54.4	189.069	/Users/mary/Desktop/listens_20180309/file5e57275d166d.wav	file5e57275d166d.wav	189.069	4051.0	7515.9	UNK3	soft smack
31	Spectrogram 1	1	200.993	200.993245550	202.107471147	1.114	1406.2	3000.0	2156.2	38.4	52.6	73.6	200.993	/Users/mary/Desktop/listens_20180309/file5e57275d166d.wav	file5e57275d166d.wav	200.993	993.6	3949.0	CLNU	
32	Spectrogram 1	1	202.964	202.964222671	203.168423378	0.204	3843.8	5250.0	4593.8	26.7	38.5	52.2	202.964	/Users/mary/Desktop/listens_20180309/file5e57275d166d.wav	file5e57275d166d.wav	202.964	3719.7	5401.3	ROWR	*AMPI
33	Spectrogram 1	1	209.757	209.757088236	210.831361521	1.074	1781.2	2812.5	2062.5	42.3	58.0	77.4	209.757	/Users/mary/Desktop/listens_20180309/file5e57275d166d.wav	file5e57275d166d.wav	209.757	993.6	3974.5	CLNU	
34	Spectrogram 1	1	213.120	213.120240253	213.444297897	0.324	1687.5	6187.5	3750.0	27.9	41.1	60.0	213.120	/Users/mary/Desktop/listens_20180309/file5e57275d166d.wav	file5e57275d166d.wav	213.120	1426.8	6522.3	PIKA	
35	Spectrogram 1	1	214.385	214.385396808	215.406400343	1.021	1687.5	2812.5	2062.5	42.6	57.4	76.8	214.385	/Users/mary/Desktop/listens_20180309/file5e57275d166d.wav	file5e57275d166d.wav	214.385	815.3	3388.5	CLNU	
36	Spectrogram 1	1	216.755	216.755194489	216.843977405	0.089	4875.0	7781.2	6375.0	28.4	41.5	53.3	216.755	/Users/mary/Desktop/listens_20180309/file5e57275d166d.wav	file5e57275d166d.wav	216.755	4586.0	8025.5	UNK3	soft smack
37	Spectrogram 1	1	217.337	217.336722590	218.326652104	0.990	1593.8	2906.2	2062.5	41.5	57.2	76.2	217.337	/Users/mary/Desktop/listens_20180309/file5e57275d166d.wav	file5e57275d166d.wav	217.337	764.3	3796.2	CLNU	
39	Spectrogram 1	1	227.788	227.787732586	228.267160333	0.479	2250.0	6656.2	3656.2	29.4	48.8	63.5	227.788	/Users/mary/Desktop/listens_20180309/file5e57275d166d.wav	file5e57275d166d.wav	227.788	1834.4	7210.2	PIKA	
40	Spectrogram 1	1	231.643	231.642593939	231.758011730	0.115	3000.0	6375.0	4500.0	28.8	45.0	55.6	231.643	/Users/mary/Desktop/listens_20180309/file5e57275d166d.wav	file5e57275d166d.wav	231.643	2700.6	6675.2	UNK3	soft smack
41	Spectrogram 1	1	235.596	235.596139778	236.812465729	1.216	1687.5	2812.5	2062.5	34.5	48.6	68.1	235.596	/Users/mary/Desktop/listens_20180309/file5e57275d166d.wav	file5e57275d166d.wav	235.596	1426.8	3337.6	CLNU	
42	Spectrogram 1	1	241.293	241.292887008	242.487017229	1.194	1406.2	2812.5	1968.8	36.5	49.4	70.8	241.293	/Users/mary/Desktop/listens_20180309/file5e57275d166d.wav	file5e57275d166d.wav	241.293	1095.5	3286.6	CLNU	
43	Spectrogram 1	1	241.581	241.581431485	241.865536817	0.284	2156.2	6093.8	2906.2	31.6	46.1	62.7	241.581	/Users/mary/Desktop/listens_20180309/file5e57275d166d.wav	file5e57275d166d.wav	241.581	2063.7	6675.2	PIKA	
44	Spectrogram 1	1	251.666	251.666074467	251.781492258	0.115	3937.5	5343.8	4687.5	27.3	42.3	50.2	251.666	/Users/mary/Desktop/listens_20180309/file5e57275d166d.wav	file5e57275d166d.wav	251.666	3796.2	5503.2	UNK3	
45	Spectrogram 1	1	285.008	285.007898088	285.176585629	0.169	1968.8	3562.5	2906.2	27.9	40.6	52.9	285.008	/Users/mary/Desktop/listens_20180309/file5e57275d166d.wav	file5e57275d166d.wav	285.008	1834.4	3694.3	PIKA	*GCRF
46	Spectrogram 1	1	287.277	287.276983148	287.498940439	0.222	6281.2	7593.8	6843.8	29.0	43.6	54.8	287.277	/Users/mary/Desktop/listens_20180309/file5e57275d166d.wav	file5e57275d166d.wav	287.277	6012.7	7770.7	WCSP	
47	Spectrogram 1	1	289.877	289.876927625	293.224043562	3.347	5625.0	7312.5	6375.0	27.0	47.3	65.2	289.877	/Users/mary/Desktop/listens_20180309/file5e57275d166d.wav	file5e57275d166d.wav	289.877	5503.2	7414.0	WCSP	
48	Spectrogram 1	1	295.267	295.267403066	295.813418000	0.546	5718.8	7125.0	6375.0	26.8	41.8	56.5	295.267	/Users/mary/Desktop/listens_20180309/file5e57275d166d.wav	file5e57275d166d.wav	295.267	5579.6	7235.7	WCSP	
49	Spectrogram 1	1	297.558	297.558002302	297.864303362	0.306	6093.8	7593.8	6750.0	27.9	43.8	55.0	297.558	/Users/mary/Desktop/listens_20180309/file5e57275d166d.wav	file5e57275d166d.wav	297.558	5936.3	7643.3	WCSP	
50	Spectrogram 1	1	298.570	298.570094657	299.449045527	0.879	6187.5	9187.5	7031.2	29.0	51.4	63.9	298.570	/Users/mary/Desktop/listens_20180309/file5e57275d166d.wav	file5e57275d166d.wav	298.570	5834.4	9452.2	WCSP	
51	Spectrogram 1	1	300.177	300.177065439	300.288044084	0.111	6281.2	8156.2	6843.8	29.7	43.8	53.7	300.177	/Users/mary/Desktop/listens_20180309/file5e57275d166d.wav	file5e57275d166d.wav	300.177	6063.7	8331.2	WCSP	
52	Spectrogram 1	1	301.087	301.087090329	301.184751537	0.098	6375.0	8625.0	6750.0	33.0	51.8	58.1	301.087	/Users/mary/Desktop/listens_20180309/file5e57275d166d.wav	file5e57275d166d.wav	301.087	5961.8	9146.5	WCSP	
53	Spectrogram 1	1	301.820	301.819549387	301.930528032	0.111	6093.8	8156.2	6468.8	31.7	50.1	56.2	301.820	/Users/mary/Desktop/listens_20180309/file5e57275d166d.wav	file5e57275d166d.wav	301.820	5783.4	8382.2	WCSP	
55	Spectrogram 1	1	303.148	303.148344941	303.228249566	0.080	2718.8	7218.8	5343.8	30.9	47.0	57.2	303.148	/Users/mary/Desktop/listens_20180309/file5e57275d166d.wav	file5e57275d166d.wav	303.148	2293.0	7668.8	UNK3	soft smack DEJU?
56	Spectrogram 1	1	308.237	308.236592293	308.316496918	0.080	3656.2	6468.8	5062.5	29.7	45.7	54.0	308.237	/Users/mary/Desktop/listens_20180309/file5e57275d166d.wav	file5e57275d166d.wav	308.237	3363.1	6726.1	UNK3	*DEJU
57	Spectrogram 1	1	309.639	309.639017026	310.331523772	0.693	1781.2	3843.8	3093.8	29.9	45.5	62.5	309.639	/Users/mary/Desktop/listens_20180309/file5e57275d166d.wav	file5e57275d166d.wav	309.639	1579.6	4152.9	PIKA	*weird
58	Spectrogram 1	1	325.543	325.542659690	325.906669646	0.364	1687.5	4781.2	3187.5	28.0	44.0	59.2	325.543	/Users/mary/Desktop/listens_20180309/file5e57275d166d.wav	file5e57275d166d.wav	325.543	1426.8	5121.0	PIKA	
59	Spectrogram 1	1	353.645	353.644661011	353.888814030	0.244	3937.5	5531.2	4875.0	27.5	46.8	54.1	353.645	/Users/mary/Desktop/listens_20180309/file5e57275d166d.wav	file5e57275d166d.wav	353.645	3770.7	5707.0	ROWR	*AMPI
60	Spectrogram 1	1	356.438	356.437565276	356.801575232	0.364	3843.8	5343.8	4781.2	27.6	40.0	55.7	356.438	/Users/mary/Desktop/listens_20180309/file5e57275d166d.wav	file5e57275d166d.wav	356.438	3694.3	5503.2	ROWR	*AMPI
61	Spectrogram 1	1	359.892	359.891890902	360.211509400	0.320	3937.5	5343.8	4781.2	29.2	45.2	57.0	359.892	/Users/mary/Desktop/listens_20180309/file5e57275d166d.wav	file5e57275d166d.wav	359.892	3719.7	5554.1	ROWR	*
62	Spectrogram 1	1	362.653	362.653380628	362.977438271	0.324	4031.2	5718.8	4875.0	27.1	40.6	55.2	362.653	/Users/mary/Desktop/listens_20180309/file5e57275d166d.wav	file5e57275d166d.wav	362.653	3872.6	5834.4	ROWR	*AMPI
63	Spectrogram 1	1	364.895	364.895149260	365.245841778	0.351	3937.5	6281.2	4781.2	28.2	41.8	58.2	364.895	/Users/mary/Desktop/listens_20180309/file5e57275d166d.wav	file5e57275d166d.wav	364.895	3668.8	6522.3	ROWR	*AMPI
64	Spectrogram 1	1	367.847	367.847129219	368.242213196	0.395	3843.8	6093.8	4968.8	27.5	46.8	57.7	367.847	/Users/mary/Desktop/listens_20180309/file5e57275d166d.wav	file5e57275d166d.wav	367.847	3617.8	6191.1	ROWR	*AMPI
65	Spectrogram 1	1	376.457	376.457338317	376.772517670	0.315	4218.8	5625.0	4875.0	27.0	39.7	54.2	376.457	/Users/mary/Desktop/listens_20180309/file5e57275d166d.wav	file5e57275d166d.wav	376.457	4076.4	5783.4	ROWR	*AMPI
66	Spectrogram 1	1	380.428	380.428301426	380.756798215	0.328	3937.5	5718.8	4875.0	26.9	42.2	55.2	380.428	/Users/mary/Desktop/listens_20180309/file5e57275d166d.wav	file5e57275d166d.wav	380.428	3796.2	5859.9	ROWR	*AMPI
67	Spectrogram 1	1	383.234	383.233841575	383.593412385	0.360	3750.0	6093.8	4875.0	26.6	39.7	56.3	383.234	/Users/mary/Desktop/listens_20180309/file5e57275d166d.wav	file5e57275d166d.wav	383.234	3643.3	6191.1	ROWR	*AMPI
68	Spectrogram 1	1	385.181	385.180888173	385.509384962	0.328	3656.2	5812.5	4875.0	26.9	44.8	56.2	385.181	/Users/mary/Desktop/listens_20180309/file5e57275d166d.wav	file5e57275d166d.wav	385.181	3465.0	6063.7	ROWR	*AMPI
69	Spectrogram 1	1	385.975	385.975495272	386.485997039	0.511	2343.8	3562.5	2906.2	26.8	38.8	55.1	385.975	/Users/mary/Desktop/listens_20180309/file5e57275d166d.wav	file5e57275d166d.wav	385.975	2267.5	3617.8	PIKA	
70	Spectrogram 1	1	386.961	386.960985641	387.249530118	0.289	3656.2	5718.8	4593.8	26.6	39.8	55.0	386.961	/Users/mary/Desktop/listens_20180309/file5e57275d166d.wav	file5e57275d166d.wav	386.961	3414.0	5859.9	ROWR	*AMPI
71	Spectrogram 1	1	389.984	389.984363445	390.312860234	0.328	4406.2	5812.5	5062.5	26.8	40.4	54.2	389.984	/Users/mary/Desktop/listens_20180309/file5e57275d166d.wav	file5e57275d166d.wav	389.984	4229.3	5987.3	ROWR	*AMPI
72	Spectrogram 1	1	392.564	392.563507158	392.923077968	0.360	3843.8	5531.2	4687.5	27.0	37.8	55.6	392.564	/Users/mary/Desktop/listens_20180309/file5e57275d166d.wav	file5e57275d166d.wav	392.564	3745.2	5656.1	ROWR	*AMPI
73	Spectrogram 1	1	393.582	393.582088317	393.946098274	0.364	2531.2	3375.0	2812.5	28.4	41.2	54.1	393.582	/Users/mary/Desktop/listens_20180309/file5e57275d166d.wav	file5e57275d166d.wav	393.582	2369.4	3439.5	UNK4	*PIKA?
74	Spectrogram 1	1	396.566	396.566213961	396.899149896	0.333	4031.2	5531.2	4781.2	26.7	39.6	54.4	396.566	/Users/mary/Desktop/listens_20180309/file5e57275d166d.wav	file5e57275d166d.wav	396.566	3872.6	5630.6	ROWR	*AMPI
75	Spectrogram 1	1	407.856	407.856241858	408.184738648	0.328	3750.0	5718.8	4875.0	26.8	44.8	55.5	407.856	/Users/mary/Desktop/listens_20180309/file5e57275d166d.wav	file5e57275d166d.wav	407.856	3617.8	5885.4	ROWR	*AMPI
76	Spectrogram 1	1	411.665	411.665028960	411.958012583	0.293	4031.2	5531.2	4781.2	28.6	44.1	56.2	411.665	/Users/mary/Desktop/listens_20180309/file5e57275d166d.wav	file5e57275d166d.wav	411.665	3821.7	5783.4	ROWR	*AMPI
77	Spectrogram 1	1	435.700	435.699718939	435.775184418	0.075	4125.0	5812.5	5062.5	31.6	45.3	54.2	435.700	/Users/mary/Desktop/listens_20180309/file5e57275d166d.wav	file5e57275d166d.wav	435.700	3796.2	6267.5	UNK1	*AMPI
81	Spectrogram 1	1	443.703	443.703255628	443.778721106	0.075	4218.8	5437.5	4875.0	28.8	40.5	49.8	443.703	/Users/mary/Desktop/listens_20180309/file5e57275d166d.wav	file5e57275d166d.wav	443.703	3949.0	5630.6	UNK1	
82	Spectrogram 1	1	461.813	461.813465004	462.288453605	0.475	1781.2	3562.5	2531.2	27.0	38.9	56.9	461.813	/Users/mary/Desktop/listens_20180309/file5e57275d166d.wav	file5e57275d166d.wav	461.813	1656.1	3694.3	PIKA	
83	Spectrogram 1	1	481.948	481.947902138	482.689239488	0.741	2625.0	3562.5	3093.8	26.8	37.1	55.6	481.948	/Users/mary/Desktop/listens_20180309/file5e57275d166d.wav	file5e57275d166d.wav	481.948	2598.7	3592.4	UNK4	meep meep meep
84	Spectrogram 1	1	483.113	483.113395359	483.441892148	0.328	6375.0	8343.8	7125.0	27.9	45.0	56.7	483.113	/Users/mary/Desktop/listens_20180309/file5e57275d166d.wav	file5e57275d166d.wav	483.113	6216.6	8509.6	WCSP	
87	Spectrogram 1	1	484.020	484.020115253	484.095580732	0.075	6000.0	7031.2	6468.8	28.6	41.8	47.9	484.020	/Users/mary/Desktop/listens_20180309/file5e57275d166d.wav	file5e57275d166d.wav	484.020	5936.3	7082.8	WCSP	
88	Spectrogram 1	1	491.272	491.272255262	491.374355615	0.102	6281.2	7500.0	6750.0	29.8	45.8	52.1	491.272	/Users/mary/Desktop/listens_20180309/file5e57275d166d.wav	file5e57275d166d.wav	491.272	6012.7	7745.2	WCSP	
89	Spectrogram 1	1	492.888	492.888104335	492.994643835	0.107	6375.0	7968.8	6750.0	30.2	46.3	53.4	492.888	/Users/mary/Desktop/listens_20180309/file5e57275d166d.wav	file5e57275d166d.wav	492.888	6216.6	8203.8	WCSP	
90	Spectrogram 1	1	494.937	494.937278147	495.026061063	0.089	6093.8	7406.2	6562.5	29.5	44.8	51.4	494.937	/Users/mary/Desktop/listens_20180309/file5e57275d166d.wav	file5e57275d166d.wav	494.937	5987.3	7668.8	WCSP	
91	Spectrogram 1	1	501.140	501.140417154	503.475407848	2.335	6000.0	8250.0	6843.8	27.4	50.4	65.3	501.140	/Users/mary/Desktop/listens_20180309/file5e57275d166d.wav	file5e57275d166d.wav	501.140	5783.4	8356.7	WCSP	
93	Spectrogram 1	1	504.274	504.274454093	504.425385050	0.151	6000.0	8062.5	6468.8	30.1	48.4	56.1	504.274	/Users/mary/Desktop/listens_20180309/file5e57275d166d.wav	file5e57275d166d.wav	504.274	5681.5	8305.7	WCSP	fledgling
94	Spectrogram 1	1	504.683	504.682855507	504.935886818	0.253	6750.0	9656.2	7781.2	29.9	43.2	59.2	504.683	/Users/mary/Desktop/listens_20180309/file5e57275d166d.wav	file5e57275d166d.wav	504.683	6471.3	9859.9	WCSP	fledgling
95	Spectrogram 1	1	505.358	505.357605669	505.588441251	0.231	6281.2	8812.5	7312.5	29.4	46.4	57.8	505.358	/Users/mary/Desktop/listens_20180309/file5e57275d166d.wav	file5e57275d166d.wav	505.358	6063.7	9019.1	WCSP	fledgling
96	Spectrogram 1	1	506.318	506.317624403	506.437481340	0.120	6468.8	7687.5	7125.0	29.3	43.2	52.4	506.318	/Users/mary/Desktop/listens_20180309/file5e57275d166d.wav	file5e57275d166d.wav	506.318	6216.6	7923.6	WCSP	fledgling
97	Spectrogram 1	1	507.871	507.871325435	508.079965288	0.209	6468.8	9000.0	7781.2	28.1	41.7	56.0	507.871	/Users/mary/Desktop/listens_20180309/file5e57275d166d.wav	file5e57275d166d.wav	507.871	6267.5	9197.5	WCSP	fledgling
98	Spectrogram 1	1	510.251	510.250707587	510.561447794	0.311	6562.5	9093.8	7687.5	30.4	47.4	60.1	510.251	/Users/mary/Desktop/listens_20180309/file5e57275d166d.wav	file5e57275d166d.wav	510.251	6293.0	9350.3	WCSP	fledgling
100	Spectrogram 1	1	508.724	508.723641430	508.816863492	0.093	6187.5	7312.5	6468.8	29.7	43.3	51.3	508.724	/Users/mary/Desktop/listens_20180309/file5e57275d166d.wav	file5e57275d166d.wav	508.724	5910.8	7490.4	WCSP	
101	Spectrogram 1	1	509.160	509.160030152	509.226617339	0.067	6000.0	8625.0	7125.0	30.0	43.9	53.1	509.160	/Users/mary/Desktop/listens_20180309/file5e57275d166d.wav	file5e57275d166d.wav	509.160	5707.0	8866.2	WCSP	
102	Spectrogram 1	1	509.875	509.874732627	509.981272126	0.107	6656.2	7593.8	6937.5	30.0	46.2	51.1	509.875	/Users/mary/Desktop/listens_20180309/file5e57275d166d.wav	file5e57275d166d.wav	509.875	6496.8	7694.3	WCSP	fledgling
103	Spectrogram 1	1	511.837	511.836835073	512.063231509	0.226	6750.0	8812.5	7781.2	28.4	42.7	55.8	511.837	/Users/mary/Desktop/listens_20180309/file5e57275d166d.wav	file5e57275d166d.wav	511.837	6573.2	9070.1	WCSP	fledgling
104	Spectrogram 1	1	512.831	512.831203734	512.991012983	0.160	6562.5	8343.8	7406.2	28.6	42.4	53.8	512.831	/Users/mary/Desktop/listens_20180309/file5e57275d166d.wav	file5e57275d166d.wav	512.831	6394.9	8484.1	WCSP	fledgling
105	Spectrogram 1	1	514.863	514.862893435	515.082619942	0.220	6375.0	8250.0	7312.5	28.1	40.6	54.8	514.863	/Users/mary/Desktop/listens_20180309/file5e57275d166d.wav	file5e57275d166d.wav	514.863	6267.5	8407.6	WCSP	fledgling
106	Spectrogram 1	1	516.627	516.626983392	517.229661812	0.603	6656.2	9375.0	7500.0	33.7	53.5	67.3	516.627	/Users/mary/Desktop/listens_20180309/file5e57275d166d.wav	file5e57275d166d.wav	516.627	6114.6	9987.3	WCSP	fledgling
107	Spectrogram 1	1	517.481	517.480777820	517.706782227	0.226	6937.5	9187.5	7312.5	34.3	54.6	62.9	517.481	/Users/mary/Desktop/listens_20180309/file5e57275d166d.wav	file5e57275d166d.wav	517.481	6496.8	9681.5	WCSP	fledgling
108	Spectrogram 1	1	518.335	518.334572248	518.554298755	0.220	6843.8	9000.0	7500.0	35.5	54.8	64.3	518.335	/Users/mary/Desktop/listens_20180309/file5e57275d166d.wav	file5e57275d166d.wav	518.335	6242.0	9732.5	WCSP	fledgling
109	Spectrogram 1	1	519.044	519.043974971	519.577596488	0.534	6937.5	9562.5	7968.8	30.1	47.6	62.5	519.044	/Users/mary/Desktop/listens_20180309/file5e57275d166d.wav	file5e57275d166d.wav	519.044	6624.2	9936.3	WCSP	fledgling
110	Spectrogram 1	1	520.400	520.400001415	521.366798046	0.967	7125.0	9562.5	8250.0	34.6	50.9	70.1	520.400	/Users/mary/Desktop/listens_20180309/file5e57275d166d.wav	file5e57275d166d.wav	520.400	6471.3	10216.6	WCSP	fledgling
111	Spectrogram 1	1	521.605	521.605358254	521.812528961	0.207	6843.8	9375.0	7218.8	33.2	51.5	61.6	521.605	/Users/mary/Desktop/listens_20180309/file5e57275d166d.wav	file5e57275d166d.wav	521.605	6343.9	9707.0	WCSP	fledgling
112	Spectrogram 1	1	522.001	522.000865967	522.201758773	0.201	6843.8	9281.2	7781.2	32.2	45.8	60.1	522.001	/Users/mary/Desktop/listens_20180309/file5e57275d166d.wav	file5e57275d166d.wav	522.001	6496.8	9630.6	WCSP	fledgling
113	Spectrogram 1	1	522.484	522.484264282	522.703990790	0.220	6843.8	9000.0	7218.8	33.6	52.9	61.8	522.484	/Users/mary/Desktop/listens_20180309/file5e57275d166d.wav	file5e57275d166d.wav	522.484	6547.8	9554.1	WCSP	fledgling
114	Spectrogram 1	1	522.993	522.992774199	524.191853138	1.199	6843.8	9562.5	7593.8	30.2	51.7	66.0	522.993	/Users/mary/Desktop/listens_20180309/file5e57275d166d.wav	file5e57275d166d.wav	522.993	6573.2	9783.4	WCSP	fledgling
115	Spectrogram 1	1	525.830	525.830397332	525.949677435	0.119	5718.8	7218.8	6468.8	29.3	44.1	52.7	525.830	/Users/mary/Desktop/listens_20180309/file5e57275d166d.wav	file5e57275d166d.wav	525.830	5579.6	7439.5	WCSP	
116	Spectrogram 1	1	525.435	525.434889619	525.616948725	0.182	7031.2	9093.8	7593.8	35.1	49.9	62.5	525.435	/Users/mary/Desktop/listens_20180309/file5e57275d166d.wav	file5e57275d166d.wav	525.435	6598.7	9579.6	WCSP	fledgling
117	Spectrogram 1	1	524.864	524.863600700	525.108438808	0.245	6750.0	8437.5	7500.0	29.1	44.7	55.9	524.864	/Users/mary/Desktop/listens_20180309/file5e57275d166d.wav	file5e57275d166d.wav	524.864	6573.2	8586.0	WCSP	fledgling
118	Spectrogram 1	1	526.339	526.338907248	526.646524358	0.308	6843.8	8906.2	7687.5	32.5	46.3	61.7	526.339	/Users/mary/Desktop/listens_20180309/file5e57275d166d.wav	file5e57275d166d.wav	526.339	6496.8	9248.4	WCSP	fledgling
119	Spectrogram 1	1	526.891	526.891362466	527.029476270	0.138	6843.8	8718.8	7500.0	31.9	45.0	57.2	526.891	/Users/mary/Desktop/listens_20180309/file5e57275d166d.wav	file5e57275d166d.wav	526.891	6624.2	9070.1	WCSP	fledgling
120	Spectrogram 1	1	527.325	527.324537580	530.111925271	2.787	7031.2	9562.5	8250.0	29.4	46.6	68.5	527.325	/Users/mary/Desktop/listens_20180309/file5e57275d166d.wav	file5e57275d166d.wav	527.325	6904.5	9834.4	WCSP	fledgling
121	Spectrogram 1	1	532.736	532.736040860	537.626525119	4.890	6562.5	9562.5	8156.2	27.9	44.0	70.1	532.736	/Users/mary/Desktop/listens_20180309/file5e57275d166d.wav	file5e57275d166d.wav	532.736	6369.4	9732.5	WCSP	fledgling
122	Spectrogram 1	1	543.302	543.302240303	544.564098244	1.262	6937.5	9750.0	8343.8	28.3	40.6	64.3	543.302	/Users/mary/Desktop/listens_20180309/file5e57275d166d.wav	file5e57275d166d.wav	543.302	6675.2	9885.4	WCSP	fledgling
123	Spectrogram 1	1	543.032	543.032290594	543.226905500	0.195	6000.0	7218.8	6468.8	28.8	41.1	53.3	543.032	/Users/mary/Desktop/listens_20180309/file5e57275d166d.wav	file5e57275d166d.wav	543.032	5834.4	7312.1	WCSP	fledgling
124	Spectrogram 1	1	547.722	547.722386225	548.318786744	0.596	2250.0	3000.0	2625.0	26.6	38.6	53.6	547.722	/Users/mary/Desktop/listens_20180309/file5e57275d166d.wav	file5e57275d166d.wav	547.722	2165.6	3006.4	UNK4	meep meep meep
125	Spectrogram 1	1	553.937	553.936669267	554.055949371	0.119	5906.2	6562.5	6187.5	29.1	44.5	49.1	553.937	/Users/mary/Desktop/listens_20180309/file5e57275d166d.wav	file5e57275d166d.wav	553.937	5808.9	6649.7	WCSP	*
126	Spectrogram 1	1	554.244	554.244286377	554.583292988	0.339	7125.0	9000.0	8156.2	28.3	38.2	57.0	554.244	/Users/mary/Desktop/listens_20180309/file5e57275d166d.wav	file5e57275d166d.wav	554.244	6955.4	9095.5	WCSP	fledgling
127	Spectrogram 1	1	555.830	555.830062706	556.501798028	0.672	5531.2	6656.2	6093.8	27.6	42.6	56.7	555.830	/Users/mary/Desktop/listens_20180309/file5e57275d166d.wav	file5e57275d166d.wav	555.830	5503.2	6700.6	WCSP	*tinkling
128	Spectrogram 1	1	557.261	557.261423953	557.355592456	0.094	5531.2	6375.0	6000.0	29.3	44.8	49.7	557.261	/Users/mary/Desktop/listens_20180309/file5e57275d166d.wav	file5e57275d166d.wav	557.261	5426.8	6547.8	WCSP	*tinkling
129	Spectrogram 1	1	558.652	558.651831969	558.972004879	0.320	2156.2	4125.0	3093.8	26.8	37.2	55.4	558.652	/Users/mary/Desktop/listens_20180309/file5e57275d166d.wav	file5e57275d166d.wav	558.652	2012.7	4305.7	PIKA	
130	Spectrogram 1	1	560.196	560.196195419	561.407830158	1.212	6937.5	9468.8	8343.8	29.5	42.1	64.9	560.196	/Users/mary/Desktop/listens_20180309/file5e57275d166d.wav	file5e57275d166d.wav	560.196	6675.2	9579.6	WCSP	fledgling
131	Spectrogram 1	1	561.584	561.583611364	561.928895875	0.345	6937.5	9281.2	8156.2	27.8	38.4	57.4	561.584	/Users/mary/Desktop/listens_20180309/file5e57275d166d.wav	file5e57275d166d.wav	561.584	6751.6	9401.3	WCSP	fledgling
132	Spectrogram 1	1	562.130	562.129788682	563.372812922	1.243	6656.2	9281.2	8062.5	27.9	40.5	63.6	562.130	/Users/mary/Desktop/listens_20180309/file5e57275d166d.wav	file5e57275d166d.wav	562.130	6420.4	9375.8	WCSP	fledgling
133	Spectrogram 1	1	571.082	571.081654195	571.213490100	0.132	5906.2	6468.8	6093.8	31.3	48.4	51.8	571.082	/Users/mary/Desktop/listens_20180309/file5e57275d166d.wav	file5e57275d166d.wav	571.082	5732.5	6598.7	FOSP	call
134	Spectrogram 1	1	578.476	578.476425232	579.116771053	0.640	7968.8	9656.2	8812.5	28.7	42.0	59.7	578.476	/Users/mary/Desktop/listens_20180309/file5e57275d166d.wav	file5e57275d166d.wav	578.476	7872.6	9834.4	WCSP	fledgling
135	Spectrogram 1	1	579.715	579.714737276	579.890518482	0.176	5531.2	6656.2	5906.2	28.5	41.0	52.4	579.715	/Users/mary/Desktop/listens_20180309/file5e57275d166d.wav	file5e57275d166d.wav	579.715	5375.8	6777.1	FOSP	call
136	Spectrogram 1	1	586.713	586.712839960	589.606951954	2.894	2812.5	5343.8	4031.2	33.4	56.6	74.3	586.713	/Users/mary/Desktop/listens_20180309/file5e57275d166d.wav	file5e57275d166d.wav	586.713	1961.8	6114.6	FOSP	song
137	Spectrogram 1	1	584.899	584.898526801	585.130809109	0.232	5343.8	6468.8	5718.8	28.0	41.0	52.9	584.899	/Users/mary/Desktop/listens_20180309/file5e57275d166d.wav	file5e57275d166d.wav	584.899	5222.9	6496.8	FOSP	call
139	Spectrogram 1	1	589.792	589.792133096	590.005581703	0.213	7593.8	8906.2	8343.8	28.6	40.0	54.0	589.792	/Users/mary/Desktop/listens_20180309/file5e57275d166d.wav	file5e57275d166d.wav	589.792	7490.4	9070.1	WCSP	fledgling
140	Spectrogram 1	1	594.155	594.155273738	594.349888644	0.195	6750.0	9562.5	7781.2	31.7	46.1	60.0	594.155	/Users/mary/Desktop/listens_20180309/file5e57275d166d.wav	file5e57275d166d.wav	594.155	6445.9	9936.3	WCSP	fledgling
141	Spectrogram 1	1	595.298	595.297851575	595.530133883	0.232	6937.5	9281.2	7968.8	30.1	45.2	58.4	595.298	/Users/mary/Desktop/listens_20180309/file5e57275d166d.wav	file5e57275d166d.wav	595.298	6598.7	9477.7	WCSP	fledgling
142	Spectrogram 1	1	597.640	597.639508351	597.777622156	0.138	6750.0	9562.5	7406.2	33.3	49.5	60.3	597.640	/Users/mary/Desktop/listens_20180309/file5e57275d166d.wav	file5e57275d166d.wav	597.640	6369.4	10012.7	WCSP	fledgling
143	Spectrogram 1	1	590.307	590.307389251	590.439225156	0.132	6093.8	7031.2	6375.0	31.5	48.5	53.3	590.307	/Users/mary/Desktop/listens_20180309/file5e57275d166d.wav	file5e57275d166d.wav	590.307	6063.7	7184.7	WCSP	call
144	Spectrogram 1	1	589.924	589.924437339	590.043717443	0.119	6187.5	7031.2	6468.8	30.4	44.8	51.8	589.924	/Users/mary/Desktop/listens_20180309/file5e57275d166d.wav	file5e57275d166d.wav	589.924	6012.7	7210.2	WCSP	call
145	Spectrogram 1	1	588.455	588.455408691	588.650023598	0.195	6281.2	7875.0	6750.0	30.0	46.9	55.5	588.455	/Users/mary/Desktop/listens_20180309/file5e57275d166d.wav	file5e57275d166d.wav	588.455	6165.6	7974.5	WCSP	call
146	Spectrogram 1	1	591.048	591.048181475	591.236518482	0.188	7218.8	8437.5	7875.0	28.6	39.0	53.1	591.048	/Users/mary/Desktop/listens_20180309/file5e57275d166d.wav	file5e57275d166d.wav	591.048	7108.3	8586.0	WCSP	fledgling
147	Spectrogram 1	1	592.712	592.711825030	593.182667545	0.471	6093.8	9000.0	7500.0	28.0	47.2	59.9	592.712	/Users/mary/Desktop/listens_20180309/file5e57275d166d.wav	file5e57275d166d.wav	592.712	5936.3	9248.4	WCSP	fledgling
148	Spectrogram 1	1	596.070	596.069564365	596.490183679	0.421	2250.0	9000.0	5718.8	26.7	40.0	61.6	596.070	/Users/mary/Desktop/listens_20180309/file5e57275d166d.wav	file5e57275d166d.wav	596.070	1961.8	9324.8	PIKA	
149	Spectrogram 1	1	598.009	598.009435528	598.204050435	0.195	6843.8	9562.5	7500.0	35.2	51.3	64.1	598.009	/Users/mary/Desktop/listens_20180309/file5e57275d166d.wav	file5e57275d166d.wav	598.009	6191.1	10191.1	WCSP	fledgling
150	Spectrogram 1	1	598.945	598.944842659	599.126901765	0.182	6843.8	9750.0	8437.5	30.1	43.1	58.3	598.945	/Users/mary/Desktop/listens_20180309/file5e57275d166d.wav	file5e57275d166d.wav	598.945	6420.4	10089.2	WCSP	fledgling
151	Spectrogram 1	1	599.566	599.566354779	599.760969685	0.195	7031.2	9562.5	8156.2	30.7	43.7	58.8	599.566	/Users/mary/Desktop/listens_20180309/file5e57275d166d.wav	file5e57275d166d.wav	599.566	6649.7	9910.8	WCSP	fledgling
152	Spectrogram 1	1	598.851	598.850674156	598.951120559	0.100	6000.0	7218.8	6468.8	28.2	41.9	49.7	598.851	/Users/mary/Desktop/listens_20180309/file5e57275d166d.wav	file5e57275d166d.wav	598.851	5859.9	7286.6	WCSP	call
154	Spectrogram 1	1	482.218	482.218124410	482.306015013	0.088	3843.8	4875.0	4500.0	30.6	44.5	51.3	482.218	/Users/mary/Desktop/listens_20180309/file5e57275d166d.wav	file5e57275d166d.wav	482.218	3719.7	5044.6	UNK1	
