Selection	View	Channel	Begin Clock Time	Begin Time (s)	End Time (s)	Delta Time (s)	Freq 5% (Hz)	Freq 95% (Hz)	Center Freq (Hz)	Avg Power (dB)	Max Power (dB)	Energy (dB)	Begin Date Time	Begin Path	Begin File	File Offset (s)	Low Freq (Hz)	High Freq (Hz)	ID	NOTES
1	Spectrogram 1	1	7.227	7.227000000	17.188443188	9.961	4781.2	6187.5	5437.5	28.5	52.0	70.8	7.227	/Users/mary/Desktop/listens_20180309/completed_listens/file5e577acaa384.wav	file5e577acaa384.wav	7.227	4632.6	6307.0	WCSP	
2	Spectrogram 1	1	30.510	30.510000000	30.736004408	0.226	5156.2	6187.5	5625.0	27.6	39.4	51.7	30.510	/Users/mary/Desktop/listens_20180309/completed_listens/file5e577acaa384.wav	file5e577acaa384.wav	30.510	5079.1	6223.3	WCSP	
3	Spectrogram 1	1	31.668	31.668000000	31.994450810	0.326	4875.0	6187.5	5437.5	27.7	42.5	54.6	31.668	/Users/mary/Desktop/listens_20180309/completed_listens/file5e577acaa384.wav	file5e577acaa384.wav	31.668	4744.2	6251.2	WCSP	
5	Spectrogram 1	1	42.139	42.139000000	42.365004407	0.226	4875.0	6000.0	5250.0	28.8	41.4	53.4	42.139	/Users/mary/Desktop/listens_20180309/completed_listens/file5e577acaa384.wav	file5e577acaa384.wav	42.139	4744.2	6000.0	WCSP	
6	Spectrogram 1	1	46.551	46.551000000	46.827227609	0.276	4687.5	5718.8	5062.5	29.5	44.1	55.1	46.551	/Users/mary/Desktop/listens_20180309/completed_listens/file5e577acaa384.wav	file5e577acaa384.wav	46.551	4576.7	5860.5	UNK1	*DUFL? FOSP?
7	Spectrogram 1	1	49.584	49.584000000	49.822560208	0.239	5156.2	6000.0	5625.0	29.6	44.2	53.8	49.584	/Users/mary/Desktop/listens_20180309/completed_listens/file5e577acaa384.wav	file5e577acaa384.wav	49.584	4995.3	6139.5	WCSP	
8	Spectrogram 1	1	50.563	50.563000000	50.839227609	0.276	4875.0	5906.2	5343.8	29.9	47.9	55.6	50.563	/Users/mary/Desktop/listens_20180309/completed_listens/file5e577acaa384.wav	file5e577acaa384.wav	50.563	4716.3	6000.0	WCSP	
9	Spectrogram 1	1	44.818	44.818000000	44.960052666	0.142	4875.0	5906.2	5437.5	28.5	42.3	51.0	44.818	/Users/mary/Desktop/listens_20180309/completed_listens/file5e577acaa384.wav	file5e577acaa384.wav	44.818	4827.9	6083.7	WCSP	
10	Spectrogram 1	1	39.526	39.526000000	39.659174374	0.133	4875.0	6093.8	5437.5	28.9	39.8	51.6	39.526	/Users/mary/Desktop/listens_20180309/completed_listens/file5e577acaa384.wav	file5e577acaa384.wav	39.526	4772.1	6111.6	WCSP	
11	Spectrogram 1	1	48.257	48.257000000	48.390174374	0.133	4875.0	6187.5	5437.5	28.2	41.5	51.4	48.257	/Users/mary/Desktop/listens_20180309/completed_listens/file5e577acaa384.wav	file5e577acaa384.wav	48.257	4772.1	6334.9	WCSP	
12	Spectrogram 1	1	54.403	54.403000000	54.846914581	0.444	2531.2	4500.0	3281.2	29.7	42.9	59.9	54.403	/Users/mary/Desktop/listens_20180309/completed_listens/file5e577acaa384.wav	file5e577acaa384.wav	54.403	2372.1	4688.4	PIKA	
13	Spectrogram 1	1	55.539	55.539000000	55.681052666	0.142	5062.5	6000.0	5531.2	31.0	45.6	53.4	55.539	/Users/mary/Desktop/listens_20180309/completed_listens/file5e577acaa384.wav	file5e577acaa384.wav	55.539	4939.5	6139.5	WCSP	
14	Spectrogram 1	1	57.492	57.492000000	57.642930957	0.151	4781.2	6187.5	5437.5	29.5	44.3	53.4	57.492	/Users/mary/Desktop/listens_20180309/completed_listens/file5e577acaa384.wav	file5e577acaa384.wav	57.492	4660.5	6223.3	WCSP	
15	Spectrogram 1	1	58.593	58.593000000	58.770565832	0.178	4968.8	6187.5	5437.5	29.0	44.0	53.0	58.593	/Users/mary/Desktop/listens_20180309/completed_listens/file5e577acaa384.wav	file5e577acaa384.wav	58.593	4827.9	6279.1	WCSP	
16	Spectrogram 1	1	59.339	59.339000000	59.507687541	0.169	5250.0	6656.2	5718.8	28.9	44.2	53.3	59.339	/Users/mary/Desktop/listens_20180309/completed_listens/file5e577acaa384.wav	file5e577acaa384.wav	59.339	5079.1	6837.2	WCSP	
17	Spectrogram 1	1	60.962	60.962000000	61.175078998	0.213	5156.2	6375.0	5531.2	35.6	55.0	62.6	60.962	/Users/mary/Desktop/listens_20180309/completed_listens/file5e577acaa384.wav	file5e577acaa384.wav	60.962	4744.2	7060.5	WCSP	call
18	Spectrogram 1	1	69.401	69.401000000	87.015530557	17.615	5062.5	6281.2	5531.2	34.6	62.5	79.1	69.401	/Users/mary/Desktop/listens_20180309/completed_listens/file5e577acaa384.wav	file5e577acaa384.wav	69.401	4911.6	6502.3	WCSP	call
19	Spectrogram 1	1	61.340	61.340000000	68.904304454	7.564	5062.5	6468.8	5718.8	33.4	62.4	75.2	61.340	/Users/mary/Desktop/listens_20180309/completed_listens/file5e577acaa384.wav	file5e577acaa384.wav	61.340	4772.1	6725.6	WCSP	call
20	Spectrogram 1	1	88.914	88.914000000	89.233618498	0.320	4968.8	5906.2	5250.0	36.7	56.7	64.4	88.914	/Users/mary/Desktop/listens_20180309/completed_listens/file5e577acaa384.wav	file5e577acaa384.wav	88.914	4548.8	6446.5	WCSP	call
21	Spectrogram 1	1	90.898	90.898000000	91.341914580	0.444	4968.8	6000.0	5250.0	29.9	47.9	57.2	90.898	/Users/mary/Desktop/listens_20180309/completed_listens/file5e577acaa384.wav	file5e577acaa384.wav	90.898	4883.7	6139.5	WCSP	call
22	Spectrogram 1	1	93.685	93.685000000	93.915835582	0.231	5156.2	6187.5	5531.2	37.7	56.0	64.8	93.685	/Users/mary/Desktop/listens_20180309/completed_listens/file5e577acaa384.wav	file5e577acaa384.wav	93.685	4465.1	6586.0	WCSP	call
23	Spectrogram 1	1	99.342	99.342000000	101.150035259	1.808	3000.0	5250.0	4031.2	39.2	61.7	77.6	99.342	/Users/mary/Desktop/listens_20180309/completed_listens/file5e577acaa384.wav	file5e577acaa384.wav	99.342	2427.9	6195.3	WCSP	song
24	Spectrogram 1	1	101.627	101.627000000	102.217122619	0.590	4312.5	5625.0	5062.5	31.1	50.6	61.3	101.627	/Users/mary/Desktop/listens_20180309/completed_listens/file5e577acaa384.wav	file5e577acaa384.wav	101.627	4046.5	5860.5	WCSP	call
25	Spectrogram 1	1	96.818	96.818000000	97.044004407	0.226	4875.0	6187.5	5437.5	28.8	43.4	54.4	96.818	/Users/mary/Desktop/listens_20180309/completed_listens/file5e577acaa384.wav	file5e577acaa384.wav	96.818	4772.1	6362.8	WCSP	call
26	Spectrogram 1	1	97.396	97.396000000	97.609448606	0.213	4968.8	6281.2	5625.0	28.3	41.0	53.6	97.396	/Users/mary/Desktop/listens_20180309/completed_listens/file5e577acaa384.wav	file5e577acaa384.wav	97.396	4827.9	6390.7	WCSP	call
27	Spectrogram 1	1	97.835	97.835000000	97.998225405	0.163	4781.2	6000.0	5343.8	28.9	42.3	52.7	97.835	/Users/mary/Desktop/listens_20180309/completed_listens/file5e577acaa384.wav	file5e577acaa384.wav	97.835	4632.6	6167.4	WCSP	call
28	Spectrogram 1	1	98.225	98.225000000	98.425892807	0.201	5062.5	6187.5	5718.8	28.7	40.4	53.1	98.225	/Users/mary/Desktop/listens_20180309/completed_listens/file5e577acaa384.wav	file5e577acaa384.wav	98.225	4967.4	6362.8	WCSP	call
29	Spectrogram 1	1	108.828	108.828000000	110.510477254	1.682	3000.0	5250.0	4125.0	42.6	67.1	80.5	108.828	/Users/mary/Desktop/listens_20180309/completed_listens/file5e577acaa384.wav	file5e577acaa384.wav	108.828	2455.8	6139.5	WCSP	song
30	Spectrogram 1	1	118.936	118.936000000	120.518030851	1.582	3093.8	5250.0	4125.0	36.1	57.9	73.5	118.936	/Users/mary/Desktop/listens_20180309/completed_listens/file5e577acaa384.wav	file5e577acaa384.wav	118.936	2344.2	5860.5	WCSP	song
31	Spectrogram 1	1	114.861	114.861000000	115.049337006	0.188	4781.2	5718.8	5250.0	30.6	47.6	54.2	114.861	/Users/mary/Desktop/listens_20180309/completed_listens/file5e577acaa384.wav	file5e577acaa384.wav	114.861	4604.7	5832.6	WCSP	call
32	Spectrogram 1	1	115.590	115.590000000	115.765781206	0.176	4125.0	5437.5	4781.2	29.2	41.3	53.4	115.590	/Users/mary/Desktop/listens_20180309/completed_listens/file5e577acaa384.wav	file5e577acaa384.wav	115.590	3990.7	5525.6	WCSP	call
33	Spectrogram 1	1	110.567	110.567000000	111.232457422	0.665	4687.5	5812.5	5156.2	32.3	46.7	62.9	110.567	/Users/mary/Desktop/listens_20180309/completed_listens/file5e577acaa384.wav	file5e577acaa384.wav	110.567	4437.2	6111.6	WCSP	call fledlging?
34	Spectrogram 1	1	112.765	112.765000000	113.242120415	0.477	4406.2	6187.5	5156.2	30.3	47.8	60.6	112.765	/Users/mary/Desktop/listens_20180309/completed_listens/file5e577acaa384.wav	file5e577acaa384.wav	112.765	4130.2	6418.6	WCSP	call
35	Spectrogram 1	1	111.409	111.409000000	111.584781205	0.176	3937.5	4781.2	4406.2	30.4	45.4	53.4	111.409	/Users/mary/Desktop/listens_20180309/completed_listens/file5e577acaa384.wav	file5e577acaa384.wav	111.409	3823.3	4883.7	WCSP	call
36	Spectrogram 1	1	112.011	112.011000000	112.136558004	0.126	4031.2	4687.5	4406.2	31.9	44.6	52.5	112.011	/Users/mary/Desktop/listens_20180309/completed_listens/file5e577acaa384.wav	file5e577acaa384.wav	112.011	3879.1	4855.8	WCSP	call
37	Spectrogram 1	1	106.111	106.111000000	108.647271682	2.536	3375.0	6000.0	4687.5	28.4	49.1	67.2	106.111	/Users/mary/Desktop/listens_20180309/completed_listens/file5e577acaa384.wav	file5e577acaa384.wav	106.111	3181.4	6111.6	WCSP	call
38	Spectrogram 1	1	118.198	118.198000000	118.662564615	0.465	4218.8	6000.0	5062.5	30.4	49.7	60.4	118.198	/Users/mary/Desktop/listens_20180309/completed_listens/file5e577acaa384.wav	file5e577acaa384.wav	118.198	3962.8	6139.5	WCSP	call
39	Spectrogram 1	1	117.055	117.055000000	117.205669605	0.151	3937.5	5343.8	4500.0	28.5	41.1	52.5	117.055	/Users/mary/Desktop/listens_20180309/completed_listens/file5e577acaa384.wav	file5e577acaa384.wav	117.055	3934.9	5525.6	WCSP	call
40	Spectrogram 1	1	121.096	121.096000000	121.409895011	0.314	4218.8	5906.2	4875.0	28.8	43.6	56.7	121.096	/Users/mary/Desktop/listens_20180309/completed_listens/file5e577acaa384.wav	file5e577acaa384.wav	121.096	4102.3	6027.9	WCSP	call
41	Spectrogram 1	1	121.912	121.912000000	122.175671808	0.264	4312.5	5718.8	4687.5	30.0	44.6	56.4	121.912	/Users/mary/Desktop/listens_20180309/completed_listens/file5e577acaa384.wav	file5e577acaa384.wav	121.912	4130.2	5888.4	WCSP	call
42	Spectrogram 1	1	124.158	124.158000000	124.421671809	0.264	3937.5	4875.0	4406.2	27.4	37.5	51.8	124.158	/Users/mary/Desktop/listens_20180309/completed_listens/file5e577acaa384.wav	file5e577acaa384.wav	124.158	3907.0	4911.6	WCSP	call
43	Spectrogram 1	1	125.313	125.313000000	125.539004407	0.226	4125.0	4968.8	4500.0	28.2	40.4	51.4	125.313	/Users/mary/Desktop/listens_20180309/completed_listens/file5e577acaa384.wav	file5e577acaa384.wav	125.313	4074.4	4995.3	WCSP	call
44	Spectrogram 1	1	126.531	126.531000000	126.731892807	0.201	4125.0	5062.5	4500.0	29.4	44.8	52.9	126.531	/Users/mary/Desktop/listens_20180309/completed_listens/file5e577acaa384.wav	file5e577acaa384.wav	126.531	4018.6	5134.9	WCSP	call
45	Spectrogram 1	1	127.121	127.121000000	127.585564615	0.465	4687.5	5531.2	5062.5	28.9	44.3	55.2	127.121	/Users/mary/Desktop/listens_20180309/completed_listens/file5e577acaa384.wav	file5e577acaa384.wav	127.121	4604.7	5553.5	WCSP	call
46	Spectrogram 1	1	129.469	129.469000000	131.277035258	1.808	3187.5	5437.5	4125.0	35.7	58.2	73.7	129.469	/Users/mary/Desktop/listens_20180309/completed_listens/file5e577acaa384.wav	file5e577acaa384.wav	129.469	2595.3	6027.9	WCSP	song
47	Spectrogram 1	1	133.038	133.038000000	133.339339210	0.301	4406.2	6000.0	5343.8	32.3	52.6	60.3	133.038	/Users/mary/Desktop/listens_20180309/completed_listens/file5e577acaa384.wav	file5e577acaa384.wav	133.038	4130.2	6195.3	WCSP	call
48	Spectrogram 1	1	134.394	134.394000000	134.620004408	0.226	4125.0	4687.5	4406.2	30.8	45.2	52.6	134.394	/Users/mary/Desktop/listens_20180309/completed_listens/file5e577acaa384.wav	file5e577acaa384.wav	134.394	4046.5	4772.1	WCSP	call
49	Spectrogram 1	1	135.411	135.411000000	135.649560208	0.239	4125.0	4781.2	4406.2	29.0	40.0	51.6	135.411	/Users/mary/Desktop/listens_20180309/completed_listens/file5e577acaa384.wav	file5e577acaa384.wav	135.411	4046.5	4827.9	WCSP	call
50	Spectrogram 1	1	137.232	137.232000000	138.726140248	1.494	3750.0	5812.5	4875.0	27.5	48.3	62.9	137.232	/Users/mary/Desktop/listens_20180309/completed_listens/file5e577acaa384.wav	file5e577acaa384.wav	137.232	3655.8	5916.3	WCSP	call
51	Spectrogram 1	1	138.877	138.877000000	140.346028648	1.469	3187.5	5250.0	4125.0	38.2	60.2	75.3	138.877	/Users/mary/Desktop/listens_20180309/completed_listens/file5e577acaa384.wav	file5e577acaa384.wav	138.877	2483.7	6000.0	WCSP	song
52	Spectrogram 1	1	141.011	141.011000000	141.538343617	0.527	4406.2	5531.2	4875.0	33.1	52.1	62.4	141.011	/Users/mary/Desktop/listens_20180309/completed_listens/file5e577acaa384.wav	file5e577acaa384.wav	141.011	4158.1	5776.7	WCSP	call
53	Spectrogram 1	1	144.311	144.311000000	144.537004407	0.226	4031.2	4875.0	4406.2	28.5	41.0	51.7	144.311	/Users/mary/Desktop/listens_20180309/completed_listens/file5e577acaa384.wav	file5e577acaa384.wav	144.311	4018.6	4939.5	WCSP	call
54	Spectrogram 1	1	150.074	150.074000000	150.312560208	0.239	4031.2	5343.8	4593.8	28.3	41.6	54.1	150.074	/Users/mary/Desktop/listens_20180309/completed_listens/file5e577acaa384.wav	file5e577acaa384.wav	150.074	3934.9	5497.7	WCSP	call
55	Spectrogram 1	1	151.354	151.354000000	152.006901621	0.653	4125.0	5531.2	4687.5	28.0	42.2	58.5	151.354	/Users/mary/Desktop/listens_20180309/completed_listens/file5e577acaa384.wav	file5e577acaa384.wav	151.354	3962.8	5665.1	WCSP	call
56	Spectrogram 1	1	153.288	153.288000000	155.121146859	1.833	2906.2	5718.8	4031.2	28.4	46.0	66.2	153.288	/Users/mary/Desktop/listens_20180309/completed_listens/file5e577acaa384.wav	file5e577acaa384.wav	153.288	2651.2	5916.3	WCSP	song
57	Spectrogram 1	1	155.125	155.125000000	155.212890603	0.088	4312.5	4593.8	4406.2	32.1	41.2	47.4	155.125	/Users/mary/Desktop/listens_20180309/completed_listens/file5e577acaa384.wav	file5e577acaa384.wav	155.125	4269.8	4604.7	WCSP	call
58	Spectrogram 1	1	155.853	155.853000000	156.028781206	0.176	4218.8	4593.8	4406.2	29.6	39.4	48.7	155.853	/Users/mary/Desktop/listens_20180309/completed_listens/file5e577acaa384.wav	file5e577acaa384.wav	155.853	4158.1	4604.7	WCSP	call
59	Spectrogram 1	1	158.301	158.301000000	158.627450810	0.326	3843.8	5156.2	4875.0	30.3	49.1	57.5	158.301	/Users/mary/Desktop/listens_20180309/completed_listens/file5e577acaa384.wav	file5e577acaa384.wav	158.301	3711.6	5330.2	WCSP	call
60	Spectrogram 1	1	159.431	159.431000000	159.594225406	0.163	4218.8	4781.2	4500.0	30.5	41.7	50.7	159.431	/Users/mary/Desktop/listens_20180309/completed_listens/file5e577acaa384.wav	file5e577acaa384.wav	159.431	4186.0	4855.8	WCSP	call
61	Spectrogram 1	1	160.699	160.699000000	160.950116009	0.251	4125.0	4687.5	4406.2	29.0	42.1	51.2	160.699	/Users/mary/Desktop/listens_20180309/completed_listens/file5e577acaa384.wav	file5e577acaa384.wav	160.699	4046.5	4688.4	WCSP	call
62	Spectrogram 1	1	162.030	162.030000000	162.205781205	0.176	3937.5	5343.8	4687.5	27.9	39.2	52.3	162.030	/Users/mary/Desktop/listens_20180309/completed_listens/file5e577acaa384.wav	file5e577acaa384.wav	162.030	3907.0	5441.9	WCSP	call
63	Spectrogram 1	1	162.595	162.595000000	162.846116008	0.251	4875.0	5625.0	5062.5	31.0	45.2	55.1	162.595	/Users/mary/Desktop/listens_20180309/completed_listens/file5e577acaa384.wav	file5e577acaa384.wav	162.595	4716.3	5748.8	WCSP	call
64	Spectrogram 1	1	165.034	165.034000000	165.297671808	0.264	4312.5	5437.5	4781.2	27.6	40.0	52.7	165.034	/Users/mary/Desktop/listens_20180309/completed_listens/file5e577acaa384.wav	file5e577acaa384.wav	165.034	4241.9	5441.9	WCSP	call
65	Spectrogram 1	1	167.557	167.557000000	167.757892806	0.201	4031.2	5156.2	4500.0	27.9	40.8	52.2	167.557	/Users/mary/Desktop/listens_20180309/completed_listens/file5e577acaa384.wav	file5e577acaa384.wav	167.557	4018.6	5330.2	WCSP	call
66	Spectrogram 1	1	170.201	170.201000000	170.339113805	0.138	4218.8	4875.0	4406.2	29.3	40.2	49.5	170.201	/Users/mary/Desktop/listens_20180309/completed_listens/file5e577acaa384.wav	file5e577acaa384.wav	170.201	4214.0	4911.6	WCSP	call
67	Spectrogram 1	1	173.905	173.905000000	174.093337006	0.188	4031.2	4593.8	4312.5	29.5	42.3	50.4	173.905	/Users/mary/Desktop/listens_20180309/completed_listens/file5e577acaa384.wav	file5e577acaa384.wav	173.905	4018.6	4660.5	WCSP	call
68	Spectrogram 1	1	176.845	176.845000000	177.020781205	0.176	4875.0	5531.2	4968.8	34.8	49.8	58.1	176.845	/Users/mary/Desktop/listens_20180309/completed_listens/file5e577acaa384.wav	file5e577acaa384.wav	176.845	4643.4	5818.2	WCSP	call
69	Spectrogram 1	1	182.809	182.809000000	183.148006611	0.339	4781.2	5531.2	4968.8	35.9	57.5	63.2	182.809	/Users/mary/Desktop/listens_20180309/completed_listens/file5e577acaa384.wav	file5e577acaa384.wav	182.809	4419.6	6042.0	WCSP	call
70	Spectrogram 1	1	187.067	187.067000000	187.267892806	0.201	4312.5	5531.2	4968.8	27.6	38.3	51.7	187.067	/Users/mary/Desktop/listens_20180309/completed_listens/file5e577acaa384.wav	file5e577acaa384.wav	187.067	4279.7	5622.4	WCSP	call
71	Spectrogram 1	1	201.130	201.130000000	201.305781206	0.176	4593.8	5343.8	4968.8	29.1	40.4	50.8	201.130	/Users/mary/Desktop/listens_20180309/completed_listens/file5e577acaa384.wav	file5e577acaa384.wav	201.130	4503.5	5370.6	WCSP	call
72	Spectrogram 1	1	207.960	207.960000000	208.186004407	0.226	4968.8	5625.0	5343.8	27.5	37.9	49.8	207.960	/Users/mary/Desktop/listens_20180309/completed_listens/file5e577acaa384.wav	file5e577acaa384.wav	207.960	4895.1	5678.3	WCSP	call
73	Spectrogram 1	1	212.907	212.907000000	213.333897213	0.427	4781.2	5625.0	5250.0	28.5	40.2	54.6	212.907	/Users/mary/Desktop/listens_20180309/completed_listens/file5e577acaa384.wav	file5e577acaa384.wav	212.907	4699.3	5650.3	WCSP	call
74	Spectrogram 1	1	218.832	218.832000000	219.083116008	0.251	4312.5	5437.5	4875.0	27.4	38.6	52.2	218.832	/Users/mary/Desktop/listens_20180309/completed_listens/file5e577acaa384.wav	file5e577acaa384.wav	218.832	4307.7	5454.5	WCSP	call
75	Spectrogram 1	1	219.510	219.510000000	219.673225406	0.163	4593.8	5250.0	4968.8	29.3	40.8	50.1	219.510	/Users/mary/Desktop/listens_20180309/completed_listens/file5e577acaa384.wav	file5e577acaa384.wav	219.510	4531.5	5342.7	WCSP	call
76	Spectrogram 1	1	220.351	220.351000000	220.589560207	0.239	4312.5	5437.5	4875.0	28.5	41.3	53.5	220.351	/Users/mary/Desktop/listens_20180309/completed_listens/file5e577acaa384.wav	file5e577acaa384.wav	220.351	4167.8	5510.5	WCSP	call
77	Spectrogram 1	1	221.418	221.418000000	221.681671809	0.264	4312.5	5250.0	4781.2	28.8	43.0	53.2	221.418	/Users/mary/Desktop/listens_20180309/completed_listens/file5e577acaa384.wav	file5e577acaa384.wav	221.418	4279.7	5342.7	WCSP	call
78	Spectrogram 1	1	225.223	225.223000000	225.762899418	0.540	2437.5	3937.5	3562.5	30.7	50.6	60.8	225.223	/Users/mary/Desktop/listens_20180309/completed_listens/file5e577acaa384.wav	file5e577acaa384.wav	225.223	2265.7	4139.9	PIKA	
79	Spectrogram 1	1	217.915	217.915000000	218.567901621	0.653	3281.2	4031.2	3656.2	28.0	39.7	55.4	217.915	/Users/mary/Desktop/listens_20180309/completed_listens/file5e577acaa384.wav	file5e577acaa384.wav	217.915	3272.7	4083.9	UNK2	
80	Spectrogram 1	1	2.793	2.792847473	3.165735721	0.373	1781.2	3562.5	2437.5	29.5	44.4	58.4	2.793	/Users/mary/Desktop/listens_20180309/completed_listens/file5e577acaa384.wav	file5e577acaa384.wav	2.793	1696.2	3822.8	anthrophony	tapping?
81	Spectrogram 1	1	4.959	4.959150626	5.296525707	0.337	1781.2	3375.0	2343.8	32.9	49.7	61.0	4.959	/Users/mary/Desktop/listens_20180309/completed_listens/file5e577acaa384.wav	file5e577acaa384.wav	4.959	1772.2	3620.3	anthrophony	tapping?
82	Spectrogram 1	1	8.244	8.244118523	8.741302853	0.497	1781.2	3562.5	2812.5	34.1	54.2	64.2	8.244	/Users/mary/Desktop/listens_20180309/completed_listens/file5e577acaa384.wav	file5e577acaa384.wav	8.244	1721.5	3822.8	anthrophony	tapping?
83	Spectrogram 1	1	9.292	9.291756933	9.984263678	0.693	375.0	2437.5	843.8	37.9	57.9	71.7	9.292	/Users/mary/Desktop/listens_20180309/completed_listens/file5e577acaa384.wav	file5e577acaa384.wav	9.292	227.8	3670.9	anthrophony	tapping?
84	Spectrogram 1	1	11.778	11.777678584	12.132810248	0.355	562.5	2437.5	937.5	36.7	53.2	66.8	11.778	/Users/mary/Desktop/listens_20180309/completed_listens/file5e577acaa384.wav	file5e577acaa384.wav	11.778	557.0	3417.7	anthrophony	tapping?
85	Spectrogram 1	1	13.553	13.553336906	13.979494904	0.426	1500.0	3843.8	2156.2	30.2	44.2	60.7	13.553	/Users/mary/Desktop/listens_20180309/completed_listens/file5e577acaa384.wav	file5e577acaa384.wav	13.553	1417.7	4050.6	anthrophony	tapping?
87	Spectrogram 1	1	102.728	102.728399158	103.983979199	1.256	4125.0	6281.2	5062.5	28.3	46.1	63.2	102.728	/Users/mary/Desktop/listens_20180309/completed_listens/file5e577acaa384.wav	file5e577acaa384.wav	102.728	3949.4	6455.7	WCSP	call
91	Spectrogram 1	1	226.799	226.798714523	226.905254022	0.107	4500.0	5531.2	5062.5	29.1	39.6	50.6	226.799	/Users/mary/Desktop/listens_20180309/completed_listens/file5e577acaa384.wav	file5e577acaa384.wav	226.799	4338.3	5682.9	WCSP	call
92	Spectrogram 1	1	228.477	228.476711637	228.680912344	0.204	4593.8	5718.8	4968.8	28.6	40.9	53.1	228.477	/Users/mary/Desktop/listens_20180309/completed_listens/file5e577acaa384.wav	file5e577acaa384.wav	228.477	4465.1	5860.5	WCSP	call
93	Spectrogram 1	1	229.773	229.772942212	230.057047544	0.284	4500.0	5625.0	5062.5	28.2	40.2	54.2	229.773	/Users/mary/Desktop/listens_20180309/completed_listens/file5e577acaa384.wav	file5e577acaa384.wav	229.773	4363.6	5759.0	WCSP	call
94	Spectrogram 1	1	231.034	231.033659621	231.166833996	0.133	4500.0	5437.5	4968.8	29.7	40.9	51.5	231.034	/Users/mary/Desktop/listens_20180309/completed_listens/file5e577acaa384.wav	file5e577acaa384.wav	231.034	4439.7	5606.8	WCSP	call
95	Spectrogram 1	1	232.188	232.187837531	232.392038238	0.204	4500.0	5531.2	5062.5	27.8	38.8	51.4	232.188	/Users/mary/Desktop/listens_20180309/completed_listens/file5e577acaa384.wav	file5e577acaa384.wav	232.188	4465.1	5556.0	WCSP	call
96	Spectrogram 1	1	233.493	233.492946398	233.661633938	0.169	4406.2	5812.5	4968.8	30.2	45.7	54.8	233.493	/Users/mary/Desktop/listens_20180309/completed_listens/file5e577acaa384.wav	file5e577acaa384.wav	233.493	4236.8	5911.2	WCSP	call
97	Spectrogram 1	1	234.984	234.984499389	235.144308638	0.160	4593.8	5531.2	5062.5	29.5	43.8	52.0	234.984	/Users/mary/Desktop/listens_20180309/completed_listens/file5e577acaa384.wav	file5e577acaa384.wav	234.984	4566.6	5657.5	WCSP	call
98	Spectrogram 1	1	236.787	236.786792586	236.999871584	0.213	4500.0	5437.5	4968.8	28.5	41.5	51.9	236.787	/Users/mary/Desktop/listens_20180309/completed_listens/file5e577acaa384.wav	file5e577acaa384.wav	236.787	4414.4	5505.3	WCSP	call
99	Spectrogram 1	1	238.412	238.411519951	238.526937742	0.115	4406.2	5250.0	4781.2	29.7	42.8	50.7	238.412	/Users/mary/Desktop/listens_20180309/completed_listens/file5e577acaa384.wav	file5e577acaa384.wav	238.412	4262.2	5403.8	WCSP	call
100	Spectrogram 1	1	240.202	240.202140793	240.353071750	0.151	4406.2	5531.2	4968.8	28.2	39.6	51.3	240.202	/Users/mary/Desktop/listens_20180309/completed_listens/file5e577acaa384.wav	file5e577acaa384.wav	240.202	4262.2	5581.4	WCSP	call
101	Spectrogram 1	1	241.330	241.329694502	241.507260334	0.178	4500.0	5250.0	4875.0	28.3	40.3	50.5	241.330	/Users/mary/Desktop/listens_20180309/completed_listens/file5e577acaa384.wav	file5e577acaa384.wav	241.330	4414.4	5429.2	WCSP	call
102	Spectrogram 1	1	240.797	240.796997005	241.374085960	0.577	3656.2	4312.5	3937.5	28.5	39.3	54.8	240.797	/Users/mary/Desktop/listens_20180309/completed_listens/file5e577acaa384.wav	file5e577acaa384.wav	240.797	3577.2	4389.0	WCSP	song first note
103	Spectrogram 1	1	243.267	243.267256162	243.418187119	0.151	4406.2	5343.8	4875.0	29.5	40.0	51.3	243.267	/Users/mary/Desktop/listens_20180309/completed_listens/file5e577acaa384.wav	file5e577acaa384.wav	243.267	4363.6	5403.8	WCSP	call
104	Spectrogram 1	1	246.898	246.898477431	247.067164972	0.169	4406.2	5437.5	4875.0	28.5	40.6	51.3	246.898	/Users/mary/Desktop/listens_20180309/completed_listens/file5e577acaa384.wav	file5e577acaa384.wav	246.898	4363.6	5505.3	WCSP	call
105	Spectrogram 1	1	248.505	248.505448213	248.709648920	0.204	4406.2	5343.8	4968.8	29.0	41.8	52.7	248.505	/Users/mary/Desktop/listens_20180309/completed_listens/file5e577acaa384.wav	file5e577acaa384.wav	248.505	4363.6	5479.9	WCSP	call
106	Spectrogram 1	1	251.734	251.733660583	251.893469832	0.160	4406.2	5343.8	4968.8	28.2	37.4	50.4	251.734	/Users/mary/Desktop/listens_20180309/completed_listens/file5e577acaa384.wav	file5e577acaa384.wav	251.734	4363.6	5403.8	WCSP	call
107	Spectrogram 1	1	253.367	253.367266240	253.553710364	0.186	4406.2	5250.0	4875.0	28.2	39.4	51.1	253.367	/Users/mary/Desktop/listens_20180309/completed_listens/file5e577acaa384.wav	file5e577acaa384.wav	253.367	4363.6	5403.8	WCSP	call
108	Spectrogram 1	1	250.127	250.126689801	250.535091216	0.408	2250.0	3937.5	3093.8	27.9	39.2	57.0	250.127	/Users/mary/Desktop/listens_20180309/completed_listens/file5e577acaa384.wav	file5e577acaa384.wav	250.127	2080.3	4084.6	PIKA	
109	Spectrogram 1	1	255.258	255.258342353	255.506934518	0.249	4500.0	5625.0	5062.5	27.6	37.0	52.4	255.258	/Users/mary/Desktop/listens_20180309/completed_listens/file5e577acaa384.wav	file5e577acaa384.wav	255.258	4414.4	5632.1	WCSP	call
110	Spectrogram 1	1	257.451	257.451280381	257.646602797	0.195	4312.5	5437.5	4875.0	27.7	41.4	51.8	257.451	/Users/mary/Desktop/listens_20180309/completed_listens/file5e577acaa384.wav	file5e577acaa384.wav	257.451	4211.4	5479.9	WCSP	call
111	Spectrogram 1	1	261.248	261.248370678	261.603502342	0.355	4125.0	5437.5	4781.2	30.6	46.9	58.5	261.248	/Users/mary/Desktop/listens_20180309/completed_listens/file5e577acaa384.wav	file5e577acaa384.wav	261.248	3932.3	5682.9	WCSP	call
112	Spectrogram 1	1	262.731	262.731045377	262.890854626	0.160	4406.2	5250.0	4875.0	29.0	42.2	51.1	262.731	/Users/mary/Desktop/listens_20180309/completed_listens/file5e577acaa384.wav	file5e577acaa384.wav	262.731	4363.6	5429.2	WCSP	call
113	Spectrogram 1	1	264.365	264.364651033	264.542216866	0.178	4406.2	5437.5	4875.0	28.3	40.0	51.6	264.365	/Users/mary/Desktop/listens_20180309/completed_listens/file5e577acaa384.wav	file5e577acaa384.wav	264.365	4262.2	5454.5	WCSP	call
114	Spectrogram 1	1	265.395	265.394532860	265.758542816	0.364	4406.2	5531.2	4968.8	28.1	40.2	54.9	265.395	/Users/mary/Desktop/listens_20180309/completed_listens/file5e577acaa384.wav	file5e577acaa384.wav	265.395	4363.6	5657.5	WCSP	call
115	Spectrogram 1	1	266.602	266.601980519	266.797302935	0.195	4312.5	5343.8	4781.2	28.6	41.0	52.1	266.602	/Users/mary/Desktop/listens_20180309/completed_listens/file5e577acaa384.wav	file5e577acaa384.wav	266.602	4287.5	5378.4	WCSP	call
116	Spectrogram 1	1	267.792	267.791671595	268.146803260	0.355	4406.2	5531.2	4875.0	27.5	40.6	54.2	267.792	/Users/mary/Desktop/listens_20180309/completed_listens/file5e577acaa384.wav	file5e577acaa384.wav	267.792	4236.8	5581.4	WCSP	call
117	Spectrogram 1	1	269.164	269.163657888	269.287953970	0.124	4218.8	5343.8	4875.0	28.2	39.7	50.6	269.164	/Users/mary/Desktop/listens_20180309/completed_listens/file5e577acaa384.wav	file5e577acaa384.wav	269.164	4109.9	5479.9	WCSP	call
118	Spectrogram 1	1	270.211	270.211296298	270.406618713	0.195	4218.8	5250.0	4781.2	27.9	38.2	51.3	270.211	/Users/mary/Desktop/listens_20180309/completed_listens/file5e577acaa384.wav	file5e577acaa384.wav	270.211	4186.0	5327.7	WCSP	call
119	Spectrogram 1	1	273.328	273.327576654	273.700464901	0.373	4125.0	5437.5	4875.0	27.5	40.1	55.0	273.328	/Users/mary/Desktop/listens_20180309/completed_listens/file5e577acaa384.wav	file5e577acaa384.wav	273.328	4033.8	5606.8	WCSP	call
120	Spectrogram 1	1	277.762	277.761881839	278.685224167	0.923	2343.8	4031.2	3187.5	29.1	43.6	61.7	277.762	/Users/mary/Desktop/listens_20180309/completed_listens/file5e577acaa384.wav	file5e577acaa384.wav	277.762	2207.2	4135.3	PIKA	
121	Spectrogram 1	1	279.344	279.344251218	279.521817050	0.178	4406.2	5250.0	4875.0	27.9	38.6	50.5	279.344	/Users/mary/Desktop/listens_20180309/completed_listens/file5e577acaa384.wav	file5e577acaa384.wav	279.344	4389.0	5378.4	WCSP	call
122	Spectrogram 1	1	280.276	280.276471837	280.436281086	0.160	4500.0	5343.8	4968.8	28.3	40.1	50.0	280.276	/Users/mary/Desktop/listens_20180309/completed_listens/file5e577acaa384.wav	file5e577acaa384.wav	280.276	4465.1	5429.2	WCSP	call
123	Spectrogram 1	1	282.390	282.389505241	282.575949364	0.186	4312.5	5625.0	5062.5	28.0	39.8	52.0	282.390	/Users/mary/Desktop/listens_20180309/completed_listens/file5e577acaa384.wav	file5e577acaa384.wav	282.390	4287.5	5632.1	WCSP	call
124	Spectrogram 1	1	300.011	300.010983310	300.188549143	0.178	4406.2	5531.2	4968.8	28.6	39.1	52.3	300.011	/Users/mary/Desktop/listens_20180309/completed_listens/file5e577acaa384.wav	file5e577acaa384.wav	300.011	4363.6	5657.5	WCSP	call
125	Spectrogram 1	1	300.890	300.889934180	301.058621721	0.169	4406.2	5343.8	4875.0	28.3	39.3	50.7	300.890	/Users/mary/Desktop/listens_20180309/completed_listens/file5e577acaa384.wav	file5e577acaa384.wav	300.890	4312.9	5353.1	WCSP	call
126	Spectrogram 1	1	304.495	304.494520574	304.672086407	0.178	4406.2	5343.8	4781.2	28.5	38.9	51.6	304.495	/Users/mary/Desktop/listens_20180309/completed_listens/file5e577acaa384.wav	file5e577acaa384.wav	304.495	4236.8	5403.8	WCSP	call
127	Spectrogram 1	1	318.079	318.078884291	318.256450123	0.178	4312.5	5343.8	4781.2	27.8	37.9	50.9	318.079	/Users/mary/Desktop/listens_20180309/completed_listens/file5e577acaa384.wav	file5e577acaa384.wav	318.079	4236.8	5403.8	WCSP	call
128	Spectrogram 1	1	323.999	323.998603136	324.211682135	0.213	2343.8	3375.0	3187.5	35.1	54.1	60.2	323.999	/Users/mary/Desktop/listens_20180309/completed_listens/file5e577acaa384.wav	file5e577acaa384.wav	323.999	2232.6	3678.6	MARMOT	
129	Spectrogram 1	1	330.158	330.158022079	330.468762285	0.311	4500.0	5625.0	5062.5	29.8	43.5	56.2	330.158	/Users/mary/Desktop/listens_20180309/completed_listens/file5e577acaa384.wav	file5e577acaa384.wav	330.158	4312.9	5733.6	WCSP	
130	Spectrogram 1	1	331.135	331.134634156	331.303321697	0.169	4218.8	5250.0	4875.0	28.9	41.8	52.1	331.135	/Users/mary/Desktop/listens_20180309/completed_listens/file5e577acaa384.wav	file5e577acaa384.wav	331.135	4186.0	5429.2	WCSP	
131	Spectrogram 1	1	332.156	332.155637691	332.342081815	0.186	4218.8	5343.8	4875.0	28.2	41.8	52.1	332.156	/Users/mary/Desktop/listens_20180309/completed_listens/file5e577acaa384.wav	file5e577acaa384.wav	332.156	4135.3	5505.3	WCSP	
132	Spectrogram 1	1	333.008	333.007953686	333.185519518	0.178	4406.2	5343.8	4875.0	28.4	41.0	51.8	333.008	/Users/mary/Desktop/listens_20180309/completed_listens/file5e577acaa384.wav	file5e577acaa384.wav	333.008	4287.5	5454.5	WCSP	
133	Spectrogram 1	1	333.860	333.860269681	334.233157928	0.373	3937.5	5437.5	4687.5	27.3	38.9	55.3	333.860	/Users/mary/Desktop/listens_20180309/completed_listens/file5e577acaa384.wav	file5e577acaa384.wav	333.860	3754.8	5454.5	WCSP	
134	Spectrogram 1	1	334.819	334.819125175	335.014447590	0.195	3937.5	5343.8	4781.2	28.4	41.9	53.4	334.819	/Users/mary/Desktop/listens_20180309/completed_listens/file5e577acaa384.wav	file5e577acaa384.wav	334.819	3856.2	5505.3	WCSP	
135	Spectrogram 1	1	335.885	335.884520168	336.044329417	0.160	4125.0	5156.2	4875.0	30.0	44.4	53.2	335.885	/Users/mary/Desktop/listens_20180309/completed_listens/file5e577acaa384.wav	file5e577acaa384.wav	335.885	3957.7	5327.7	WCSP	
136	Spectrogram 1	1	337.634	337.633543616	337.811109448	0.178	4406.2	5343.8	4968.8	29.2	42.1	51.8	337.634	/Users/mary/Desktop/listens_20180309/completed_listens/file5e577acaa384.wav	file5e577acaa384.wav	337.634	4338.3	5403.8	WCSP	
137	Spectrogram 1	1	340.320	340.320192768	343.631795539	3.312	4125.0	5718.8	4968.8	27.8	46.4	65.8	340.320	/Users/mary/Desktop/listens_20180309/completed_listens/file5e577acaa384.wav	file5e577acaa384.wav	340.320	3983.1	5885.8	WCSP	
138	Spectrogram 1	1	347.485	347.484974099	349.127458047	1.642	4500.0	5718.8	4968.8	27.9	44.5	61.8	347.485	/Users/mary/Desktop/listens_20180309/completed_listens/file5e577acaa384.wav	file5e577acaa384.wav	347.485	4312.9	5860.5	WCSP	
139	Spectrogram 1	1	353.963	353.963298303	356.156236331	2.193	3187.5	4687.5	3937.5	29.1	44.0	65.0	353.963	/Users/mary/Desktop/listens_20180309/completed_listens/file5e577acaa384.wav	file5e577acaa384.wav	353.963	3069.8	4845.7	WCSP	song
140	Spectrogram 1	1	354.398	354.398334592	358.207121693	3.809	4500.0	5531.2	4968.8	28.7	45.9	65.3	354.398	/Users/mary/Desktop/listens_20180309/completed_listens/file5e577acaa384.wav	file5e577acaa384.wav	354.398	4490.5	5682.9	WCSP	
141	Spectrogram 1	1	358.766	358.766454065	359.467839102	0.701	4593.8	5625.0	4968.8	31.1	46.2	60.8	358.766	/Users/mary/Desktop/listens_20180309/completed_listens/file5e577acaa384.wav	file5e577acaa384.wav	358.766	4490.5	5809.7	WCSP	
142	Spectrogram 1	1	359.139	359.139342312	359.592135185	0.453	2343.8	4031.2	3093.8	30.2	43.8	59.7	359.139	/Users/mary/Desktop/listens_20180309/completed_listens/file5e577acaa384.wav	file5e577acaa384.wav	359.139	2207.2	4211.4	PIKA	
143	Spectrogram 1	1	360.222	360.222493889	360.346789972	0.124	4406.2	5531.2	4968.8	30.0	42.5	52.6	360.222	/Users/mary/Desktop/listens_20180309/completed_listens/file5e577acaa384.wav	file5e577acaa384.wav	360.222	4262.2	5682.9	WCSP	
144	Spectrogram 1	1	361.022	361.021540134	361.216862550	0.195	4593.8	5437.5	4968.8	29.7	43.7	53.2	361.022	/Users/mary/Desktop/listens_20180309/completed_listens/file5e577acaa384.wav	file5e577acaa384.wav	361.022	4465.1	5581.4	WCSP	
145	Spectrogram 1	1	361.785	361.785073213	361.989273920	0.204	4500.0	5531.2	4875.0	30.6	46.6	54.9	361.785	/Users/mary/Desktop/listens_20180309/completed_listens/file5e577acaa384.wav	file5e577acaa384.wav	361.785	4389.0	5682.9	WCSP	
146	Spectrogram 1	1	362.504	362.504214833	362.877103081	0.373	4312.5	5531.2	4968.8	28.0	42.7	55.5	362.504	/Users/mary/Desktop/listens_20180309/completed_listens/file5e577acaa384.wav	file5e577acaa384.wav	362.504	4160.7	5632.1	WCSP	
147	Spectrogram 1	1	368.976	368.976361074	369.429153946	0.453	4687.5	6000.0	5250.0	27.8	39.6	56.3	368.976	/Users/mary/Desktop/listens_20180309/completed_listens/file5e577acaa384.wav	file5e577acaa384.wav	368.976	4541.2	6164.9	WCSP	
148	Spectrogram 1	1	372.217	372.216937512	372.385625053	0.169	4593.8	5718.8	5156.2	28.3	39.9	51.4	372.217	/Users/mary/Desktop/listens_20180309/completed_listens/file5e577acaa384.wav	file5e577acaa384.wav	372.217	4566.6	5784.4	WCSP	
149	Spectrogram 1	1	379.843	379.843390007	380.003199256	0.160	4593.8	5437.5	4968.8	29.2	40.6	50.9	379.843	/Users/mary/Desktop/listens_20180309/completed_listens/file5e577acaa384.wav	file5e577acaa384.wav	379.843	4541.2	5479.9	WCSP	
150	Spectrogram 1	1	380.527	380.527018461	380.846636959	0.320	4687.5	5531.2	4968.8	31.9	50.4	57.8	380.527	/Users/mary/Desktop/listens_20180309/completed_listens/file5e577acaa384.wav	file5e577acaa384.wav	380.527	4490.5	5682.9	WCSP	
151	Spectrogram 1	1	381.646	381.645683204	381.796614161	0.151	4687.5	5437.5	4968.8	32.2	47.3	54.0	381.646	/Users/mary/Desktop/listens_20180309/completed_listens/file5e577acaa384.wav	file5e577acaa384.wav	381.646	4515.9	5556.0	WCSP	
152	Spectrogram 1	1	383.079	383.079142526	383.230073484	0.151	4687.5	5437.5	4968.8	31.5	46.3	53.8	383.079	/Users/mary/Desktop/listens_20180309/completed_listens/file5e577acaa384.wav	file5e577acaa384.wav	383.079	4465.1	5581.4	WCSP	
153	Spectrogram 1	1	384.260	384.259955311	384.402007977	0.142	4500.0	5250.0	4875.0	30.9	45.1	52.6	384.260	/Users/mary/Desktop/listens_20180309/completed_listens/file5e577acaa384.wav	file5e577acaa384.wav	384.260	4363.6	5378.4	WCSP	
154	Spectrogram 1	1	385.911	385.911317551	386.239814340	0.328	4500.0	5343.8	4968.8	29.8	46.1	55.4	385.911	/Users/mary/Desktop/listens_20180309/completed_listens/file5e577acaa384.wav	file5e577acaa384.wav	385.911	4363.6	5530.7	WCSP	
155	Spectrogram 1	1	387.873	387.873419997	388.255186536	0.382	4312.5	5531.2	4968.8	28.4	43.6	55.9	387.873	/Users/mary/Desktop/listens_20180309/completed_listens/file5e577acaa384.wav	file5e577acaa384.wav	387.873	4160.7	5708.2	WCSP	
156	Spectrogram 1	1	388.981	388.981093424	389.096511214	0.115	4687.5	5531.2	4968.8	30.0	41.2	50.4	388.981	/Users/mary/Desktop/listens_20180309/completed_listens/file5e577acaa384.wav	file5e577acaa384.wav	388.981	4617.3	5581.4	WCSP	
157	Spectrogram 1	1	390.313	390.312837165	390.463768123	0.151	4500.0	5343.8	4968.8	28.8	42.2	50.3	390.313	/Users/mary/Desktop/listens_20180309/completed_listens/file5e577acaa384.wav	file5e577acaa384.wav	390.313	4439.7	5403.8	WCSP	
158	Spectrogram 1	1	392.195	392.195034987	392.310452778	0.115	4687.5	5250.0	4875.0	30.8	43.3	50.7	392.195	/Users/mary/Desktop/listens_20180309/completed_listens/file5e577acaa384.wav	file5e577acaa384.wav	392.195	4515.9	5429.2	WCSP	
159	Spectrogram 1	1	393.500	393.500143854	394.947305387	1.447	4406.2	5437.5	4968.8	27.7	42.9	59.8	393.500	/Users/mary/Desktop/listens_20180309/completed_listens/file5e577acaa384.wav	file5e577acaa384.wav	393.500	4312.9	5454.5	WCSP	
160	Spectrogram 1	1	409.098	409.097780002	409.781408456	0.684	2156.2	3843.8	3468.8	33.2	50.5	65.1	409.098	/Users/mary/Desktop/listens_20180309/completed_listens/file5e577acaa384.wav	file5e577acaa384.wav	409.098	1902.7	4160.7	PIKA	
161	Spectrogram 1	1	414.007	414.007426188	417.007426188	3.000	1593.8	10875.0	6187.5	27.8	42.5	72.4	414.007	/Users/mary/Desktop/listens_20180309/completed_listens/file5e577acaa384.wav	file5e577acaa384.wav	414.007	1413.0	11220.0	background	
162	Spectrogram 1	1	423.564	423.564497195	424.052803234	0.488	4781.2	5343.8	4968.8	40.7	60.8	69.9	423.564	/Users/mary/Desktop/listens_20180309/completed_listens/file5e577acaa384.wav	file5e577acaa384.wav	423.564	4236.8	5961.9	WCSP	
163	Spectrogram 1	1	424.479	424.478961231	431.546081354	7.067	4500.0	5812.5	5156.2	27.8	47.0	68.3	424.479	/Users/mary/Desktop/listens_20180309/completed_listens/file5e577acaa384.wav	file5e577acaa384.wav	424.479	4389.0	5936.6	WCSP	
164	Spectrogram 1	1	432.354	432.354005891	432.709137555	0.355	4593.8	5718.8	5156.2	28.1	40.9	54.8	432.354	/Users/mary/Desktop/listens_20180309/completed_listens/file5e577acaa384.wav	file5e577acaa384.wav	432.354	4465.1	5759.0	WCSP	
165	Spectrogram 1	1	433.091	433.090904094	433.312861385	0.222	4406.2	5625.0	4968.8	27.7	39.3	52.4	433.091	/Users/mary/Desktop/listens_20180309/completed_listens/file5e577acaa384.wav	file5e577acaa384.wav	433.091	4389.0	5657.5	WCSP	
166	Spectrogram 1	1	433.757	433.756775965	434.014246422	0.257	4406.2	5625.0	4968.8	29.3	43.4	55.2	433.757	/Users/mary/Desktop/listens_20180309/completed_listens/file5e577acaa384.wav	file5e577acaa384.wav	433.757	4262.2	5784.4	WCSP	
167	Spectrogram 1	1	434.698	434.697874876	434.919832166	0.222	4406.2	5625.0	4968.8	31.7	48.4	57.5	434.698	/Users/mary/Desktop/listens_20180309/completed_listens/file5e577acaa384.wav	file5e577acaa384.wav	434.698	4135.3	5885.8	WCSP	
168	Spectrogram 1	1	435.879	435.878687660	436.189427867	0.311	4687.5	5812.5	5062.5	30.5	48.8	56.9	435.879	/Users/mary/Desktop/listens_20180309/completed_listens/file5e577acaa384.wav	file5e577acaa384.wav	435.879	4515.9	5961.9	WCSP	
169	Spectrogram 1	1	436.973	436.973381758	437.195339048	0.222	4687.5	5718.8	5062.5	28.5	41.9	52.8	436.973	/Users/mary/Desktop/listens_20180309/completed_listens/file5e577acaa384.wav	file5e577acaa384.wav	436.973	4566.6	5733.6	WCSP	
170	Spectrogram 1	1	438.181	438.180829417	438.598109123	0.417	4593.8	5812.5	5250.0	28.1	41.5	55.6	438.181	/Users/mary/Desktop/listens_20180309/completed_listens/file5e577acaa384.wav	file5e577acaa384.wav	438.181	4566.6	5885.8	WCSP	
171	Spectrogram 1	1	440.738	440.737777401	440.870951775	0.133	4781.2	5437.5	5156.2	28.2	36.8	48.2	440.738	/Users/mary/Desktop/listens_20180309/completed_listens/file5e577acaa384.wav	file5e577acaa384.wav	440.738	4693.4	5530.7	WCSP	
172	Spectrogram 1	1	442.576	442.575583765	442.726514722	0.151	4781.2	5531.2	5062.5	30.8	44.3	52.8	442.576	/Users/mary/Desktop/listens_20180309/completed_listens/file5e577acaa384.wav	file5e577acaa384.wav	442.576	4617.3	5657.5	WCSP	
173	Spectrogram 1	1	443.233	443.232577344	443.436778051	0.204	4500.0	5343.8	4875.0	27.4	38.1	50.2	443.233	/Users/mary/Desktop/listens_20180309/completed_listens/file5e577acaa384.wav	file5e577acaa384.wav	443.233	4465.1	5403.8	WCSP	
174	Spectrogram 1	1	444.156	444.155919672	444.360120379	0.204	4218.8	5250.0	4875.0	28.0	39.0	51.6	444.156	/Users/mary/Desktop/listens_20180309/completed_listens/file5e577acaa384.wav	file5e577acaa384.wav	444.156	4211.4	5251.6	WCSP	
175	Spectrogram 1	1	444.982	444.981600792	445.194679790	0.213	4500.0	5531.2	4968.8	27.6	36.8	51.4	444.982	/Users/mary/Desktop/listens_20180309/completed_listens/file5e577acaa384.wav	file5e577acaa384.wav	444.982	4414.4	5606.8	WCSP	
176	Spectrogram 1	1	446.271	446.270928518	448.002195382	1.731	4312.5	5343.8	4875.0	27.1	40.3	60.0	446.271	/Users/mary/Desktop/listens_20180309/completed_listens/file5e577acaa384.wav	file5e577acaa384.wav	446.271	4236.8	5403.8	WCSP	
177	Spectrogram 1	1	449.165	449.165251583	457.430941074	8.266	4406.2	6093.8	5156.2	27.1	45.2	69.2	449.165	/Users/mary/Desktop/listens_20180309/completed_listens/file5e577acaa384.wav	file5e577acaa384.wav	449.165	4287.5	6215.6	WCSP	
178	Spectrogram 1	1	458.020	458.019518828	459.786298858	1.767	4406.2	5437.5	4875.0	27.3	43.9	60.3	458.020	/Users/mary/Desktop/listens_20180309/completed_listens/file5e577acaa384.wav	file5e577acaa384.wav	458.020	4389.0	5505.3	WCSP	
179	Spectrogram 1	1	460.124	460.123673940	460.505440479	0.382	2343.8	3656.2	3375.0	30.6	46.2	58.6	460.124	/Users/mary/Desktop/listens_20180309/completed_listens/file5e577acaa384.wav	file5e577acaa384.wav	460.124	2181.8	3932.3	PIKA	
180	Spectrogram 1	1	461.056	461.055894559	461.411026223	0.355	4968.8	6093.8	5343.8	37.3	57.6	66.6	461.056	/Users/mary/Desktop/listens_20180309/completed_listens/file5e577acaa384.wav	file5e577acaa384.wav	461.056	4515.9	6875.3	WCSP	
181	Spectrogram 1	1	462.050	462.050263219	462.263342218	0.213	4875.0	5906.2	5343.8	39.6	61.8	66.3	462.050	/Users/mary/Desktop/listens_20180309/completed_listens/file5e577acaa384.wav	file5e577acaa384.wav	462.050	4312.9	6545.5	WCSP	
182	Spectrogram 1	1	462.885	462.884822631	463.133414796	0.249	4968.8	6000.0	5250.0	40.4	62.3	68.4	462.885	/Users/mary/Desktop/listens_20180309/completed_listens/file5e577acaa384.wav	file5e577acaa384.wav	462.885	4211.4	6748.4	WCSP	
183	Spectrogram 1	1	463.853	463.852556416	464.039000540	0.186	4687.5	5906.2	5250.0	42.1	63.0	69.1	463.853	/Users/mary/Desktop/listens_20180309/completed_listens/file5e577acaa384.wav	file5e577acaa384.wav	463.853	4211.4	6849.9	WCSP	
184	Spectrogram 1	1	465.122	465.122152117	465.397379157	0.275	4687.5	5906.2	5250.0	39.3	60.4	67.9	465.122	/Users/mary/Desktop/listens_20180309/completed_listens/file5e577acaa384.wav	file5e577acaa384.wav	465.122	4211.4	6824.5	WCSP	
185	Spectrogram 1	1	466.312	466.311843193	471.851897159	5.540	4781.2	6093.8	5343.8	37.0	65.0	78.8	466.312	/Users/mary/Desktop/listens_20180309/completed_listens/file5e577acaa384.wav	file5e577acaa384.wav	466.312	4186.0	6900.6	WCSP	
186	Spectrogram 1	1	472.430	472.430288956	472.687759413	0.257	4781.2	6281.2	5531.2	32.1	48.9	59.7	472.430	/Users/mary/Desktop/listens_20180309/completed_listens/file5e577acaa384.wav	file5e577acaa384.wav	472.430	4338.3	6646.9	WCSP	
187	Spectrogram 1	1	473.220	473.220456909	473.868572197	0.648	4875.0	6187.5	5437.5	34.4	57.3	66.7	473.220	/Users/mary/Desktop/listens_20180309/completed_listens/file5e577acaa384.wav	file5e577acaa384.wav	473.220	4236.8	6926.0	WCSP	
188	Spectrogram 1	1	474.588	474.587713818	474.774157941	0.186	5156.2	6281.2	5531.2	36.1	55.1	62.5	474.588	/Users/mary/Desktop/listens_20180309/completed_listens/file5e577acaa384.wav	file5e577acaa384.wav	474.588	4515.9	6875.3	WCSP	
189	Spectrogram 1	1	475.209	475.209194230	475.422273229	0.213	4687.5	6187.5	5343.8	29.7	44.5	55.8	475.209	/Users/mary/Desktop/listens_20180309/completed_listens/file5e577acaa384.wav	file5e577acaa384.wav	475.209	4465.1	6342.5	WCSP	
190	Spectrogram 1	1	476.576	476.576451139	476.816165012	0.240	4781.2	6281.2	5437.5	31.7	47.5	58.6	476.576	/Users/mary/Desktop/listens_20180309/completed_listens/file5e577acaa384.wav	file5e577acaa384.wav	476.576	4515.9	6621.6	WCSP	
191	Spectrogram 1	1	479.391	479.390869580	479.595070287	0.204	5062.5	6468.8	5437.5	31.0	44.2	56.7	479.391	/Users/mary/Desktop/listens_20180309/completed_listens/file5e577acaa384.wav	file5e577acaa384.wav	479.391	4794.9	6570.8	WCSP	
192	Spectrogram 1	1	485.849	485.849318134	485.964735925	0.115	4406.2	5156.2	4781.2	28.9	41.1	48.9	485.849	/Users/mary/Desktop/listens_20180309/completed_listens/file5e577acaa384.wav	file5e577acaa384.wav	485.849	4312.9	5175.5	WCSP	
193	Spectrogram 1	1	486.684	486.683877545	487.749272539	1.065	4406.2	5906.2	5156.2	27.1	42.1	59.4	486.684	/Users/mary/Desktop/listens_20180309/completed_listens/file5e577acaa384.wav	file5e577acaa384.wav	486.684	4389.0	5936.6	WCSP	
194	Spectrogram 1	1	490.262	490.261829065	490.403881730	0.142	4687.5	6281.2	5343.8	30.6	44.4	55.1	490.262	/Users/mary/Desktop/listens_20180309/completed_listens/file5e577acaa384.wav	file5e577acaa384.wav	490.262	4439.7	6520.1	WCSP	
195	Spectrogram 1	1	505.744	505.744050348	506.028155680	0.284	3656.2	6281.2	5343.8	30.3	48.7	59.8	505.744	/Users/mary/Desktop/listens_20180309/completed_listens/file5e577acaa384.wav	file5e577acaa384.wav	505.744	3450.3	6621.6	WCSP	
196	Spectrogram 1	1	495.249	495.248705596	532.288938200	37.040	375.0	1500.0	750.0	41.5	60.3	89.9	495.249	/Users/mary/Desktop/listens_20180309/completed_listens/file5e577acaa384.wav	file5e577acaa384.wav	495.249	253.7	2131.1	COYOTE	
197	Spectrogram 1	1	547.789	547.788612589	548.925033916	1.136	2531.2	4312.5	3468.8	28.2	47.2	61.7	547.789	/Users/mary/Desktop/listens_20180309/completed_listens/file5e577acaa384.wav	file5e577acaa384.wav	547.789	2460.9	4465.1	GCRF	
198	Spectrogram 1	1	550.963	550.962865218	551.655371963	0.693	3093.8	4406.2	3656.2	31.5	53.9	61.9	550.963	/Users/mary/Desktop/listens_20180309/completed_listens/file5e577acaa384.wav	file5e577acaa384.wav	550.963	3044.4	4668.1	GCRF	
199	Spectrogram 1	1	553.822	553.821675117	554.354372613	0.533	2625.0	5062.5	3937.5	29.8	48.4	61.7	553.822	/Users/mary/Desktop/listens_20180309/completed_listens/file5e577acaa384.wav	file5e577acaa384.wav	553.822	2410.1	5277.0	GCRF	
200	Spectrogram 1	1	556.823	556.822537681	557.177669346	0.355	1781.2	4781.2	3281.2	32.2	49.2	63.2	556.823	/Users/mary/Desktop/listens_20180309/completed_listens/file5e577acaa384.wav	file5e577acaa384.wav	556.823	1598.3	5175.5	GCRF	
201	Spectrogram 1	1	558.208	558.207551173	558.544926254	0.337	1781.2	4218.8	3468.8	32.4	52.7	62.6	558.208	/Users/mary/Desktop/listens_20180309/completed_listens/file5e577acaa384.wav	file5e577acaa384.wav	558.208	1623.7	4769.6	GCRF	
202	Spectrogram 1	1	558.829	558.829031586	559.592564664	0.764	3281.2	4125.0	3750.0	28.2	39.0	56.8	558.829	/Users/mary/Desktop/listens_20180309/completed_listens/file5e577acaa384.wav	file5e577acaa384.wav	558.829	3247.4	4186.0	WCSP	song first note
203	Spectrogram 1	1	560.960	560.959821573	561.297196654	0.337	2718.8	3937.5	3468.8	29.7	46.6	56.8	560.960	/Users/mary/Desktop/listens_20180309/completed_listens/file5e577acaa384.wav	file5e577acaa384.wav	560.960	2587.7	4084.6	GCRF	
204	Spectrogram 1	1	555.290	555.289905502	556.266517579	0.977	1593.8	3093.8	2156.2	30.7	41.2	63.1	555.290	/Users/mary/Desktop/listens_20180309/completed_listens/file5e577acaa384.wav	file5e577acaa384.wav	555.290	1522.2	3298.1	CLNU	
205	Spectrogram 1	1	593.587	593.587123507	594.847840916	1.261	3468.8	4312.5	3843.8	28.0	40.4	58.7	593.587	/Users/mary/Desktop/listens_20180309/completed_listens/file5e577acaa384.wav	file5e577acaa384.wav	593.587	3399.6	4363.6	WCSP	
206	Spectrogram 1	1	576.577	576.577293811	578.021210858	1.444	3187.5	4593.8	3937.5	27.9	40.2	61.5	576.577	/Users/mary/Desktop/listens_20180309/completed_listens/file5e577acaa384.wav	file5e577acaa384.wav	576.577	3120.5	4769.6	WCSP	*HETH?
