Selection	View	Channel	Begin Clock Time	Begin Time (s)	End Time (s)	Delta Time (s)	Freq 5% (Hz)	Freq 95% (Hz)	Center Freq (Hz)	Avg Power (dB)	Max Power (dB)	Energy (dB)	Begin Date Time	Begin Path	Begin File	File Offset (s)	Low Freq (Hz)	High Freq (Hz)	ID	NOTES
1	Spectrogram 1	1	12.057	12.057313860	12.190488234	0.133	7968.8	9468.8	8625.0	21.8	38.2	45.7	12.057	/Users/mary/Desktop/listens_20180309/completed_listens/file5e575d44592a.wav	file5e575d44592a.wav	12.057	7730.2	9572.1	WCSP	extremely high
2	Spectrogram 1	1	12.537	12.536741607	12.669915981	0.133	7968.8	9281.2	8625.0	20.1	34.0	43.4	12.537	/Users/mary/Desktop/listens_20180309/completed_listens/file5e575d44592a.wav	file5e575d44592a.wav	12.537	7814.0	9460.5	WCSP	
3	Spectrogram 1	1	13.016	13.016169354	13.131587145	0.115	8156.2	9468.8	8812.5	20.0	32.8	42.5	13.016	/Users/mary/Desktop/listens_20180309/completed_listens/file5e575d44592a.wav	file5e575d44592a.wav	13.016	8148.8	9655.8	WCSP	
4	Spectrogram 1	1	14.099	14.099320930	14.259130179	0.160	7968.8	9562.5	8812.5	20.6	33.2	45.3	14.099	/Users/mary/Desktop/listens_20180309/completed_listens/file5e575d44592a.wav	file5e575d44592a.wav	14.099	7814.0	9683.7	WCSP	
5	Spectrogram 1	1	15.245	15.244620548	15.351160048	0.107	7968.8	8531.2	8250.0	20.0	32.5	38.5	15.245	/Users/mary/Desktop/listens_20180309/completed_listens/file5e575d44592a.wav	file5e575d44592a.wav	15.245	7953.5	8567.4	WCSP	
6	Spectrogram 1	1	16.488	16.488231339	16.648040588	0.160	5343.8	6843.8	6093.8	21.0	34.7	45.6	16.488	/Users/mary/Desktop/listens_20180309/completed_listens/file5e575d44592a.wav	file5e575d44592a.wav	16.488	5162.8	7004.7	WCSP	
7	Spectrogram 1	1	17.456	17.455965125	17.598017790	0.142	8156.2	9656.2	8906.2	19.8	32.4	43.6	17.456	/Users/mary/Desktop/listens_20180309/completed_listens/file5e575d44592a.wav	file5e575d44592a.wav	17.456	8009.3	9711.6	WCSP	
8	Spectrogram 1	1	20.270	20.270383565	20.368044773	0.098	8062.5	9281.2	8718.8	21.2	34.2	43.0	20.270	/Users/mary/Desktop/listens_20180309/completed_listens/file5e575d44592a.wav	file5e575d44592a.wav	20.270	7953.5	9460.5	WCSP	
9	Spectrogram 1	1	20.732	20.732054729	20.874107395	0.142	8062.5	9375.0	8625.0	19.6	33.9	42.5	20.732	/Users/mary/Desktop/listens_20180309/completed_listens/file5e575d44592a.wav	file5e575d44592a.wav	20.732	8037.2	9460.5	WCSP	
10	Spectrogram 1	1	22.907	22.907236174	23.040410548	0.133	7968.8	9375.0	8625.0	19.7	30.7	42.7	22.907	/Users/mary/Desktop/listens_20180309/completed_listens/file5e575d44592a.wav	file5e575d44592a.wav	22.907	7925.6	9376.7	WCSP	
11	Spectrogram 1	1	87.478	87.477772356	88.232427143	0.755	1968.8	5812.5	3187.5	25.0	44.8	60.7	87.478	/Users/mary/Desktop/listens_20180309/completed_listens/file5e575d44592a.wav	file5e575d44592a.wav	87.478	1841.9	6809.3	PIKA	
12	Spectrogram 1	1	170.944	170.943967847	171.077142222	0.133	8250.0	9375.0	8718.8	25.0	42.3	48.5	170.944	/Users/mary/Desktop/listens_20180309/completed_listens/file5e575d44592a.wav	file5e575d44592a.wav	170.944	7981.4	9711.6	WCSP	
13	Spectrogram 1	1	177.754	177.753617514	177.904548471	0.151	8531.2	9562.5	9093.8	29.7	46.1	54.1	177.754	/Users/mary/Desktop/listens_20180309/completed_listens/file5e575d44592a.wav	file5e575d44592a.wav	177.754	8260.5	10102.3	WCSP	
15	Spectrogram 1	1	183.180	183.179844825	183.304140907	0.124	8250.0	9468.8	8812.5	28.4	44.3	52.5	183.180	/Users/mary/Desktop/listens_20180309/completed_listens/file5e575d44592a.wav	file5e575d44592a.wav	183.180	7897.7	10018.6	WCSP	
16	Spectrogram 1	1	184.769	184.769059023	184.911111689	0.142	8062.5	9562.5	8625.0	21.3	37.6	45.4	184.769	/Users/mary/Desktop/listens_20180309/completed_listens/file5e575d44592a.wav	file5e575d44592a.wav	184.769	7869.8	9739.5	WCSP	
17	Spectrogram 1	1	186.935	186.935362177	187.059658259	0.124	8343.8	9656.2	8531.2	26.0	45.4	49.8	186.935	/Users/mary/Desktop/listens_20180309/completed_listens/file5e575d44592a.wav	file5e575d44592a.wav	186.935	8093.0	10074.4	WCSP	
18	Spectrogram 1	1	189.670	189.669875993	189.838563534	0.169	8156.2	9750.0	8906.2	23.8	39.2	49.1	189.670	/Users/mary/Desktop/listens_20180309/completed_listens/file5e575d44592a.wav	file5e575d44592a.wav	189.670	7925.6	9990.7	WCSP	
19	Spectrogram 1	1	196.124	196.123588635	196.239006426	0.115	8062.5	9656.2	8906.2	22.1	34.8	45.3	196.124	/Users/mary/Desktop/listens_20180309/completed_listens/file5e575d44592a.wav	file5e575d44592a.wav	196.124	7953.5	9795.3	WCSP	
20	Spectrogram 1	1	199.346	199.346408490	199.550609197	0.204	8062.5	9375.0	8718.8	26.7	44.7	52.7	199.346	/Users/mary/Desktop/listens_20180309/completed_listens/file5e575d44592a.wav	file5e575d44592a.wav	199.346	7869.8	9767.4	WCSP	
21	Spectrogram 1	1	205.710	205.709630276	205.833926359	0.124	7968.8	9562.5	8343.8	23.9	41.4	47.5	205.710	/Users/mary/Desktop/listens_20180309/completed_listens/file5e575d44592a.wav	file5e575d44592a.wav	205.710	7786.0	9711.6	WCSP	
22	Spectrogram 1	1	210.495	210.495029455	210.592690663	0.098	7875.0	9468.8	8812.5	21.2	35.1	44.4	210.495	/Users/mary/Desktop/listens_20180309/completed_listens/file5e575d44592a.wav	file5e575d44592a.wav	210.495	7590.7	9572.1	WCSP	
23	Spectrogram 1	1	212.386	212.386105568	212.554793109	0.169	8156.2	9562.5	8812.5	21.3	35.7	46.1	212.386	/Users/mary/Desktop/listens_20180309/completed_listens/file5e575d44592a.wav	file5e575d44592a.wav	212.386	7897.7	9739.5	WCSP	
24	Spectrogram 1	1	215.707	215.706586631	215.884152463	0.178	7968.8	9468.8	8437.5	21.7	37.9	46.8	215.707	/Users/mary/Desktop/listens_20180309/completed_listens/file5e575d44592a.wav	file5e575d44592a.wav	215.707	7841.9	9600.0	WCSP	
25	Spectrogram 1	1	218.885	218.885015028	219.044824277	0.160	7968.8	9281.2	8343.8	24.3	40.7	48.9	218.885	/Users/mary/Desktop/listens_20180309/completed_listens/file5e575d44592a.wav	file5e575d44592a.wav	218.885	7758.1	9488.4	WCSP	
26	Spectrogram 1	1	221.308	221.307716289	221.485282122	0.178	8062.5	9281.2	8343.8	27.8	49.7	53.2	221.308	/Users/mary/Desktop/listens_20180309/completed_listens/file5e575d44592a.wav	file5e575d44592a.wav	221.308	7702.3	9739.5	WCSP	
27	Spectrogram 1	1	235.481	235.481454166	235.605750249	0.124	7593.8	9281.2	8437.5	23.3	40.7	47.8	235.481	/Users/mary/Desktop/listens_20180309/completed_listens/file5e575d44592a.wav	file5e575d44592a.wav	235.481	7395.3	9544.2	WCSP	
28	Spectrogram 1	1	243.876	243.876153627	244.018206293	0.142	5531.2	6468.8	5718.8	25.1	43.5	48.1	243.876	/Users/mary/Desktop/listens_20180309/completed_listens/file5e575d44592a.wav	file5e575d44592a.wav	243.876	5358.1	6753.5	WCSP	
29	Spectrogram 1	1	255.739	255.739496185	255.846035685	0.107	5437.5	6375.0	5718.8	20.2	33.8	41.0	255.739	/Users/mary/Desktop/listens_20180309/completed_listens/file5e575d44592a.wav	file5e575d44592a.wav	255.739	5330.2	6390.7	WCSP	
30	Spectrogram 1	1	317.465	317.465014214	317.607066880	0.142	8156.2	9468.8	8625.0	25.7	43.1	50.0	317.465	/Users/mary/Desktop/listens_20180309/completed_listens/file5e575d44592a.wav	file5e575d44592a.wav	317.465	7869.8	9739.5	WCSP	
31	Spectrogram 1	1	318.601	318.601435541	318.681340165	0.080	8250.0	9187.5	8531.2	22.6	34.5	42.2	318.601	/Users/mary/Desktop/listens_20180309/completed_listens/file5e575d44592a.wav	file5e575d44592a.wav	318.601	8148.8	9265.1	WCSP	
32	Spectrogram 1	1	319.489	319.489264702	319.613560784	0.124	8062.5	9187.5	8625.0	21.8	36.2	44.5	319.489	/Users/mary/Desktop/listens_20180309/completed_listens/file5e575d44592a.wav	file5e575d44592a.wav	319.489	7925.6	9376.7	WCSP	
33	Spectrogram 1	1	345.129	345.128863925	345.483995589	0.355	1781.2	4125.0	2343.8	24.2	41.3	54.2	345.129	/Users/mary/Desktop/listens_20180309/completed_listens/file5e575d44592a.wav	file5e575d44592a.wav	345.129	1730.2	4576.7	GCRF	*GCRF?
34	Spectrogram 1	1	373.599	373.599431558	373.785875682	0.186	2531.2	3750.0	3093.8	22.7	35.9	46.9	373.599	/Users/mary/Desktop/listens_20180309/completed_listens/file5e575d44592a.wav	file5e575d44592a.wav	373.599	2511.6	3851.2	GCRF	
35	Spectrogram 1	1	392.712	392.712210465	392.827628256	0.115	8250.0	9375.0	8812.5	20.2	34.0	42.0	392.712	/Users/mary/Desktop/listens_20180309/completed_listens/file5e575d44592a.wav	file5e575d44592a.wav	392.712	8148.8	9432.6	WCSP	
36	Spectrogram 1	1	393.174	393.173881629	393.315934295	0.142	8250.0	9468.8	8906.2	21.3	35.6	44.5	393.174	/Users/mary/Desktop/listens_20180309/completed_listens/file5e575d44592a.wav	file5e575d44592a.wav	393.174	8120.9	9600.0	WCSP	
37	Spectrogram 1	1	400.501	400.501149008	400.652079965	0.151	7875.0	9375.0	8531.2	20.6	34.6	44.5	400.501	/Users/mary/Desktop/listens_20180309/completed_listens/file5e575d44592a.wav	file5e575d44592a.wav	400.501	7814.0	9460.5	WCSP	
38	Spectrogram 1	1	401.664	401.664205209	401.859527625	0.195	7968.8	9468.8	8718.8	19.9	32.9	44.7	401.664	/Users/mary/Desktop/listens_20180309/completed_listens/file5e575d44592a.wav	file5e575d44592a.wav	401.664	7953.5	9544.2	WCSP	
39	Spectrogram 1	1	403.111	403.111366742	403.235662824	0.124	8250.0	9750.0	8812.5	21.7	38.3	45.3	403.111	/Users/mary/Desktop/listens_20180309/completed_listens/file5e575d44592a.wav	file5e575d44592a.wav	403.111	7981.4	9934.9	WCSP	
40	Spectrogram 1	1	404.985	404.984686272	405.100104063	0.115	8250.0	9468.8	8812.5	28.2	45.7	51.4	404.985	/Users/mary/Desktop/listens_20180309/completed_listens/file5e575d44592a.wav	file5e575d44592a.wav	404.985	8232.6	10018.6	WCSP	
41	Spectrogram 1	1	406.165	406.165499056	406.334186597	0.169	8250.0	9375.0	8625.0	26.1	45.0	50.3	406.165	/Users/mary/Desktop/listens_20180309/completed_listens/file5e575d44592a.wav	file5e575d44592a.wav	406.165	8120.9	9711.6	WCSP	
42	Spectrogram 1	1	408.802	408.802351665	408.953282622	0.151	8437.5	9750.0	9000.0	29.0	48.1	53.7	408.802	/Users/mary/Desktop/listens_20180309/completed_listens/file5e575d44592a.wav	file5e575d44592a.wav	408.802	8204.7	10158.1	WCSP	
43	Spectrogram 1	1	413.498	413.498201999	413.658011248	0.160	8343.8	9843.8	9000.0	24.2	42.1	49.4	413.498	/Users/mary/Desktop/listens_20180309/completed_listens/file5e575d44592a.wav	file5e575d44592a.wav	413.498	8120.9	10158.1	WCSP	
44	Spectrogram 1	1	423.620	423.620076240	423.779885489	0.160	8250.0	9562.5	8906.2	20.4	34.9	44.5	423.620	/Users/mary/Desktop/listens_20180309/completed_listens/file5e575d44592a.wav	file5e575d44592a.wav	423.620	8065.1	9683.7	WCSP	
45	Spectrogram 1	1	426.763	426.762991471	426.905044136	0.142	8156.2	9281.2	8718.8	22.5	37.6	45.4	426.763	/Users/mary/Desktop/listens_20180309/completed_listens/file5e575d44592a.wav	file5e575d44592a.wav	426.763	7981.4	9376.7	WCSP	
46	Spectrogram 1	1	430.696	430.696074655	430.847005612	0.151	7593.8	9093.8	8343.8	20.3	36.3	44.5	430.696	/Users/mary/Desktop/listens_20180309/completed_listens/file5e575d44592a.wav	file5e575d44592a.wav	430.696	7479.1	9209.3	WCSP	
47	Spectrogram 1	1	433.678	433.678413502	433.820466168	0.142	8062.5	9281.2	8531.2	21.7	36.9	45.3	433.678	/Users/mary/Desktop/listens_20180309/completed_listens/file5e575d44592a.wav	file5e575d44592a.wav	433.678	7841.9	9460.5	WCSP	
48	Spectrogram 1	1	445.858	445.857987448	446.035553280	0.178	7875.0	9468.8	8531.2	25.7	44.7	52.0	445.858	/Users/mary/Desktop/listens_20180309/completed_listens/file5e575d44592a.wav	file5e575d44592a.wav	445.858	7479.1	9851.2	WCSP	
49	Spectrogram 1	1	450.342	450.341524712	450.545725419	0.204	8156.2	9750.0	8718.8	20.7	37.5	46.5	450.342	/Users/mary/Desktop/listens_20180309/completed_listens/file5e575d44592a.wav	file5e575d44592a.wav	450.342	8037.2	9879.1	WCSP	
50	Spectrogram 1	1	478.468	478.468352045	478.841240293	0.373	3656.2	6000.0	4875.0	23.8	40.2	54.6	478.468	/Users/mary/Desktop/listens_20180309/completed_listens/file5e575d44592a.wav	file5e575d44592a.wav	478.468	3293.0	6558.1	ROWR	
51	Spectrogram 1	1	492.538	492.537605418	492.679658083	0.142	8156.2	9562.5	8812.5	20.1	34.0	44.0	492.538	/Users/mary/Desktop/listens_20180309/completed_listens/file5e575d44592a.wav	file5e575d44592a.wav	492.538	8009.3	9683.7	WCSP	
52	Spectrogram 1	1	503.204	503.204447380	503.364256629	0.160	8250.0	9750.0	8906.2	22.3	40.5	47.1	503.204	/Users/mary/Desktop/listens_20180309/completed_listens/file5e575d44592a.wav	file5e575d44592a.wav	503.204	8065.1	10018.6	WCSP	
53	Spectrogram 1	1	519.086	519.085521597	522.085521597	3.000	1500.0	10593.8	3562.5	20.1	38.1	64.8	519.086	/Users/mary/Desktop/listens_20180309/completed_listens/file5e575d44592a.wav	file5e575d44592a.wav	519.086	1413.0	11220.0	background	
