Selection	View	Channel	Begin Clock Time	Begin Time (s)	End Time (s)	Delta Time (s)	Freq 5% (Hz)	Freq 95% (Hz)	Center Freq (Hz)	Avg Power (dB)	Max Power (dB)	Energy (dB)	Begin Date Time	Begin Path	Begin File	File Offset (s)	Low Freq (Hz)	High Freq (Hz)	ID	NOTES
94	Spectrogram 1	1	151.561	151.560920480	151.657932057	0.097	2906.2	3468.8	3375.0	38.5	54.1	60.0	151.561	/Users/mary/Desktop/listens_20180309/completed_listens/file5e57599428e.wav	file5e57599428e.wav	151.561	2415.3	3872.2	MARMOT	
95	Spectrogram 1	1	169.291	169.290664991	169.424055909	0.133	2437.5	3468.8	3281.2	33.3	49.0	56.4	169.291	/Users/mary/Desktop/listens_20180309/completed_listens/file5e57599428e.wav	file5e57599428e.wav	169.291	2338.7	3833.9	MARMOT	
96	Spectrogram 1	1	180.917	180.916779034	181.019853835	0.103	2906.2	3656.2	3375.0	28.5	44.4	48.9	180.917	/Users/mary/Desktop/listens_20180309/completed_listens/file5e57599428e.wav	file5e57599428e.wav	180.917	2837.1	3872.2	MARMOT	
106	Spectrogram 1	1	189.610	189.609989561	189.725190809	0.115	3187.5	3562.5	3468.8	40.7	57.5	62.3	189.610	/Users/mary/Desktop/listens_20180309/completed_listens/file5e57599428e.wav	file5e57599428e.wav	189.610	2683.7	3910.5	MARMOT	
108	Spectrogram 1	1	199.116	199.116052682	199.237317153	0.121	3187.5	3562.5	3468.8	43.9	60.1	65.4	199.116	/Users/mary/Desktop/listens_20180309/completed_listens/file5e57599428e.wav	file5e57599428e.wav	199.116	2722.0	3948.9	MARMOT	
115	Spectrogram 1	1	208.209	208.208715386	208.336043080	0.127	3187.5	3562.5	3468.8	40.0	58.3	62.5	208.209	/Users/mary/Desktop/listens_20180309/completed_listens/file5e57599428e.wav	file5e57599428e.wav	208.209	2530.4	3910.5	MARMOT	
126	Spectrogram 1	1	215.465	215.465487666	215.604941808	0.139	3281.2	3562.5	3468.8	39.8	58.7	63.5	215.465	/Users/mary/Desktop/listens_20180309/completed_listens/file5e57599428e.wav	file5e57599428e.wav	215.465	2453.7	4140.6	MARMOT	
128	Spectrogram 1	1	223.639	223.638853881	223.747991904	0.109	3281.2	3562.5	3468.8	35.9	51.1	56.3	223.639	/Users/mary/Desktop/listens_20180309/completed_listens/file5e57599428e.wav	file5e57599428e.wav	223.639	2913.7	3948.9	MARMOT	
134	Spectrogram 1	1	229.670	229.670476986	229.834184021	0.164	3187.5	3562.5	3468.8	40.8	59.2	64.3	229.670	/Users/mary/Desktop/listens_20180309/completed_listens/file5e57599428e.wav	file5e57599428e.wav	229.670	2530.4	3910.5	MARMOT	
140	Spectrogram 1	1	235.209	235.209099241	235.306110817	0.097	3000.0	3562.5	3375.0	37.3	52.0	58.3	235.209	/Users/mary/Desktop/listens_20180309/completed_listens/file5e57599428e.wav	file5e57599428e.wav	235.209	2607.0	3910.5	MARMOT	
146	Spectrogram 1	1	240.480	240.480226940	240.577238516	0.097	3000.0	3468.8	3281.2	29.5	40.4	47.5	240.480	/Users/mary/Desktop/listens_20180309/completed_listens/file5e57599428e.wav	file5e57599428e.wav	240.480	2913.7	3603.8	MARMOT	
153	Spectrogram 1	1	262.848	262.847761348	262.969025819	0.121	3000.0	3750.0	3281.2	27.3	41.9	47.9	262.848	/Users/mary/Desktop/listens_20180309/completed_listens/file5e57599428e.wav	file5e57599428e.wav	262.848	2913.7	3872.2	MARMOT	
154	Spectrogram 1	1	270.480	270.479598402	270.564483532	0.085	2531.2	3468.8	3281.2	31.0	44.8	51.5	270.480	/Users/mary/Desktop/listens_20180309/completed_listens/file5e57599428e.wav	file5e57599428e.wav	270.480	2492.0	3757.2	MARMOT	
155	Spectrogram 1	1	278.943	278.942548076	279.082002217	0.139	2906.2	3750.0	3375.0	28.2	43.8	50.1	278.943	/Users/mary/Desktop/listens_20180309/completed_listens/file5e57599428e.wav	file5e57599428e.wav	278.943	2837.1	3987.2	MARMOT	
162	Spectrogram 1	1	292.209	292.209060595	292.342451512	0.133	2812.5	3468.8	3281.2	27.0	38.3	47.5	292.209	/Users/mary/Desktop/listens_20180309/completed_listens/file5e57599428e.wav	file5e57599428e.wav	292.209	2798.7	3642.2	MARMOT	
185	Spectrogram 1	1	318.219	318.218552268	318.345879962	0.127	2906.2	3656.2	3281.2	28.0	40.4	48.8	318.219	/Users/mary/Desktop/listens_20180309/completed_listens/file5e57599428e.wav	file5e57599428e.wav	318.219	2837.1	3757.2	MARMOT	
186	Spectrogram 1	1	330.113	330.112715592	330.227916840	0.115	2812.5	3656.2	3281.2	28.4	40.2	49.0	330.113	/Users/mary/Desktop/listens_20180309/completed_listens/file5e57599428e.wav	file5e57599428e.wav	330.113	2722.0	3833.9	MARMOT	
194	Spectrogram 1	1	341.605	341.605258270	341.726522741	0.121	2812.5	3468.8	3281.2	30.0	43.4	50.6	341.605	/Users/mary/Desktop/listens_20180309/completed_listens/file5e57599428e.wav	file5e57599428e.wav	341.605	2760.4	3680.5	MARMOT	
219	Spectrogram 1	1	374.947	374.947428738	375.056566762	0.109	2812.5	3656.2	3281.2	28.5	42.3	49.1	374.947	/Users/mary/Desktop/listens_20180309/completed_listens/file5e57599428e.wav	file5e57599428e.wav	374.947	2798.7	3833.9	MARMOT	
232	Spectrogram 1	1	393.343	393.342982372	393.421804278	0.079	2812.5	3468.8	3375.0	36.1	51.1	55.6	393.343	/Users/mary/Desktop/listens_20180309/completed_listens/file5e57599428e.wav	file5e57599428e.wav	393.343	2607.0	3718.8	MARMOT	
235	Spectrogram 1	1	404.453	404.453087595	404.598604960	0.146	2625.0	3468.8	3281.2	34.0	49.9	57.0	404.453	/Users/mary/Desktop/listens_20180309/completed_listens/file5e57599428e.wav	file5e57599428e.wav	404.453	2415.3	3680.5	MARMOT	
236	Spectrogram 1	1	409.814	409.814451168	409.941778862	0.127	2437.5	3468.8	3000.0	32.4	48.3	56.0	409.814	/Users/mary/Desktop/listens_20180309/completed_listens/file5e57599428e.wav	file5e57599428e.wav	409.814	2223.6	4025.6	MARMOT	
237	Spectrogram 1	1	415.518	415.517969279	415.627107303	0.109	2531.2	3468.8	3093.8	29.8	42.9	50.8	415.518	/Users/mary/Desktop/listens_20180309/completed_listens/file5e57599428e.wav	file5e57599428e.wav	415.518	2453.7	3642.2	MARMOT	
239	Spectrogram 1	1	456.102	456.101544183	456.210682206	0.109	2531.2	3468.8	3187.5	30.5	43.1	51.6	456.102	/Users/mary/Desktop/listens_20180309/completed_listens/file5e57599428e.wav	file5e57599428e.wav	456.102	2530.4	3718.8	MARMOT	
312	Spectrogram 1	1	598.619	598.619039267	598.964643009	0.346	2062.5	5718.8	3000.0	27.7	42.5	59.7	598.619	/Users/mary/Desktop/listens_20180309/completed_listens/file5e57599428e.wav	file5e57599428e.wav	598.619	2031.9	6632.6	PIKA	
2	Spectrogram 1	1	12.077	12.077268859	12.210659777	0.133	4406.2	5906.2	5250.0	22.1	33.7	45.6	12.077	/Users/mary/Desktop/listens_20180309/completed_listens/file5e57599428e.wav	file5e57599428e.wav	12.077	4332.3	6057.5	WCSP	WCSP?
3	Spectrogram 1	1	12.411	12.410746153	12.525947401	0.115	4781.2	6187.5	5531.2	22.0	35.5	44.8	12.411	/Users/mary/Desktop/listens_20180309/completed_listens/file5e57599428e.wav	file5e57599428e.wav	12.411	4639.0	6364.2	WCSP	WCSP
4	Spectrogram 1	1	15.947	15.947368059	16.038316412	0.091	4968.8	6281.2	5718.8	22.6	34.5	44.4	15.947	/Users/mary/Desktop/listens_20180309/completed_listens/file5e57599428e.wav	file5e57599428e.wav	15.947	4869.0	6517.6	WCSP	
5	Spectrogram 1	1	34.651	34.651140882	34.766342129	0.115	5250.0	6843.8	6093.8	21.5	30.9	44.7	34.651	/Users/mary/Desktop/listens_20180309/completed_listens/file5e57599428e.wav	file5e57599428e.wav	34.651	5214.1	7092.7	WCSP	
6	Spectrogram 1	1	35.003	35.002807847	35.512118624	0.509	4781.2	6375.0	5531.2	21.7	34.8	51.5	35.003	/Users/mary/Desktop/listens_20180309/completed_listens/file5e57599428e.wav	file5e57599428e.wav	35.003	4677.3	6555.9	WCSP	
7	Spectrogram 1	1	35.724	35.724331448	35.851659143	0.127	4875.0	6187.5	5625.0	21.6	34.2	44.4	35.724	/Users/mary/Desktop/listens_20180309/completed_listens/file5e57599428e.wav	file5e57599428e.wav	35.724	4754.0	6210.9	WCSP	
8	Spectrogram 1	1	36.767	36.767205897	37.403844369	0.637	4406.2	6562.5	5250.0	21.6	35.6	53.5	36.767	/Users/mary/Desktop/listens_20180309/completed_listens/file5e57599428e.wav	file5e57599428e.wav	36.767	4255.6	6670.9	WCSP	
9	Spectrogram 1	1	37.986	37.985913828	38.088988629	0.103	4312.5	5812.5	5062.5	23.4	36.5	45.8	37.986	/Users/mary/Desktop/listens_20180309/completed_listens/file5e57599428e.wav	file5e57599428e.wav	37.986	4255.6	5980.8	WCSP	
10	Spectrogram 1	1	38.610	38.610425853	38.719563877	0.109	4781.2	6187.5	5531.2	23.7	36.0	46.2	38.610	/Users/mary/Desktop/listens_20180309/completed_listens/file5e57599428e.wav	file5e57599428e.wav	38.610	4600.6	6325.9	WCSP	
11	Spectrogram 1	1	38.865	38.865081242	38.968156042	0.103	4593.8	5906.2	5343.8	22.5	33.2	44.6	38.865	/Users/mary/Desktop/listens_20180309/completed_listens/file5e57599428e.wav	file5e57599428e.wav	38.865	4485.6	6019.2	WCSP	
12	Spectrogram 1	1	39.538	39.538099055	39.659363525	0.121	4406.2	6000.0	5156.2	21.5	32.6	45.2	39.538	/Users/mary/Desktop/listens_20180309/completed_listens/file5e57599428e.wav	file5e57599428e.wav	39.538	4255.6	6134.2	WCSP	
13	Spectrogram 1	1	40.169	40.168674303	40.289938774	0.121	4500.0	6375.0	5437.5	23.2	36.2	47.4	40.169	/Users/mary/Desktop/listens_20180309/completed_listens/file5e57599428e.wav	file5e57599428e.wav	40.169	4332.3	6479.2	WCSP	
14	Spectrogram 1	1	41.820	41.819706336	41.947034030	0.127	5062.5	6562.5	5625.0	22.8	36.7	46.9	41.820	/Users/mary/Desktop/listens_20180309/completed_listens/file5e57599428e.wav	file5e57599428e.wav	41.820	4792.3	6785.9	WCSP	
15	Spectrogram 1	1	42.371	42.371459678	42.492724149	0.121	4687.5	6281.2	5531.2	23.9	39.9	48.0	42.371	/Users/mary/Desktop/listens_20180309/completed_listens/file5e57599428e.wav	file5e57599428e.wav	42.371	4408.9	6479.2	WCSP	
16	Spectrogram 1	1	43.257	43.256690315	43.365828338	0.109	4500.0	5718.8	5156.2	22.0	33.1	44.0	43.257	/Users/mary/Desktop/listens_20180309/completed_listens/file5e57599428e.wav	file5e57599428e.wav	43.257	4408.9	5865.8	WCSP	
17	Spectrogram 1	1	44.075	44.075225492	44.178300293	0.103	4406.2	6093.8	5156.2	22.2	34.1	45.4	44.075	/Users/mary/Desktop/listens_20180309/completed_listens/file5e57599428e.wav	file5e57599428e.wav	44.075	4293.9	6287.5	WCSP	
18	Spectrogram 1	1	44.597	44.596662717	44.736116858	0.139	4593.8	6281.2	5531.2	23.3	38.5	48.1	44.597	/Users/mary/Desktop/listens_20180309/completed_listens/file5e57599428e.wav	file5e57599428e.wav	44.597	4485.6	6479.2	WCSP	
19	Spectrogram 1	1	45.355	45.354565659	46.033646696	0.679	5062.5	7218.8	6187.5	23.0	38.8	55.7	45.355	/Users/mary/Desktop/listens_20180309/completed_listens/file5e57599428e.wav	file5e57599428e.wav	45.355	4792.3	7514.4	WCSP	
20	Spectrogram 1	1	46.711	46.711251321	47.068981510	0.358	5531.2	7218.8	6375.0	20.8	32.6	49.3	46.711	/Users/mary/Desktop/listens_20180309/completed_listens/file5e57599428e.wav	file5e57599428e.wav	46.711	5367.4	7361.0	WCSP	
21	Spectrogram 1	1	48.306	48.305879112	48.445333254	0.139	5812.5	7781.2	6750.0	23.6	39.6	48.9	48.306	/Users/mary/Desktop/listens_20180309/completed_listens/file5e57599428e.wav	file5e57599428e.wav	48.306	5635.8	8089.5	WCSP	
22	Spectrogram 1	1	48.809	48.809126666	48.991023372	0.182	5343.8	7218.8	6468.8	25.2	40.6	51.8	48.809	/Users/mary/Desktop/listens_20180309/completed_listens/file5e57599428e.wav	file5e57599428e.wav	48.809	4984.0	7552.7	WCSP	
23	Spectrogram 1	1	49.318	49.318437444	49.494270926	0.176	5062.5	7218.8	6093.8	22.6	34.6	49.1	49.318	/Users/mary/Desktop/listens_20180309/completed_listens/file5e57599428e.wav	file5e57599428e.wav	49.318	4945.7	7476.0	WCSP	
24	Spectrogram 1	1	50.088	50.087680415	53.658919079	3.571	4406.2	7968.8	5906.2	21.0	40.5	62.6	50.088	/Users/mary/Desktop/listens_20180309/completed_listens/file5e57599428e.wav	file5e57599428e.wav	50.088	4255.6	8319.5	WCSP	
25	Spectrogram 1	1	55.181	55.180788188	55.314179106	0.133	5156.2	6937.5	5906.2	23.9	39.0	48.9	55.181	/Users/mary/Desktop/listens_20180309/completed_listens/file5e57599428e.wav	file5e57599428e.wav	55.181	4945.7	7284.3	WCSP	
26	Spectrogram 1	1	56.525	56.524683481	56.791465317	0.267	4968.8	6750.0	5812.5	24.0	38.5	51.6	56.525	/Users/mary/Desktop/listens_20180309/completed_listens/file5e57599428e.wav	file5e57599428e.wav	56.525	4792.3	6977.6	WCSP	
27	Spectrogram 1	1	57.113	57.112816164	57.191638070	0.079	5062.5	6375.0	5718.8	22.2	33.8	43.0	57.113	/Users/mary/Desktop/listens_20180309/completed_listens/file5e57599428e.wav	file5e57599428e.wav	57.113	4984.0	6517.6	WCSP	
28	Spectrogram 1	1	57.507	57.506925695	57.610000495	0.103	5062.5	6375.0	5906.2	22.3	35.5	44.1	57.507	/Users/mary/Desktop/listens_20180309/completed_listens/file5e57599428e.wav	file5e57599428e.wav	57.507	5022.4	6555.9	WCSP	
29	Spectrogram 1	1	57.950	57.949541013	58.058679037	0.109	5062.5	6281.2	5531.2	23.9	37.5	46.4	57.950	/Users/mary/Desktop/listens_20180309/completed_listens/file5e57599428e.wav	file5e57599428e.wav	57.950	4907.3	6479.2	WCSP	
30	Spectrogram 1	1	59.332	59.331955980	59.453220451	0.121	4875.0	6656.2	5812.5	22.0	32.7	46.0	59.332	/Users/mary/Desktop/listens_20180309/completed_listens/file5e57599428e.wav	file5e57599428e.wav	59.332	4754.0	6824.3	WCSP	
31	Spectrogram 1	1	61.311	61.310888565	61.753503883	0.443	4781.2	6562.5	5437.5	21.6	35.0	51.2	61.311	/Users/mary/Desktop/listens_20180309/completed_listens/file5e57599428e.wav	file5e57599428e.wav	61.311	4600.6	6709.3	WCSP	
32	Spectrogram 1	1	62.148	62.147613413	62.262814660	0.115	5343.8	6843.8	6093.8	21.8	32.0	45.0	62.148	/Users/mary/Desktop/listens_20180309/completed_listens/file5e57599428e.wav	file5e57599428e.wav	62.148	5175.7	6939.3	WCSP	
33	Spectrogram 1	1	63.534	63.534069460	63.661397155	0.127	4687.5	6468.8	5531.2	22.0	35.7	46.4	63.534	/Users/mary/Desktop/listens_20180309/completed_listens/file5e57599428e.wav	file5e57599428e.wav	63.534	4562.3	6670.9	WCSP	
34	Spectrogram 1	1	64.668	64.667892262	64.874041863	0.206	4687.5	6468.8	5531.2	20.9	34.1	47.3	64.668	/Users/mary/Desktop/listens_20180309/completed_listens/file5e57599428e.wav	file5e57599428e.wav	64.668	4524.0	6747.6	WCSP	
35	Spectrogram 1	1	65.256	65.256024946	65.377289417	0.121	5062.5	7218.8	6187.5	20.2	30.9	45.0	65.256	/Users/mary/Desktop/listens_20180309/completed_listens/file5e57599428e.wav	file5e57599428e.wav	65.256	4907.3	7361.0	WCSP	
36	Spectrogram 1	1	65.929	65.929042759	66.050307229	0.121	4500.0	5718.8	5062.5	21.8	31.7	44.1	65.929	/Users/mary/Desktop/listens_20180309/completed_listens/file5e57599428e.wav	file5e57599428e.wav	65.929	4485.6	5865.8	WCSP	
37	Spectrogram 1	1	66.929	66.929474643	67.032549443	0.103	4781.2	6187.5	5437.5	21.3	33.4	43.6	66.929	/Users/mary/Desktop/listens_20180309/completed_listens/file5e57599428e.wav	file5e57599428e.wav	66.929	4677.3	6287.5	WCSP	
38	Spectrogram 1	1	67.657	67.657061467	67.772262715	0.115	4781.2	6375.0	5718.8	21.8	33.6	45.2	67.657	/Users/mary/Desktop/listens_20180309/completed_listens/file5e57599428e.wav	file5e57599428e.wav	67.657	4639.0	6555.9	WCSP	
39	Spectrogram 1	1	68.512	68.511975987	68.651430128	0.139	4593.8	6281.2	5437.5	23.2	37.5	48.0	68.512	/Users/mary/Desktop/listens_20180309/completed_listens/file5e57599428e.wav	file5e57599428e.wav	68.512	4447.3	6517.6	WCSP	
40	Spectrogram 1	1	69.158	69.157957484	69.345917414	0.188	4875.0	6562.5	5812.5	21.3	34.8	46.7	69.158	/Users/mary/Desktop/listens_20180309/completed_listens/file5e57599428e.wav	file5e57599428e.wav	69.158	4792.3	6709.3	WCSP	
41	Spectrogram 1	1	69.692	69.691521156	70.164452592	0.473	4687.5	6656.2	5531.2	21.0	33.3	51.2	69.692	/Users/mary/Desktop/listens_20180309/completed_listens/file5e57599428e.wav	file5e57599428e.wav	69.692	4562.3	6824.3	WCSP	
42	Spectrogram 1	1	70.777	70.776838169	70.916292311	0.139	4593.8	6843.8	5437.5	22.3	37.3	47.9	70.777	/Users/mary/Desktop/listens_20180309/completed_listens/file5e57599428e.wav	file5e57599428e.wav	70.777	4408.9	7054.3	WCSP	
43	Spectrogram 1	1	71.486	71.486235323	71.819712618	0.333	4218.8	6656.2	5531.2	22.2	37.1	51.9	71.486	/Users/mary/Desktop/listens_20180309/completed_listens/file5e57599428e.wav	file5e57599428e.wav	71.486	4102.2	6862.6	WCSP	
44	Spectrogram 1	1	73.220	73.220317256	73.371897844	0.152	4687.5	6750.0	5625.0	22.0	34.5	47.6	73.220	/Users/mary/Desktop/listens_20180309/completed_listens/file5e57599428e.wav	file5e57599428e.wav	73.220	4524.0	6901.0	WCSP	
45	Spectrogram 1	1	73.786	73.786263645	73.877211998	0.091	5343.8	6843.8	6187.5	21.0	31.8	42.9	73.786	/Users/mary/Desktop/listens_20180309/completed_listens/file5e57599428e.wav	file5e57599428e.wav	73.786	5252.4	7016.0	WCSP	
46	Spectrogram 1	1	75.605	75.605230707	75.744684848	0.139	5062.5	6937.5	6093.8	21.2	33.4	46.1	75.605	/Users/mary/Desktop/listens_20180309/completed_listens/file5e57599428e.wav	file5e57599428e.wav	75.605	4945.7	7054.3	WCSP	
47	Spectrogram 1	1	76.490	76.490461343	76.666294826	0.176	5062.5	6937.5	6000.0	22.1	38.2	48.1	76.490	/Users/mary/Desktop/listens_20180309/completed_listens/file5e57599428e.wav	file5e57599428e.wav	76.490	4869.0	7092.7	WCSP	
48	Spectrogram 1	1	77.794	77.794054404	78.036583346	0.243	4593.8	6656.2	5437.5	21.5	35.8	49.0	77.794	/Users/mary/Desktop/listens_20180309/completed_listens/file5e57599428e.wav	file5e57599428e.wav	77.794	4408.9	6785.9	WCSP	
49	Spectrogram 1	1	78.920	78.919863462	79.101760168	0.182	5250.0	6843.8	6000.0	21.3	34.7	46.6	78.920	/Users/mary/Desktop/listens_20180309/completed_listens/file5e57599428e.wav	file5e57599428e.wav	78.920	5137.4	6939.3	WCSP	
50	Spectrogram 1	1	80.096	80.096128828	80.253772640	0.158	5250.0	6750.0	6000.0	21.1	33.8	45.5	80.096	/Users/mary/Desktop/listens_20180309/completed_listens/file5e57599428e.wav	file5e57599428e.wav	80.096	5099.0	6862.6	WCSP	
51	Spectrogram 1	1	80.545	80.544807370	80.744893747	0.200	4968.8	7218.8	6093.8	20.9	31.9	47.9	80.545	/Users/mary/Desktop/listens_20180309/completed_listens/file5e57599428e.wav	file5e57599428e.wav	80.545	4792.3	7361.0	WCSP	
52	Spectrogram 1	1	81.018	81.017738806	81.205698736	0.188	5156.2	6656.2	5906.2	22.0	33.2	47.3	81.018	/Users/mary/Desktop/listens_20180309/completed_listens/file5e57599428e.wav	file5e57599428e.wav	81.018	5060.7	6824.3	WCSP	
53	Spectrogram 1	1	81.557	81.557365701	81.660440501	0.103	4968.8	6937.5	5906.2	20.9	31.7	44.5	81.557	/Users/mary/Desktop/listens_20180309/completed_listens/file5e57599428e.wav	file5e57599428e.wav	81.557	4830.7	7054.3	WCSP	
54	Spectrogram 1	1	81.854	81.854463655	81.975728126	0.121	5625.0	7031.2	6281.2	21.6	32.6	44.7	81.854	/Users/mary/Desktop/listens_20180309/completed_listens/file5e57599428e.wav	file5e57599428e.wav	81.854	5444.1	7131.0	WCSP	
55	Spectrogram 1	1	82.285	82.284952526	82.394090550	0.109	5062.5	7218.8	5906.2	24.7	41.4	49.4	82.285	/Users/mary/Desktop/listens_20180309/completed_listens/file5e57599428e.wav	file5e57599428e.wav	82.285	4715.7	7552.7	WCSP	
56	Spectrogram 1	1	83.589	83.588545587	83.709810058	0.121	4781.2	6843.8	5812.5	24.9	41.3	50.2	83.589	/Users/mary/Desktop/listens_20180309/completed_listens/file5e57599428e.wav	file5e57599428e.wav	83.589	4408.9	7169.3	WCSP	
57	Spectrogram 1	1	84.589	84.588977471	84.685989048	0.097	4875.0	6656.2	5906.2	23.2	38.1	46.2	84.589	/Users/mary/Desktop/listens_20180309/completed_listens/file5e57599428e.wav	file5e57599428e.wav	84.589	4715.7	6785.9	WCSP	
58	Spectrogram 1	1	85.573	85.573451971	85.676526772	0.103	4500.0	6562.5	5718.8	23.9	37.3	47.8	85.573	/Users/mary/Desktop/listens_20180309/completed_listens/file5e57599428e.wav	file5e57599428e.wav	85.573	4370.6	6824.3	WCSP	
59	Spectrogram 1	1	86.725	86.725464444	86.864918585	0.139	4593.8	6281.2	5718.8	22.1	36.6	46.7	86.725	/Users/mary/Desktop/listens_20180309/completed_listens/file5e57599428e.wav	file5e57599428e.wav	86.725	4447.3	6555.9	WCSP	
60	Spectrogram 1	1	87.859	87.859287246	87.962362046	0.103	5062.5	6375.0	5906.2	24.7	40.4	47.2	87.859	/Users/mary/Desktop/listens_20180309/completed_listens/file5e57599428e.wav	file5e57599428e.wav	87.859	4830.7	6594.2	WCSP	
61	Spectrogram 1	1	88.805	88.805150118	88.908224918	0.103	4781.2	6468.8	5812.5	25.5	40.7	49.5	88.805	/Users/mary/Desktop/listens_20180309/completed_listens/file5e57599428e.wav	file5e57599428e.wav	88.805	4485.6	6824.3	WCSP	
62	Spectrogram 1	1	89.975	89.975352261	90.102679956	0.127	4968.8	6843.8	5906.2	24.4	42.0	49.4	89.975	/Users/mary/Desktop/listens_20180309/completed_listens/file5e57599428e.wav	file5e57599428e.wav	89.975	4754.0	7169.3	WCSP	
63	Spectrogram 1	1	91.133	91.133427957	91.254692428	0.121	4781.2	6562.5	5906.2	22.7	38.7	46.7	91.133	/Users/mary/Desktop/listens_20180309/completed_listens/file5e57599428e.wav	file5e57599428e.wav	91.133	4715.7	6824.3	WCSP	
64	Spectrogram 1	1	92.775	92.775205934	92.920723299	0.146	4593.8	6562.5	5718.8	26.0	43.2	51.9	92.775	/Users/mary/Desktop/listens_20180309/completed_listens/file5e57599428e.wav	file5e57599428e.wav	92.775	4255.6	6977.6	WCSP	
65	Spectrogram 1	1	94.035	94.034858256	94.143996280	0.109	5156.2	6656.2	5906.2	21.7	35.3	44.7	94.035	/Users/mary/Desktop/listens_20180309/completed_listens/file5e57599428e.wav	file5e57599428e.wav	94.035	4984.0	6785.9	WCSP	
66	Spectrogram 1	1	95.011	95.011037246	95.271755858	0.261	5062.5	6843.8	5906.2	21.2	34.7	48.5	95.011	/Users/mary/Desktop/listens_20180309/completed_listens/file5e57599428e.wav	file5e57599428e.wav	95.011	4945.7	6939.3	WCSP	
67	Spectrogram 1	1	95.617	95.617359600	96.235808401	0.618	4406.2	6562.5	5343.8	21.6	37.6	53.6	95.617	/Users/mary/Desktop/listens_20180309/completed_listens/file5e57599428e.wav	file5e57599428e.wav	95.617	4255.6	6785.9	WCSP	
68	Spectrogram 1	1	99.666	99.666069610	99.781270857	0.115	5062.5	6468.8	5812.5	22.1	36.2	44.8	99.666	/Users/mary/Desktop/listens_20180309/completed_listens/file5e57599428e.wav	file5e57599428e.wav	99.666	4945.7	6594.2	WCSP	
69	Spectrogram 1	1	100.224	100.223886175	100.460351893	0.236	4500.0	6375.0	5343.8	22.4	37.0	49.7	100.224	/Users/mary/Desktop/listens_20180309/completed_listens/file5e57599428e.wav	file5e57599428e.wav	100.224	4370.6	6632.6	WCSP	
70	Spectrogram 1	1	100.970	100.969662671	101.666933378	0.697	4875.0	6937.5	5906.2	21.1	38.8	53.4	100.970	/Users/mary/Desktop/listens_20180309/completed_listens/file5e57599428e.wav	file5e57599428e.wav	100.970	4715.7	7207.7	WCSP	
71	Spectrogram 1	1	102.589	102.588543356	102.752250391	0.164	5062.5	6843.8	5906.2	22.6	36.0	48.0	102.589	/Users/mary/Desktop/listens_20180309/completed_listens/file5e57599428e.wav	file5e57599428e.wav	102.589	4945.7	7016.0	WCSP	
72	Spectrogram 1	1	103.716	103.716302934	103.807251287	0.091	5156.2	6843.8	5906.2	23.4	36.1	45.9	103.716	/Users/mary/Desktop/listens_20180309/completed_listens/file5e57599428e.wav	file5e57599428e.wav	103.716	5060.7	6939.3	WCSP	
73	Spectrogram 1	1	104.420	104.419636865	104.589407124	0.170	5156.2	7218.8	6281.2	21.7	34.9	47.7	104.420	/Users/mary/Desktop/listens_20180309/completed_listens/file5e57599428e.wav	file5e57599428e.wav	104.420	5022.4	7322.7	WCSP	
74	Spectrogram 1	1	104.984	104.983516654	105.098717901	0.115	5343.8	6937.5	6187.5	21.4	33.0	44.8	104.984	/Users/mary/Desktop/listens_20180309/completed_listens/file5e57599428e.wav	file5e57599428e.wav	104.984	5175.7	7092.7	WCSP	
75	Spectrogram 1	1	105.578	105.577712561	105.705040255	0.127	5156.2	7312.5	6187.5	23.0	36.0	48.1	105.578	/Users/mary/Desktop/listens_20180309/completed_listens/file5e57599428e.wav	file5e57599428e.wav	105.578	4984.0	7514.4	WCSP	
76	Spectrogram 1	1	106.588	106.588320035	106.764153517	0.176	5531.2	7031.2	6281.2	21.5	35.7	46.5	106.588	/Users/mary/Desktop/listens_20180309/completed_listens/file5e57599428e.wav	file5e57599428e.wav	106.588	5367.4	7169.3	WCSP	
77	Spectrogram 1	1	107.152	107.152199824	107.231021730	0.079	5062.5	6843.8	6093.8	21.7	34.1	43.6	107.152	/Users/mary/Desktop/listens_20180309/completed_listens/file5e57599428e.wav	file5e57599428e.wav	107.152	4907.3	6977.6	WCSP	
78	Spectrogram 1	1	107.613	107.613004813	107.710016390	0.097	4781.2	6375.0	5437.5	22.5	34.4	45.0	107.613	/Users/mary/Desktop/listens_20180309/completed_listens/file5e57599428e.wav	file5e57599428e.wav	107.613	4639.0	6517.6	WCSP	
79	Spectrogram 1	1	107.959	107.958608555	108.043493684	0.085	4781.2	6093.8	5437.5	23.3	35.8	44.7	107.959	/Users/mary/Desktop/listens_20180309/completed_listens/file5e57599428e.wav	file5e57599428e.wav	107.959	4600.6	6210.9	WCSP	
80	Spectrogram 1	1	108.213	108.213263943	108.304212296	0.091	5343.8	6656.2	6187.5	21.7	34.9	43.3	108.213	/Users/mary/Desktop/listens_20180309/completed_listens/file5e57599428e.wav	file5e57599428e.wav	108.213	5329.1	6824.3	WCSP	
81	Spectrogram 1	1	108.529	108.528551567	108.668005709	0.139	5156.2	7312.5	6187.5	24.5	40.5	50.4	108.529	/Users/mary/Desktop/listens_20180309/completed_listens/file5e57599428e.wav	file5e57599428e.wav	108.529	4830.7	7629.4	WCSP	
82	Spectrogram 1	1	109.681	109.680564040	109.892776864	0.212	4593.8	7125.0	5531.2	21.6	34.8	49.4	109.681	/Users/mary/Desktop/listens_20180309/completed_listens/file5e57599428e.wav	file5e57599428e.wav	109.681	4485.6	7361.0	WCSP	
83	Spectrogram 1	1	110.335	110.335392182	110.462719877	0.127	5625.0	7218.8	6468.8	25.9	42.0	50.9	110.335	/Users/mary/Desktop/listens_20180309/completed_listens/file5e57599428e.wav	file5e57599428e.wav	110.335	5137.4	7552.7	WCSP	
84	Spectrogram 1	1	111.488	111.488450146	111.621841063	0.133	5718.8	7125.0	6375.0	20.4	34.0	43.7	111.488	/Users/mary/Desktop/listens_20180309/completed_listens/file5e57599428e.wav	file5e57599428e.wav	111.488	5559.1	7131.0	WCSP	
85	Spectrogram 1	1	112.992	112.992129583	113.174026290	0.182	5437.5	7500.0	6562.5	22.0	34.7	48.3	112.992	/Users/mary/Desktop/listens_20180309/completed_listens/file5e57599428e.wav	file5e57599428e.wav	112.992	5252.4	7667.7	WCSP	
86	Spectrogram 1	1	113.544	113.543882926	113.677273843	0.133	4875.0	7218.8	5906.2	21.0	31.5	46.4	113.544	/Users/mary/Desktop/listens_20180309/completed_listens/file5e57599428e.wav	file5e57599428e.wav	113.544	4754.0	7322.7	WCSP	
87	Spectrogram 1	1	114.084	114.083509821	114.198711068	0.115	5531.2	7687.5	6562.5	20.4	34.4	45.0	114.084	/Users/mary/Desktop/listens_20180309/completed_listens/file5e57599428e.wav	file5e57599428e.wav	114.084	5367.4	7821.1	WCSP	
88	Spectrogram 1	1	115.849	115.848644008	115.994161373	0.146	4781.2	6937.5	6093.8	22.7	37.1	48.3	115.849	/Users/mary/Desktop/listens_20180309/completed_listens/file5e57599428e.wav	file5e57599428e.wav	115.849	4600.6	7169.3	WCSP	
89	Spectrogram 1	1	118.213	118.213301189	118.340628883	0.127	4781.2	6937.5	5812.5	20.7	31.2	45.7	118.213	/Users/mary/Desktop/listens_20180309/completed_listens/file5e57599428e.wav	file5e57599428e.wav	118.213	4677.3	7054.3	WCSP	
91	Spectrogram 1	1	141.497	141.496972127	141.618236598	0.121	5156.2	6750.0	5906.2	21.4	29.9	45.0	141.497	/Users/mary/Desktop/listens_20180309/completed_listens/file5e57599428e.wav	file5e57599428e.wav	141.497	5022.4	6901.0	WCSP	
92	Spectrogram 1	1	145.358	145.357913371	145.479177842	0.121	5250.0	6562.5	5812.5	22.1	35.5	45.0	145.358	/Users/mary/Desktop/listens_20180309/completed_listens/file5e57599428e.wav	file5e57599428e.wav	145.358	5099.0	6709.3	WCSP	
93	Spectrogram 1	1	148.049	148.048628090	148.109260326	0.061	4875.0	6750.0	5812.5	22.3	33.9	43.5	148.049	/Users/mary/Desktop/listens_20180309/completed_listens/file5e57599428e.wav	file5e57599428e.wav	148.049	4754.0	7016.0	WCSP	
97	Spectrogram 1	1	185.645	185.644641366	185.893233532	0.249	4312.5	6093.8	5156.2	21.4	32.5	48.3	185.645	/Users/mary/Desktop/listens_20180309/completed_listens/file5e57599428e.wav	file5e57599428e.wav	185.645	4293.9	6249.2	WCSP	
98	Spectrogram 1	1	186.506	186.505619109	186.626883580	0.121	4218.8	5906.2	5156.2	22.1	34.6	45.7	186.506	/Users/mary/Desktop/listens_20180309/completed_listens/file5e57599428e.wav	file5e57599428e.wav	186.506	4217.3	6019.2	WCSP	
99	Spectrogram 1	1	187.063	187.063435675	187.142257581	0.079	4875.0	6093.8	5531.2	20.7	29.2	41.2	187.063	/Users/mary/Desktop/listens_20180309/completed_listens/file5e57599428e.wav	file5e57599428e.wav	187.063	4792.3	6249.2	WCSP	
100	Spectrogram 1	1	188.234	188.233637818	188.403408077	0.170	4218.8	5906.2	5062.5	22.8	36.1	48.1	188.234	/Users/mary/Desktop/listens_20180309/completed_listens/file5e57599428e.wav	file5e57599428e.wav	188.234	4063.9	6019.2	WCSP	
101	Spectrogram 1	1	188.773	188.773264713	188.846023395	0.073	4593.8	6093.8	5250.0	23.7	36.6	45.4	188.773	/Users/mary/Desktop/listens_20180309/completed_listens/file5e57599428e.wav	file5e57599428e.wav	188.773	4332.3	6364.2	WCSP	
102	Spectrogram 1	1	189.173	189.173437467	189.440219302	0.267	4500.0	6000.0	5250.0	22.5	34.4	49.3	189.173	/Users/mary/Desktop/listens_20180309/completed_listens/file5e57599428e.wav	file5e57599428e.wav	189.173	4370.6	6134.2	WCSP	
103	Spectrogram 1	1	190.053	190.052604880	190.179932574	0.127	4500.0	6281.2	5343.8	23.1	35.0	47.3	190.053	/Users/mary/Desktop/listens_20180309/completed_listens/file5e57599428e.wav	file5e57599428e.wav	190.053	4447.3	6479.2	WCSP	
104	Spectrogram 1	1	190.635	190.634674340	190.774128481	0.139	4406.2	6187.5	5250.0	22.7	35.0	47.3	190.635	/Users/mary/Desktop/listens_20180309/completed_listens/file5e57599428e.wav	file5e57599428e.wav	190.635	4255.6	6325.9	WCSP	
105	Spectrogram 1	1	191.247	191.247059917	191.319818600	0.073	4593.8	6187.5	5531.2	24.3	38.3	46.2	191.247	/Users/mary/Desktop/listens_20180309/completed_listens/file5e57599428e.wav	file5e57599428e.wav	191.247	4408.9	6479.2	WCSP	
107	Spectrogram 1	1	194.781	194.780847851	194.914238769	0.133	4500.0	6656.2	5343.8	21.2	35.3	46.5	194.781	/Users/mary/Desktop/listens_20180309/completed_listens/file5e57599428e.wav	file5e57599428e.wav	194.781	4370.6	6901.0	WCSP	
109	Spectrogram 1	1	199.909	199.909471059	200.020893975	0.111	4312.5	5906.2	4968.8	23.2	36.7	46.0	199.909	/Users/mary/Desktop/listens_20180309/completed_listens/file5e57599428e.wav	file5e57599428e.wav	199.909	4255.6	6057.5	WCSP	
110	Spectrogram 1	1	201.337	201.336613483	201.433625060	0.097	4312.5	5812.5	4968.8	22.4	32.7	44.7	201.337	/Users/mary/Desktop/listens_20180309/completed_listens/file5e57599428e.wav	file5e57599428e.wav	201.337	4140.6	5980.8	WCSP	
111	Spectrogram 1	1	203.913	203.913483487	204.028684735	0.115	4500.0	5718.8	5156.2	22.0	32.5	44.5	203.913	/Users/mary/Desktop/listens_20180309/completed_listens/file5e57599428e.wav	file5e57599428e.wav	203.913	4370.6	5904.2	WCSP	
112	Spectrogram 1	1	204.477	204.477363276	204.592564524	0.115	4875.0	6375.0	5718.8	20.1	32.3	43.1	204.477	/Users/mary/Desktop/listens_20180309/completed_listens/file5e57599428e.wav	file5e57599428e.wav	204.477	4869.0	6479.2	WCSP	
113	Spectrogram 1	1	205.405	205.405036478	205.502048055	0.097	5156.2	6562.5	5812.5	22.3	34.2	44.4	205.405	/Users/mary/Desktop/listens_20180309/completed_listens/file5e57599428e.wav	file5e57599428e.wav	205.405	5022.4	6670.9	WCSP	
114	Spectrogram 1	1	206.323	206.323052865	206.511012795	0.188	4968.8	6281.2	5625.0	22.0	34.3	46.8	206.323	/Users/mary/Desktop/listens_20180309/completed_listens/file5e57599428e.wav	file5e57599428e.wav	206.323	4869.0	6440.9	WCSP	
116	Spectrogram 1	1	209.925	209.924607648	210.021619224	0.097	4500.0	6187.5	5156.2	22.8	36.2	45.8	209.925	/Users/mary/Desktop/listens_20180309/completed_listens/file5e57599428e.wav	file5e57599428e.wav	209.925	4370.6	6364.2	WCSP	
117	Spectrogram 1	1	210.786	210.785585390	210.894723414	0.109	4500.0	5906.2	5062.5	22.7	35.5	45.2	210.786	/Users/mary/Desktop/listens_20180309/completed_listens/file5e57599428e.wav	file5e57599428e.wav	210.786	4332.3	6057.5	WCSP	
118	Spectrogram 1	1	211.537	211.536518813	211.627467166	0.091	4406.2	6093.8	5156.2	23.6	36.4	46.5	211.537	/Users/mary/Desktop/listens_20180309/completed_listens/file5e57599428e.wav	file5e57599428e.wav	211.537	4217.3	6325.9	WCSP	
119	Spectrogram 1	1	212.173	212.173157284	212.627899050	0.455	4218.8	6375.0	5156.2	22.3	38.5	52.9	212.173	/Users/mary/Desktop/listens_20180309/completed_listens/file5e57599428e.wav	file5e57599428e.wav	212.173	4102.2	6594.2	WCSP	
120	Spectrogram 1	1	213.343	213.343359428	213.452497451	0.109	4500.0	5906.2	5250.0	24.1	35.4	46.9	213.343	/Users/mary/Desktop/listens_20180309/completed_listens/file5e57599428e.wav	file5e57599428e.wav	213.343	4370.6	6057.5	WCSP	
121	Spectrogram 1	1	213.944	213.943618558	214.295285523	0.352	4500.0	6937.5	5718.8	22.2	38.2	52.2	213.944	/Users/mary/Desktop/listens_20180309/completed_listens/file5e57599428e.wav	file5e57599428e.wav	213.944	4370.6	7131.0	WCSP	
122	Spectrogram 1	1	215.023	215.022872348	215.119883925	0.097	4500.0	6093.8	5156.2	24.2	38.1	47.0	215.023	/Users/mary/Desktop/listens_20180309/completed_listens/file5e57599428e.wav	file5e57599428e.wav	215.023	4370.6	6325.9	WCSP	
123	Spectrogram 1	1	215.793	215.792901738	215.914166208	0.121	4406.2	6000.0	5156.2	24.8	40.6	48.9	215.793	/Users/mary/Desktop/listens_20180309/completed_listens/file5e57599428e.wav	file5e57599428e.wav	215.793	4217.3	6325.9	WCSP	
124	Spectrogram 1	1	216.563	216.562931127	216.696322045	0.133	4406.2	5718.8	4968.8	22.6	36.1	46.1	216.563	/Users/mary/Desktop/listens_20180309/completed_listens/file5e57599428e.wav	file5e57599428e.wav	216.563	4255.6	5980.8	WCSP	
125	Spectrogram 1	1	217.151	217.151063810	217.393592752	0.243	4781.2	6375.0	5531.2	22.6	39.3	49.4	217.151	/Users/mary/Desktop/listens_20180309/completed_listens/file5e57599428e.wav	file5e57599428e.wav	217.151	4600.6	6632.6	WCSP	
127	Spectrogram 1	1	219.886	219.885718510	220.000919757	0.115	4875.0	6281.2	5531.2	22.8	34.7	46.0	219.886	/Users/mary/Desktop/listens_20180309/completed_listens/file5e57599428e.wav	file5e57599428e.wav	219.886	4715.7	6479.2	WCSP	
129	Spectrogram 1	1	226.336	226.335704039	226.420589168	0.085	4593.8	5531.2	5062.5	22.8	32.2	42.9	226.336	/Users/mary/Desktop/listens_20180309/completed_listens/file5e57599428e.wav	file5e57599428e.wav	226.336	4485.6	5712.5	WCSP	
130	Spectrogram 1	1	227.130	227.129986323	227.245187570	0.115	4500.0	5906.2	5156.2	22.3	34.4	45.3	227.130	/Users/mary/Desktop/listens_20180309/completed_listens/file5e57599428e.wav	file5e57599428e.wav	227.130	4447.3	6172.5	WCSP	
131	Spectrogram 1	1	228.488	228.488148395	228.603349643	0.115	4500.0	6000.0	5156.2	23.1	36.9	46.5	228.488	/Users/mary/Desktop/listens_20180309/completed_listens/file5e57599428e.wav	file5e57599428e.wav	228.488	4370.6	6210.9	WCSP	
132	Spectrogram 1	1	229.349	229.349126138	229.482517056	0.133	4500.0	6187.5	5250.0	22.4	35.2	46.6	229.349	/Users/mary/Desktop/listens_20180309/completed_listens/file5e57599428e.wav	file5e57599428e.wav	229.349	4370.6	6325.9	WCSP	
133	Spectrogram 1	1	229.980	229.979701386	230.216167104	0.236	4500.0	6281.2	5250.0	22.3	36.0	49.3	229.980	/Users/mary/Desktop/listens_20180309/completed_listens/file5e57599428e.wav	file5e57599428e.wav	229.980	4370.6	6517.6	WCSP	
135	Spectrogram 1	1	231.456	231.455963870	231.552975446	0.097	4312.5	5625.0	4968.8	22.7	34.3	44.2	231.456	/Users/mary/Desktop/listens_20180309/completed_listens/file5e57599428e.wav	file5e57599428e.wav	231.456	4293.9	5674.1	WCSP	
136	Spectrogram 1	1	232.450	232.450332530	232.547344107	0.097	4781.2	6375.0	5625.0	22.0	34.5	44.3	232.450	/Users/mary/Desktop/listens_20180309/completed_listens/file5e57599428e.wav	file5e57599428e.wav	232.450	4754.0	6517.6	WCSP	
137	Spectrogram 1	1	233.329	233.329499944	233.438637967	0.109	4593.8	5906.2	5156.2	24.3	36.6	47.1	233.329	/Users/mary/Desktop/listens_20180309/completed_listens/file5e57599428e.wav	file5e57599428e.wav	233.329	4332.3	6095.8	WCSP	
138	Spectrogram 1	1	234.148	234.148035121	234.287489263	0.139	4406.2	5812.5	5156.2	23.1	33.5	46.5	234.148	/Users/mary/Desktop/listens_20180309/completed_listens/file5e57599428e.wav	file5e57599428e.wav	234.148	4370.6	5980.8	WCSP	
139	Spectrogram 1	1	235.051	235.051455429	235.136340558	0.085	4406.2	6000.0	5343.8	25.1	38.3	47.8	235.051	/Users/mary/Desktop/listens_20180309/completed_listens/file5e57599428e.wav	file5e57599428e.wav	235.051	4293.9	6402.6	WCSP	
141	Spectrogram 1	1	239.455	239.454661970	239.588052888	0.133	4312.5	6375.0	5250.0	25.0	41.6	50.5	239.455	/Users/mary/Desktop/listens_20180309/completed_listens/file5e57599428e.wav	file5e57599428e.wav	239.455	4063.9	6709.3	WCSP	
142	Spectrogram 1	1	238.824	238.824086722	238.951414417	0.127	4406.2	6000.0	5250.0	24.1	36.9	48.1	238.824	/Users/mary/Desktop/listens_20180309/completed_listens/file5e57599428e.wav	file5e57599428e.wav	238.824	4293.9	6210.9	WCSP	
143	Spectrogram 1	1	240.699	240.698502987	240.795514564	0.097	4406.2	6093.8	5156.2	27.2	43.6	50.8	240.699	/Users/mary/Desktop/listens_20180309/completed_listens/file5e57599428e.wav	file5e57599428e.wav	240.699	4293.9	6479.2	WCSP	
144	Spectrogram 1	1	241.438	241.438216259	241.680745200	0.243	4593.8	6562.5	5625.0	26.4	43.3	54.8	241.438	/Users/mary/Desktop/listens_20180309/completed_listens/file5e57599428e.wav	file5e57599428e.wav	241.438	4255.6	7092.7	WCSP	
145	Spectrogram 1	1	242.245	242.244624990	242.578102284	0.333	4687.5	7031.2	5718.8	23.0	38.0	52.6	242.245	/Users/mary/Desktop/listens_20180309/completed_listens/file5e57599428e.wav	file5e57599428e.wav	242.245	4562.3	7284.3	WCSP	
147	Spectrogram 1	1	244.325	244.324593188	244.785398177	0.461	4406.2	6656.2	5531.2	22.2	36.9	53.0	244.325	/Users/mary/Desktop/listens_20180309/completed_listens/file5e57599428e.wav	file5e57599428e.wav	244.325	4293.9	6901.0	WCSP	
148	Spectrogram 1	1	245.834	245.834335849	246.270887944	0.437	4218.8	6750.0	5437.5	23.1	38.5	54.4	245.834	/Users/mary/Desktop/listens_20180309/completed_listens/file5e57599428e.wav	file5e57599428e.wav	245.834	3987.2	7092.7	WCSP	
149	Spectrogram 1	1	247.253	247.253130158	247.713935147	0.461	4500.0	6281.2	5156.2	23.4	39.9	53.4	247.253	/Users/mary/Desktop/listens_20180309/completed_listens/file5e57599428e.wav	file5e57599428e.wav	247.253	4370.6	6479.2	WCSP	
150	Spectrogram 1	1	249.472	249.472269973	249.605660891	0.133	4500.0	6281.2	5343.8	22.5	35.6	47.1	249.472	/Users/mary/Desktop/listens_20180309/completed_listens/file5e57599428e.wav	file5e57599428e.wav	249.472	4332.3	6555.9	WCSP	
151	Spectrogram 1	1	250.000	249.999770421	250.296868375	0.297	4218.8	6375.0	5250.0	22.6	37.3	51.4	250.000	/Users/mary/Desktop/listens_20180309/completed_listens/file5e57599428e.wav	file5e57599428e.wav	250.000	4102.2	6594.2	WCSP	
152	Spectrogram 1	1	250.722	250.721626069	251.321885199	0.600	4593.8	6468.8	5531.2	21.8	35.3	52.9	250.722	/Users/mary/Desktop/listens_20180309/completed_listens/file5e57599428e.wav	file5e57599428e.wav	250.722	4447.3	6632.6	WCSP	
157	Spectrogram 1	1	286.649	286.648682206	286.727504112	0.079	4593.8	5906.2	5250.0	22.3	31.7	43.4	286.649	/Users/mary/Desktop/listens_20180309/completed_listens/file5e57599428e.wav	file5e57599428e.wav	286.649	4447.3	6019.2	WCSP	
158	Spectrogram 1	1	287.394	287.394458702	287.497533502	0.103	4500.0	5906.2	5250.0	22.4	32.5	44.8	287.394	/Users/mary/Desktop/listens_20180309/completed_listens/file5e57599428e.wav	file5e57599428e.wav	287.394	4332.3	6057.5	WCSP	
159	Spectrogram 1	1	289.984	289.983857556	290.311271627	0.327	4593.8	6375.0	5437.5	20.9	35.5	49.2	289.984	/Users/mary/Desktop/listens_20180309/completed_listens/file5e57599428e.wav	file5e57599428e.wav	289.984	4485.6	6555.9	WCSP	
160	Spectrogram 1	1	292.530	292.530411442	292.633486242	0.103	4500.0	6187.5	5343.8	22.5	34.1	45.5	292.530	/Users/mary/Desktop/listens_20180309/completed_listens/file5e57599428e.wav	file5e57599428e.wav	292.530	4370.6	6364.2	WCSP	
161	Spectrogram 1	1	294.028	294.028027656	294.131102457	0.103	4406.2	6093.8	5250.0	23.3	35.4	46.3	294.028	/Users/mary/Desktop/listens_20180309/completed_listens/file5e57599428e.wav	file5e57599428e.wav	294.028	4293.9	6210.9	WCSP	
163	Spectrogram 1	1	294.796	294.796034903	294.893046480	0.097	4312.5	6000.0	5343.8	24.8	37.4	47.6	294.796	/Users/mary/Desktop/listens_20180309/completed_listens/file5e57599428e.wav	file5e57599428e.wav	294.796	4217.3	6134.2	WCSP	
164	Spectrogram 1	1	295.330	295.329598574	295.602443634	0.273	4687.5	6187.5	5343.8	22.5	36.5	49.4	295.330	/Users/mary/Desktop/listens_20180309/completed_listens/file5e57599428e.wav	file5e57599428e.wav	295.330	4562.3	6364.2	WCSP	
165	Spectrogram 1	1	296.306	296.305777564	296.414915588	0.109	4781.2	6281.2	5531.2	22.0	33.3	44.8	296.306	/Users/mary/Desktop/listens_20180309/completed_listens/file5e57599428e.wav	file5e57599428e.wav	296.306	4677.3	6440.9	WCSP	
166	Spectrogram 1	1	299.222	299.222188087	299.343452558	0.121	4781.2	6281.2	5437.5	23.3	34.9	46.5	299.222	/Users/mary/Desktop/listens_20180309/completed_listens/file5e57599428e.wav	file5e57599428e.wav	299.222	4639.0	6440.9	WCSP	
167	Spectrogram 1	1	297.077	297.076518709	297.209909627	0.133	4500.0	6093.8	5343.8	22.5	33.3	46.5	297.077	/Users/mary/Desktop/listens_20180309/completed_listens/file5e57599428e.wav	file5e57599428e.wav	297.077	4370.6	6249.2	WCSP	
168	Spectrogram 1	1	302.462	302.461828717	302.564903517	0.103	4500.0	5718.8	5062.5	23.3	34.2	44.8	302.462	/Users/mary/Desktop/listens_20180309/completed_listens/file5e57599428e.wav	file5e57599428e.wav	302.462	4332.3	5750.8	WCSP	
169	Spectrogram 1	1	303.044	303.043898177	303.171225871	0.127	4593.8	5906.2	5250.0	22.5	33.8	45.6	303.044	/Users/mary/Desktop/listens_20180309/completed_listens/file5e57599428e.wav	file5e57599428e.wav	303.044	4447.3	6019.2	WCSP	
170	Spectrogram 1	1	303.638	303.638094084	303.910939143	0.273	4781.2	6187.5	5343.8	21.7	36.4	48.4	303.638	/Users/mary/Desktop/listens_20180309/completed_listens/file5e57599428e.wav	file5e57599428e.wav	303.638	4600.6	6287.5	WCSP	
171	Spectrogram 1	1	304.529	304.529387944	304.638525968	0.109	4593.8	6093.8	5250.0	23.5	36.4	46.3	304.529	/Users/mary/Desktop/listens_20180309/completed_listens/file5e57599428e.wav	file5e57599428e.wav	304.529	4408.9	6249.2	WCSP	
172	Spectrogram 1	1	306.379	306.378671124	306.554504606	0.176	4593.8	6281.2	5437.5	22.2	33.8	47.3	306.379	/Users/mary/Desktop/listens_20180309/completed_listens/file5e57599428e.wav	file5e57599428e.wav	306.379	4524.0	6402.6	WCSP	
173	Spectrogram 1	1	309.504	309.504464145	309.619665393	0.115	4406.2	6000.0	5531.2	24.1	38.4	47.9	309.504	/Users/mary/Desktop/listens_20180309/completed_listens/file5e57599428e.wav	file5e57599428e.wav	309.504	4217.3	6364.2	WCSP	
174	Spectrogram 1	1	310.105	310.104723276	310.207798076	0.103	4687.5	6375.0	5437.5	25.5	40.9	49.1	310.105	/Users/mary/Desktop/listens_20180309/completed_listens/file5e57599428e.wav	file5e57599428e.wav	310.105	4485.6	6670.9	WCSP	
175	Spectrogram 1	1	310.711	310.711045630	310.856562995	0.146	4781.2	6093.8	5250.0	22.4	34.8	46.3	310.711	/Users/mary/Desktop/listens_20180309/completed_listens/file5e57599428e.wav	file5e57599428e.wav	310.711	4600.6	6364.2	WCSP	
176	Spectrogram 1	1	311.384	311.384063443	311.481075019	0.097	4687.5	5906.2	5250.0	23.5	35.4	45.1	311.384	/Users/mary/Desktop/listens_20180309/completed_listens/file5e57599428e.wav	file5e57599428e.wav	311.384	4524.0	6057.5	WCSP	
177	Spectrogram 1	1	312.154	312.154092832	312.287483750	0.133	4312.5	6093.8	5250.0	23.0	35.8	47.4	312.154	/Users/mary/Desktop/listens_20180309/completed_listens/file5e57599428e.wav	file5e57599428e.wav	312.154	4217.3	6249.2	WCSP	
178	Spectrogram 1	1	312.669	312.669466833	312.766478410	0.097	5437.5	6750.0	6093.8	25.0	40.2	47.6	312.669	/Users/mary/Desktop/listens_20180309/completed_listens/file5e57599428e.wav	file5e57599428e.wav	312.669	5214.1	7092.7	WCSP	
179	Spectrogram 1	1	313.185	313.184840834	313.488002011	0.303	4312.5	6375.0	5343.8	22.8	38.1	51.6	313.185	/Users/mary/Desktop/listens_20180309/completed_listens/file5e57599428e.wav	file5e57599428e.wav	313.185	4217.3	6747.6	WCSP	
180	Spectrogram 1	1	314.106	314.106450812	314.245904953	0.139	4593.8	6093.8	5250.0	21.9	33.1	46.0	314.106	/Users/mary/Desktop/listens_20180309/completed_listens/file5e57599428e.wav	file5e57599428e.wav	314.106	4408.9	6249.2	WCSP	
181	Spectrogram 1	1	316.460	316.460217441	316.587545136	0.127	4781.2	6375.0	5437.5	22.5	36.2	46.5	316.460	/Users/mary/Desktop/listens_20180309/completed_listens/file5e57599428e.wav	file5e57599428e.wav	316.460	4639.0	6632.6	WCSP	
182	Spectrogram 1	1	317.521	317.521281561	317.842632408	0.321	4406.2	6468.8	5343.8	24.0	38.8	53.1	317.521	/Users/mary/Desktop/listens_20180309/completed_listens/file5e57599428e.wav	file5e57599428e.wav	317.521	4255.6	6785.9	WCSP	
183	Spectrogram 1	1	318.431	318.430765092	318.558092786	0.127	4593.8	6187.5	5343.8	23.1	36.7	46.9	318.431	/Users/mary/Desktop/listens_20180309/completed_listens/file5e57599428e.wav	file5e57599428e.wav	318.431	4447.3	6325.9	WCSP	
184	Spectrogram 1	1	318.976	318.976455210	319.279616387	0.303	4593.8	6375.0	5343.8	22.6	37.4	50.7	318.976	/Users/mary/Desktop/listens_20180309/completed_listens/file5e57599428e.wav	file5e57599428e.wav	318.976	4408.9	6594.2	WCSP	
187	Spectrogram 1	1	331.513	331.513320230	331.634584701	0.121	4687.5	6187.5	5531.2	22.5	35.7	45.9	331.513	/Users/mary/Desktop/listens_20180309/completed_listens/file5e57599428e.wav	file5e57599428e.wav	331.513	4524.0	6364.2	WCSP	
188	Spectrogram 1	1	333.648	333.647574916	333.762776163	0.115	5062.5	6937.5	5812.5	24.0	39.1	48.4	333.648	/Users/mary/Desktop/listens_20180309/completed_listens/file5e57599428e.wav	file5e57599428e.wav	333.648	4830.7	7169.3	WCSP	
189	Spectrogram 1	1	335.800	335.800019273	335.860651508	0.061	5250.0	6468.8	5906.2	29.3	44.1	50.1	335.800	/Users/mary/Desktop/listens_20180309/completed_listens/file5e57599428e.wav	file5e57599428e.wav	335.800	4907.3	6939.3	WCSP	
190	Spectrogram 1	1	336.918	336.918386474	336.997208380	0.079	5250.0	6187.5	5906.2	23.1	34.9	42.3	336.918	/Users/mary/Desktop/listens_20180309/completed_listens/file5e57599428e.wav	file5e57599428e.wav	336.918	5175.7	6364.2	WCSP	
191	Spectrogram 1	1	338.471	338.470571700	338.573646500	0.103	5156.2	6656.2	5906.2	26.2	40.6	49.6	338.471	/Users/mary/Desktop/listens_20180309/completed_listens/file5e57599428e.wav	file5e57599428e.wav	338.471	4945.7	7092.7	WCSP	
192	Spectrogram 1	1	340.041	340.040946597	340.162211068	0.121	5250.0	6656.2	5812.5	26.0	42.6	49.9	340.041	/Users/mary/Desktop/listens_20180309/completed_listens/file5e57599428e.wav	file5e57599428e.wav	340.041	4984.0	7016.0	WCSP	
193	Spectrogram 1	1	341.181	341.180832622	341.283907423	0.103	4875.0	7031.2	5812.5	22.1	33.5	46.1	341.181	/Users/mary/Desktop/listens_20180309/completed_listens/file5e57599428e.wav	file5e57599428e.wav	341.181	4715.7	7131.0	WCSP	
195	Spectrogram 1	1	343.977	343.976524578	344.109915496	0.133	5531.2	6750.0	5906.2	23.1	38.4	46.6	343.977	/Users/mary/Desktop/listens_20180309/completed_listens/file5e57599428e.wav	file5e57599428e.wav	343.977	5290.7	7016.0	WCSP	
196	Spectrogram 1	1	345.456	345.455951122	345.552962698	0.097	5156.2	6750.0	5906.2	24.6	40.7	48.0	345.456	/Users/mary/Desktop/listens_20180309/completed_listens/file5e57599428e.wav	file5e57599428e.wav	345.456	4945.7	7092.7	WCSP	
197	Spectrogram 1	1	347.996	347.996441785	348.099516585	0.103	5156.2	6656.2	5718.8	26.4	41.7	50.2	347.996	/Users/mary/Desktop/listens_20180309/completed_listens/file5e57599428e.wav	file5e57599428e.wav	347.996	4830.7	7131.0	WCSP	
198	Spectrogram 1	1	348.639	348.639143480	348.730091833	0.091	4593.8	6281.2	5343.8	22.8	36.3	45.5	348.639	/Users/mary/Desktop/listens_20180309/completed_listens/file5e57599428e.wav	file5e57599428e.wav	348.639	4485.6	6517.6	WCSP	
199	Spectrogram 1	1	349.815	349.815408847	349.900293976	0.085	5062.5	6562.5	5812.5	24.2	36.9	46.2	349.815	/Users/mary/Desktop/listens_20180309/completed_listens/file5e57599428e.wav	file5e57599428e.wav	349.815	4945.7	6824.3	WCSP	
200	Spectrogram 1	1	351.375	351.375249449	351.508640367	0.133	4593.8	6562.5	5531.2	21.2	34.3	46.2	351.375	/Users/mary/Desktop/listens_20180309/completed_listens/file5e57599428e.wav	file5e57599428e.wav	351.375	4485.6	6785.9	WCSP	
201	Spectrogram 1	1	352.133	352.133152392	352.248353639	0.115	4687.5	6656.2	5812.5	24.8	39.4	49.4	352.133	/Users/mary/Desktop/listens_20180309/completed_listens/file5e57599428e.wav	file5e57599428e.wav	352.133	4524.0	6977.6	WCSP	
202	Spectrogram 1	1	355.231	355.231459621	355.358787315	0.127	4968.8	6750.0	5906.2	24.9	41.3	49.7	355.231	/Users/mary/Desktop/listens_20180309/completed_listens/file5e57599428e.wav	file5e57599428e.wav	355.231	4715.7	7092.7	WCSP	
203	Spectrogram 1	1	356.432	356.431977882	356.510799788	0.079	5156.2	6187.5	5718.8	23.6	35.2	43.4	356.432	/Users/mary/Desktop/listens_20180309/completed_listens/file5e57599428e.wav	file5e57599428e.wav	356.432	5099.0	6364.2	WCSP	
204	Spectrogram 1	1	357.826	357.826208254	357.929283054	0.103	5156.2	6468.8	5812.5	22.4	36.1	44.7	357.826	/Users/mary/Desktop/listens_20180309/completed_listens/file5e57599428e.wav	file5e57599428e.wav	357.826	4984.0	6670.9	WCSP	
205	Spectrogram 1	1	358.912	358.911525267	359.020663291	0.109	5250.0	6281.2	5812.5	21.5	35.2	42.9	358.912	/Users/mary/Desktop/listens_20180309/completed_listens/file5e57599428e.wav	file5e57599428e.wav	358.912	5099.0	6364.2	WCSP	
206	Spectrogram 1	1	360.000	360.000000000	360.049738068	0.050	4968.8	6093.8	5718.8	25.3	37.6	43.8	360.000	/Users/mary/Desktop/listens_20180309/completed_listens/file5e57599428e.wav	file5e57599428e.wav	360.000	4754.0	6249.2	WCSP	
207	Spectrogram 1	1	361.099	361.098675741	361.523101388	0.424	4593.8	6468.8	5625.0	22.2	40.8	52.0	361.099	/Users/mary/Desktop/listens_20180309/completed_listens/file5e57599428e.wav	file5e57599428e.wav	361.099	4447.3	6747.6	WCSP	
208	Spectrogram 1	1	362.342	362.341636566	362.438648143	0.097	4875.0	6375.0	5718.8	23.6	37.8	46.4	362.342	/Users/mary/Desktop/listens_20180309/completed_listens/file5e57599428e.wav	file5e57599428e.wav	362.342	4639.0	6632.6	WCSP	
209	Spectrogram 1	1	362.972	362.972211814	363.069223391	0.097	4687.5	5531.2	4968.8	24.7	38.0	45.0	362.972	/Users/mary/Desktop/listens_20180309/completed_listens/file5e57599428e.wav	file5e57599428e.wav	362.972	4408.9	5597.4	WCSP	
210	Spectrogram 1	1	364.178	364.178314545	364.287452569	0.109	4687.5	6562.5	5718.8	23.8	37.1	47.6	364.178	/Users/mary/Desktop/listens_20180309/completed_listens/file5e57599428e.wav	file5e57599428e.wav	364.178	4524.0	6785.9	WCSP	
211	Spectrogram 1	1	364.500	364.499665393	364.608803416	0.109	4406.2	6187.5	5250.0	22.6	33.4	46.2	364.500	/Users/mary/Desktop/listens_20180309/completed_listens/file5e57599428e.wav	file5e57599428e.wav	364.500	4332.3	6440.9	WCSP	
212	Spectrogram 1	1	366.046	366.045787395	366.154925419	0.109	4687.5	6093.8	5625.0	26.6	42.1	50.1	366.046	/Users/mary/Desktop/listens_20180309/completed_listens/file5e57599428e.wav	file5e57599428e.wav	366.046	4485.6	6440.9	WCSP	
213	Spectrogram 1	1	369.930	369.929957806	370.190676418	0.261	4593.8	7031.2	5718.8	21.0	32.5	49.7	369.930	/Users/mary/Desktop/listens_20180309/completed_listens/file5e57599428e.wav	file5e57599428e.wav	369.930	4408.9	7284.3	WCSP	
214	Spectrogram 1	1	368.632	368.632427968	368.735502769	0.103	4875.0	6375.0	5718.8	22.0	33.7	44.6	368.632	/Users/mary/Desktop/listens_20180309/completed_listens/file5e57599428e.wav	file5e57599428e.wav	368.632	4754.0	6479.2	WCSP	
215	Spectrogram 1	1	369.275	369.275129664	369.372141240	0.097	4500.0	5250.0	4968.8	22.6	31.5	41.7	369.275	/Users/mary/Desktop/listens_20180309/completed_listens/file5e57599428e.wav	file5e57599428e.wav	369.275	4485.6	5329.1	WCSP	
216	Spectrogram 1	1	371.003	371.003148372	371.160792184	0.158	4593.8	6281.2	5343.8	21.4	30.4	46.2	371.003	/Users/mary/Desktop/listens_20180309/completed_listens/file5e57599428e.wav	file5e57599428e.wav	371.003	4408.9	6440.9	WCSP	
217	Spectrogram 1	1	372.761	372.761483199	372.894874117	0.133	4500.0	5812.5	5156.2	21.7	31.0	45.0	372.761	/Users/mary/Desktop/listens_20180309/completed_listens/file5e57599428e.wav	file5e57599428e.wav	372.761	4332.3	5980.8	WCSP	
218	Spectrogram 1	1	373.665	373.664903506	373.786167977	0.121	4500.0	6187.5	5343.8	22.7	34.9	46.5	373.665	/Users/mary/Desktop/listens_20180309/completed_listens/file5e57599428e.wav	file5e57599428e.wav	373.665	4332.3	6402.6	WCSP	
220	Spectrogram 1	1	374.923	374.923175844	375.074756432	0.152	4406.2	6375.0	5437.5	22.3	33.2	47.7	374.923	/Users/mary/Desktop/listens_20180309/completed_listens/file5e57599428e.wav	file5e57599428e.wav	374.923	4293.9	6632.6	WCSP	
221	Spectrogram 1	1	375.633	375.632572998	375.741711022	0.109	4500.0	6000.0	5156.2	21.4	34.3	44.0	375.633	/Users/mary/Desktop/listens_20180309/completed_listens/file5e57599428e.wav	file5e57599428e.wav	375.633	4485.6	6172.5	WCSP	
222	Spectrogram 1	1	376.591	376.590562317	376.717890012	0.127	4781.2	6468.8	5531.2	21.0	32.7	45.0	376.591	/Users/mary/Desktop/listens_20180309/completed_listens/file5e57599428e.wav	file5e57599428e.wav	376.591	4600.6	6632.6	WCSP	
223	Spectrogram 1	1	377.779	377.778954131	377.991166955	0.212	4593.8	6187.5	5343.8	21.4	33.1	47.4	377.779	/Users/mary/Desktop/listens_20180309/completed_listens/file5e57599428e.wav	file5e57599428e.wav	377.779	4447.3	6325.9	WCSP	
224	Spectrogram 1	1	378.337	378.336770697	378.439845497	0.103	4593.8	6187.5	5343.8	22.0	32.4	44.8	378.337	/Users/mary/Desktop/listens_20180309/completed_listens/file5e57599428e.wav	file5e57599428e.wav	378.337	4485.6	6325.9	WCSP	
225	Spectrogram 1	1	380.904	380.903818163	381.012956186	0.109	4406.2	6281.2	5250.0	23.0	37.3	46.8	380.904	/Users/mary/Desktop/listens_20180309/completed_listens/file5e57599428e.wav	file5e57599428e.wav	380.904	4255.6	6555.9	WCSP	
226	Spectrogram 1	1	381.807	381.807238470	381.916376494	0.109	4406.2	6468.8	5343.8	22.3	33.6	46.3	381.807	/Users/mary/Desktop/listens_20180309/completed_listens/file5e57599428e.wav	file5e57599428e.wav	381.807	4332.3	6594.2	WCSP	
227	Spectrogram 1	1	382.589	382.589394307	382.698532330	0.109	4406.2	5718.8	5062.5	23.4	36.0	45.4	382.589	/Users/mary/Desktop/listens_20180309/completed_listens/file5e57599428e.wav	file5e57599428e.wav	382.589	4370.6	5865.8	WCSP	
228	Spectrogram 1	1	385.075	385.075315958	385.148074640	0.073	4875.0	5625.0	5156.2	28.3	43.0	47.5	385.075	/Users/mary/Desktop/listens_20180309/completed_listens/file5e57599428e.wav	file5e57599428e.wav	385.075	4639.0	5750.8	WCSP	
229	Spectrogram 1	1	384.056	384.056358980	384.341330486	0.285	4406.2	6187.5	5156.2	21.8	33.7	49.3	384.056	/Users/mary/Desktop/listens_20180309/completed_listens/file5e57599428e.wav	file5e57599428e.wav	384.056	4370.6	6287.5	WCSP	
230	Spectrogram 1	1	388.377	388.377202293	388.480277093	0.103	4500.0	5531.2	5156.2	22.4	35.8	43.6	388.377	/Users/mary/Desktop/listens_20180309/completed_listens/file5e57599428e.wav	file5e57599428e.wav	388.377	4447.3	5674.1	WCSP	
231	Spectrogram 1	1	390.584	390.584215662	390.747922697	0.164	4593.8	5812.5	5156.2	22.3	33.2	46.2	390.584	/Users/mary/Desktop/listens_20180309/completed_listens/file5e57599428e.wav	file5e57599428e.wav	390.584	4408.9	5942.5	WCSP	
233	Spectrogram 1	1	395.080	395.080462296	395.225979661	0.146	4687.5	6281.2	5625.0	22.0	34.4	46.5	395.080	/Users/mary/Desktop/listens_20180309/completed_listens/file5e57599428e.wav	file5e57599428e.wav	395.080	4524.0	6555.9	WCSP	
234	Spectrogram 1	1	397.548	397.548194277	397.687648418	0.139	4500.0	5531.2	4968.8	22.9	34.4	45.2	397.548	/Users/mary/Desktop/listens_20180309/completed_listens/file5e57599428e.wav	file5e57599428e.wav	397.548	4485.6	5674.1	WCSP	
238	Spectrogram 1	1	443.608	443.608001195	444.311335126	0.703	4781.2	7125.0	5906.2	20.3	34.7	53.0	443.608	/Users/mary/Desktop/listens_20180309/completed_listens/file5e57599428e.wav	file5e57599428e.wav	443.608	4639.0	7284.3	WCSP	
240	Spectrogram 1	1	460.249	460.248598850	460.782162521	0.534	4875.0	6656.2	5718.8	20.9	34.1	51.1	460.249	/Users/mary/Desktop/listens_20180309/completed_listens/file5e57599428e.wav	file5e57599428e.wav	460.249	4792.3	6785.9	WCSP	
241	Spectrogram 1	1	462.013	462.012996900	462.152451041	0.139	4968.8	6656.2	5906.2	21.9	34.3	46.4	462.013	/Users/mary/Desktop/listens_20180309/completed_listens/file5e57599428e.wav	file5e57599428e.wav	462.013	4830.7	6862.6	WCSP	
242	Spectrogram 1	1	462.753	462.752710172	463.225641608	0.473	4593.8	7125.0	5718.8	21.0	36.2	52.3	462.753	/Users/mary/Desktop/listens_20180309/completed_listens/file5e57599428e.wav	file5e57599428e.wav	462.753	4447.3	7322.7	WCSP	
243	Spectrogram 1	1	463.965	463.965354880	464.274579280	0.309	4875.0	6843.8	6000.0	22.1	37.4	50.7	463.965	/Users/mary/Desktop/listens_20180309/completed_listens/file5e57599428e.wav	file5e57599428e.wav	463.965	4754.0	7054.3	WCSP	
244	Spectrogram 1	1	466.916	466.916122601	467.225347001	0.309	4781.2	6375.0	5625.0	21.1	35.4	48.5	466.916	/Users/mary/Desktop/listens_20180309/completed_listens/file5e57599428e.wav	file5e57599428e.wav	466.916	4715.7	6479.2	WCSP	
245	Spectrogram 1	1	485.811	485.811484703	487.709273671	1.898	4218.8	6656.2	5343.8	20.9	36.1	58.2	485.811	/Users/mary/Desktop/listens_20180309/completed_listens/file5e57599428e.wav	file5e57599428e.wav	485.811	4063.9	6862.6	WCSP	
247	Spectrogram 1	1	489.996	489.996440338	490.305664738	0.309	4687.5	6093.8	5343.8	21.7	34.1	48.4	489.996	/Users/mary/Desktop/listens_20180309/completed_listens/file5e57599428e.wav	file5e57599428e.wav	489.996	4639.0	6134.2	WCSP	
248	Spectrogram 1	1	490.851	490.851354857	491.718395823	0.867	4312.5	6562.5	5343.8	21.5	36.7	54.9	490.851	/Users/mary/Desktop/listens_20180309/completed_listens/file5e57599428e.wav	file5e57599428e.wav	490.851	4217.3	6709.3	WCSP	
249	Spectrogram 1	1	492.373	492.373223965	492.694574813	0.321	4593.8	6562.5	5437.5	21.5	35.9	50.0	492.373	/Users/mary/Desktop/listens_20180309/completed_listens/file5e57599428e.wav	file5e57599428e.wav	492.373	4524.0	6709.3	WCSP	
250	Spectrogram 1	1	497.591	497.591136773	497.760907032	0.170	5062.5	6656.2	5812.5	22.2	35.6	47.2	497.591	/Users/mary/Desktop/listens_20180309/completed_listens/file5e57599428e.wav	file5e57599428e.wav	497.591	4945.7	6824.3	WCSP	
251	Spectrogram 1	1	498.664	498.664327339	498.743149245	0.079	5062.5	6375.0	5812.5	22.8	32.2	43.6	498.664	/Users/mary/Desktop/listens_20180309/completed_listens/file5e57599428e.wav	file5e57599428e.wav	498.664	4984.0	6517.6	WCSP	
252	Spectrogram 1	1	499.034	499.034183975	499.131195552	0.097	4312.5	5812.5	5062.5	22.7	35.3	44.8	499.034	/Users/mary/Desktop/listens_20180309/completed_listens/file5e57599428e.wav	file5e57599428e.wav	499.034	4293.9	5904.2	WCSP	
253	Spectrogram 1	1	499.495	499.494988964	499.870908824	0.376	4593.8	7312.5	5718.8	20.8	33.5	51.4	499.495	/Users/mary/Desktop/listens_20180309/completed_listens/file5e57599428e.wav	file5e57599428e.wav	499.495	4408.9	7514.4	WCSP	
254	Spectrogram 1	1	500.671	500.671254331	500.828898143	0.158	4875.0	6656.2	5625.0	22.1	33.5	47.3	500.671	/Users/mary/Desktop/listens_20180309/completed_listens/file5e57599428e.wav	file5e57599428e.wav	500.671	4715.7	6785.9	WCSP	
255	Spectrogram 1	1	501.096	501.095679979	501.853582921	0.758	4687.5	7031.2	5718.8	20.9	35.0	54.0	501.096	/Users/mary/Desktop/listens_20180309/completed_listens/file5e57599428e.wav	file5e57599428e.wav	501.096	4524.0	7284.3	WCSP	
256	Spectrogram 1	1	505.740	505.739680909	506.109537545	0.370	4593.8	6468.8	5437.5	21.2	32.6	50.4	505.740	/Users/mary/Desktop/listens_20180309/completed_listens/file5e57599428e.wav	file5e57599428e.wav	505.740	4485.6	6747.6	WCSP	
257	Spectrogram 1	1	515.549	515.549071229	515.682462147	0.133	4781.2	6750.0	5718.8	21.3	34.7	46.3	515.549	/Users/mary/Desktop/listens_20180309/completed_listens/file5e57599428e.wav	file5e57599428e.wav	515.549	4600.6	7016.0	WCSP	
258	Spectrogram 1	1	516.677	516.676830808	516.798095278	0.121	4875.0	6375.0	5625.0	22.1	34.4	45.5	516.677	/Users/mary/Desktop/listens_20180309/completed_listens/file5e57599428e.wav	file5e57599428e.wav	516.677	4715.7	6555.9	WCSP	
259	Spectrogram 1	1	519.078	519.077867329	519.368902059	0.291	4687.5	6562.5	5718.8	24.1	39.5	52.6	519.078	/Users/mary/Desktop/listens_20180309/completed_listens/file5e57599428e.wav	file5e57599428e.wav	519.078	4485.6	6862.6	WCSP	
260	Spectrogram 1	1	519.648	519.647810342	519.763011589	0.115	5625.0	7125.0	6468.8	23.0	38.4	46.2	519.648	/Users/mary/Desktop/listens_20180309/completed_listens/file5e57599428e.wav	file5e57599428e.wav	519.648	5520.8	7246.0	WCSP	
261	Spectrogram 1	1	520.078	520.078299213	520.217753355	0.139	4593.8	6187.5	5250.0	23.8	39.5	48.2	520.078	/Users/mary/Desktop/listens_20180309/completed_listens/file5e57599428e.wav	file5e57599428e.wav	520.078	4447.3	6402.6	WCSP	
262	Spectrogram 1	1	520.606	520.606465443	520.964195632	0.358	4593.8	7125.0	5718.8	21.1	33.0	51.2	520.606	/Users/mary/Desktop/listens_20180309/completed_listens/file5e57599428e.wav	file5e57599428e.wav	520.606	4447.3	7361.0	WCSP	
263	Spectrogram 1	1	521.237	521.237040691	521.358305162	0.121	5625.0	7125.0	6281.2	21.4	36.5	44.8	521.237	/Users/mary/Desktop/listens_20180309/completed_listens/file5e57599428e.wav	file5e57599428e.wav	521.237	5482.4	7246.0	WCSP	
264	Spectrogram 1	1	521.765	521.764541139	522.110144881	0.346	5437.5	7593.8	6468.8	21.2	36.7	50.6	521.765	/Users/mary/Desktop/listens_20180309/completed_listens/file5e57599428e.wav	file5e57599428e.wav	521.765	5252.4	7821.1	WCSP	
265	Spectrogram 1	1	522.632	522.631582105	522.752846576	0.121	5718.8	7312.5	6468.8	24.3	41.6	48.3	522.632	/Users/mary/Desktop/listens_20180309/completed_listens/file5e57599428e.wav	file5e57599428e.wav	522.632	5520.8	7591.1	WCSP	
266	Spectrogram 1	1	523.141	523.140892883	523.231841236	0.091	5625.0	7687.5	6468.8	23.1	37.6	46.5	523.141	/Users/mary/Desktop/listens_20180309/completed_listens/file5e57599428e.wav	file5e57599428e.wav	523.141	5482.4	7936.1	WCSP	
267	Spectrogram 1	1	523.656	523.656266884	523.759341684	0.103	5437.5	7687.5	6562.5	22.0	35.6	46.3	523.656	/Users/mary/Desktop/listens_20180309/completed_listens/file5e57599428e.wav	file5e57599428e.wav	523.656	5329.1	7936.1	WCSP	
268	Spectrogram 1	1	524.123	524.123135096	524.232273120	0.109	5625.0	7406.2	6468.8	21.9	35.0	45.3	524.123	/Users/mary/Desktop/listens_20180309/completed_listens/file5e57599428e.wav	file5e57599428e.wav	524.123	5482.4	7552.7	WCSP	
269	Spectrogram 1	1	524.632	524.632445873	524.735520674	0.103	5531.2	6937.5	6187.5	24.9	38.8	47.9	524.632	/Users/mary/Desktop/listens_20180309/completed_listens/file5e57599428e.wav	file5e57599428e.wav	524.632	5329.1	7246.0	WCSP	
270	Spectrogram 1	1	525.251	525.250894675	525.341843028	0.091	5343.8	7125.0	6375.0	22.8	35.6	45.7	525.251	/Users/mary/Desktop/listens_20180309/completed_listens/file5e57599428e.wav	file5e57599428e.wav	525.251	5175.7	7361.0	WCSP	
271	Spectrogram 1	1	525.851	525.851153805	525.972418276	0.121	5625.0	7218.8	6468.8	22.2	36.7	45.6	525.851	/Users/mary/Desktop/listens_20180309/completed_listens/file5e57599428e.wav	file5e57599428e.wav	525.851	5444.1	7361.0	WCSP	
272	Spectrogram 1	1	535.251	535.251098873	535.366300120	0.115	5250.0	6375.0	5812.5	21.9	33.6	44.0	535.251	/Users/mary/Desktop/listens_20180309/completed_listens/file5e57599428e.wav	file5e57599428e.wav	535.251	5099.0	6555.9	WCSP	
273	Spectrogram 1	1	536.197	536.196961745	536.318226216	0.121	5156.2	6843.8	6000.0	22.1	34.3	45.9	536.197	/Users/mary/Desktop/listens_20180309/completed_listens/file5e57599428e.wav	file5e57599428e.wav	536.197	5060.7	6939.3	WCSP	
274	Spectrogram 1	1	536.840	536.839663440	536.960927911	0.121	5156.2	6468.8	6000.0	22.2	35.7	44.8	536.840	/Users/mary/Desktop/listens_20180309/completed_listens/file5e57599428e.wav	file5e57599428e.wav	536.840	5022.4	6517.6	WCSP	
275	Spectrogram 1	1	538.580	538.579808596	538.670756949	0.091	5437.5	6468.8	6000.0	22.3	34.6	43.1	538.580	/Users/mary/Desktop/listens_20180309/completed_listens/file5e57599428e.wav	file5e57599428e.wav	538.580	5252.4	6632.6	WCSP	
276	Spectrogram 1	1	539.398	539.398343774	539.501418574	0.103	5156.2	6843.8	6000.0	23.8	38.4	46.8	539.398	/Users/mary/Desktop/listens_20180309/completed_listens/file5e57599428e.wav	file5e57599428e.wav	539.398	5022.4	6977.6	WCSP	
278	Spectrogram 1	1	556.821	556.820803267	556.923878067	0.103	4968.8	6656.2	5625.0	22.8	35.5	46.0	556.821	/Users/mary/Desktop/listens_20180309/completed_listens/file5e57599428e.wav	file5e57599428e.wav	556.821	4830.7	6785.9	WCSP	
279	Spectrogram 1	1	557.639	557.639338445	557.730286798	0.091	5062.5	6468.8	6000.0	22.6	37.5	44.4	557.639	/Users/mary/Desktop/listens_20180309/completed_listens/file5e57599428e.wav	file5e57599428e.wav	557.639	4907.3	6632.6	WCSP	
280	Spectrogram 1	1	559.046	559.046006306	559.179397224	0.133	5343.8	6562.5	6000.0	22.1	36.6	45.1	559.046	/Users/mary/Desktop/listens_20180309/completed_listens/file5e57599428e.wav	file5e57599428e.wav	559.046	5214.1	6709.3	WCSP	
281	Spectrogram 1	1	560.180	560.179829108	560.295030355	0.115	5250.0	7312.5	6187.5	21.8	31.5	46.2	560.180	/Users/mary/Desktop/listens_20180309/completed_listens/file5e57599428e.wav	file5e57599428e.wav	560.180	5137.4	7476.0	WCSP	
282	Spectrogram 1	1	561.708	561.707761440	561.810836240	0.103	4968.8	6281.2	5531.2	23.5	35.5	45.8	561.708	/Users/mary/Desktop/listens_20180309/completed_listens/file5e57599428e.wav	file5e57599428e.wav	561.708	4830.7	6479.2	WCSP	
283	Spectrogram 1	1	562.132	562.132187088	562.405032147	0.273	4687.5	6468.8	5531.2	22.1	35.2	49.8	562.132	/Users/mary/Desktop/listens_20180309/completed_listens/file5e57599428e.wav	file5e57599428e.wav	562.132	4524.0	6709.3	WCSP	
284	Spectrogram 1	1	563.131	563.130573377	563.245774624	0.115	5718.8	7406.2	6750.0	25.4	39.6	49.8	563.131	/Users/mary/Desktop/listens_20180309/completed_listens/file5e57599428e.wav	file5e57599428e.wav	563.131	5444.1	7782.7	WCSP	
285	Spectrogram 1	1	562.864	562.863791541	562.954739894	0.091	4687.5	5718.8	5156.2	23.7	35.1	44.4	562.864	/Users/mary/Desktop/listens_20180309/completed_listens/file5e57599428e.wav	file5e57599428e.wav	562.864	4639.0	5827.5	WCSP	
286	Spectrogram 1	1	563.719	563.718706060	563.852096978	0.133	4218.8	5625.0	4875.0	24.0	35.3	47.5	563.719	/Users/mary/Desktop/listens_20180309/completed_listens/file5e57599428e.wav	file5e57599428e.wav	563.719	4063.9	5750.8	WCSP	
287	Spectrogram 1	1	564.549	564.549367685	564.646379262	0.097	5437.5	6656.2	6187.5	23.0	35.4	44.3	564.549	/Users/mary/Desktop/listens_20180309/completed_listens/file5e57599428e.wav	file5e57599428e.wav	564.549	5252.4	6709.3	WCSP	
288	Spectrogram 1	1	565.841	565.840834299	565.974225217	0.133	5156.2	6468.8	6000.0	24.5	40.4	48.0	565.841	/Users/mary/Desktop/listens_20180309/completed_listens/file5e57599428e.wav	file5e57599428e.wav	565.841	5060.7	6670.9	WCSP	
289	Spectrogram 1	1	568.284	568.284313386	568.417704303	0.133	4875.0	6562.5	5625.0	22.4	34.6	46.6	568.284	/Users/mary/Desktop/listens_20180309/completed_listens/file5e57599428e.wav	file5e57599428e.wav	568.284	4715.7	6747.6	WCSP	
290	Spectrogram 1	1	568.697	568.696612586	568.787560939	0.091	4781.2	5812.5	5250.0	23.4	36.8	44.2	568.697	/Users/mary/Desktop/listens_20180309/completed_listens/file5e57599428e.wav	file5e57599428e.wav	568.697	4677.3	5980.8	WCSP	
291	Spectrogram 1	1	570.041	570.041458633	570.441631386	0.400	4781.2	6562.5	5625.0	21.7	35.9	50.8	570.041	/Users/mary/Desktop/listens_20180309/completed_listens/file5e57599428e.wav	file5e57599428e.wav	570.041	4639.0	6670.9	WCSP	
292	Spectrogram 1	1	570.811	570.811488022	570.920626046	0.109	4312.5	6093.8	5156.2	23.4	37.7	47.0	570.811	/Users/mary/Desktop/listens_20180309/completed_listens/file5e57599428e.wav	file5e57599428e.wav	570.811	4217.3	6287.5	WCSP	
293	Spectrogram 1	1	571.466	571.466316164	571.539074847	0.073	5062.5	6562.5	6000.0	23.1	38.3	44.7	571.466	/Users/mary/Desktop/listens_20180309/completed_listens/file5e57599428e.wav	file5e57599428e.wav	571.466	4792.3	6785.9	WCSP	
294	Spectrogram 1	1	572.697	572.697150543	572.788098896	0.091	5250.0	6468.8	6000.0	23.3	38.0	44.6	572.697	/Users/mary/Desktop/listens_20180309/completed_listens/file5e57599428e.wav	file5e57599428e.wav	572.697	5099.0	6594.2	WCSP	
295	Spectrogram 1	1	574.261	574.261462216	574.358473793	0.097	5718.8	6750.0	6093.8	22.4	36.8	43.7	574.261	/Users/mary/Desktop/listens_20180309/completed_listens/file5e57599428e.wav	file5e57599428e.wav	574.261	5482.4	6901.0	WCSP	
296	Spectrogram 1	1	575.013	575.013301935	575.237641206	0.224	4875.0	6656.2	5718.8	22.0	36.1	48.7	575.013	/Users/mary/Desktop/listens_20180309/completed_listens/file5e57599428e.wav	file5e57599428e.wav	575.013	4715.7	6824.3	WCSP	
297	Spectrogram 1	1	576.527	576.526751942	576.823849895	0.297	4406.2	6000.0	5156.2	22.5	37.5	49.8	576.527	/Users/mary/Desktop/listens_20180309/completed_listens/file5e57599428e.wav	file5e57599428e.wav	576.527	4370.6	6095.8	WCSP	
298	Spectrogram 1	1	578.922	578.921725240	579.012673593	0.091	5531.2	7031.2	6187.5	23.9	36.8	46.2	578.922	/Users/mary/Desktop/listens_20180309/completed_listens/file5e57599428e.wav	file5e57599428e.wav	578.922	5367.4	7246.0	WCSP	
299	Spectrogram 1	1	580.171	580.170749289	580.479973690	0.309	4500.0	6375.0	5250.0	21.9	38.2	50.3	580.171	/Users/mary/Desktop/listens_20180309/completed_listens/file5e57599428e.wav	file5e57599428e.wav	580.171	4332.3	6632.6	WCSP	
300	Spectrogram 1	1	581.154	581.154344658	581.281672352	0.127	5531.2	7125.0	6281.2	24.9	39.7	48.9	581.154	/Users/mary/Desktop/listens_20180309/completed_listens/file5e57599428e.wav	file5e57599428e.wav	581.154	5367.4	7361.0	WCSP	
301	Spectrogram 1	1	582.822	582.821731131	582.912679485	0.091	4500.0	5625.0	5062.5	25.9	39.9	46.9	582.822	/Users/mary/Desktop/listens_20180309/completed_listens/file5e57599428e.wav	file5e57599428e.wav	582.822	4370.6	5750.8	WCSP	
302	Spectrogram 1	1	584.295	584.295094452	584.404232475	0.109	5062.5	6937.5	6000.0	22.9	37.4	46.7	584.295	/Users/mary/Desktop/listens_20180309/completed_listens/file5e57599428e.wav	file5e57599428e.wav	584.295	4945.7	7131.0	WCSP	
303	Spectrogram 1	1	585.332	585.331905677	585.416790806	0.085	5062.5	6375.0	5625.0	23.2	33.8	44.5	585.332	/Users/mary/Desktop/listens_20180309/completed_listens/file5e57599428e.wav	file5e57599428e.wav	585.332	4945.7	6517.6	WCSP	
304	Spectrogram 1	1	586.700	586.699980890	586.803055690	0.103	5531.2	7687.5	6562.5	23.4	35.5	47.6	586.700	/Users/mary/Desktop/listens_20180309/completed_listens/file5e57599428e.wav	file5e57599428e.wav	586.700	5329.1	7897.8	WCSP	
305	Spectrogram 1	1	587.567	587.567021856	587.664033433	0.097	5812.5	7500.0	6468.8	25.9	42.5	50.0	587.567	/Users/mary/Desktop/listens_20180309/completed_listens/file5e57599428e.wav	file5e57599428e.wav	587.567	5444.1	7974.4	WCSP	
306	Spectrogram 1	1	588.877	588.876678141	588.973689717	0.097	5437.5	6843.8	6093.8	27.6	44.3	50.9	588.877	/Users/mary/Desktop/listens_20180309/completed_listens/file5e57599428e.wav	file5e57599428e.wav	588.877	5060.7	7284.3	WCSP	
307	Spectrogram 1	1	590.277	590.277282778	590.356104684	0.079	5718.8	7406.2	6187.5	26.7	41.8	49.6	590.277	/Users/mary/Desktop/listens_20180309/completed_listens/file5e57599428e.wav	file5e57599428e.wav	590.277	5405.8	7821.1	WCSP	
308	Spectrogram 1	1	591.478	591.477801039	591.593002287	0.115	5156.2	7312.5	6093.8	26.1	44.3	51.2	591.478	/Users/mary/Desktop/listens_20180309/completed_listens/file5e57599428e.wav	file5e57599428e.wav	591.478	4830.7	7706.1	WCSP	
309	Spectrogram 1	1	591.015	591.014996429	591.112008006	0.097	5343.8	6656.2	6093.8	22.4	34.4	44.0	591.015	/Users/mary/Desktop/listens_20180309/completed_listens/file5e57599428e.wav	file5e57599428e.wav	591.015	5290.7	6824.3	WCSP	
310	Spectrogram 1	1	592.234	592.233704361	592.482296526	0.249	4687.5	6562.5	5437.5	21.0	33.1	48.2	592.234	/Users/mary/Desktop/listens_20180309/completed_listens/file5e57599428e.wav	file5e57599428e.wav	592.234	4600.6	6709.3	WCSP	
311	Spectrogram 1	1	593.210	593.209883350	593.312958151	0.103	5343.8	6656.2	6000.0	21.3	35.2	43.9	593.210	/Users/mary/Desktop/listens_20180309/completed_listens/file5e57599428e.wav	file5e57599428e.wav	593.210	5214.1	6901.0	WCSP	
156	Spectrogram 1	1	285.703	285.702819334	286.678998324	0.976	2531.2	3843.8	3000.0	26.5	40.1	58.2	285.703	/Users/mary/Desktop/listens_20180309/completed_listens/file5e57599428e.wav	file5e57599428e.wav	285.703	2453.7	3948.9	UNK2	lower-pitched short jumble
246	Spectrogram 1	1	488.214	488.213852617	488.401812547	0.188	3562.5	5437.5	4031.2	23.9	37.3	50.1	488.214	/Users/mary/Desktop/listens_20180309/completed_listens/file5e57599428e.wav	file5e57599428e.wav	488.214	3412.1	5635.8	UNK3	beooo
277	Spectrogram 1	1	540.896	540.895784179	541.968974746	1.073	3656.2	4593.8	4125.0	23.8	36.5	54.2	540.896	/Users/mary/Desktop/listens_20180309/completed_listens/file5e57599428e.wav	file5e57599428e.wav	540.896	3565.5	4639.0	AMPI	*
1	Spectrogram 1	1	3.567	3.566931862	6.566931862	3.000	1500.0	9093.8	2250.0	24.4	43.4	69.0	3.567	/Users/mary/Desktop/listens_20180309/completed_listens/file5e57599428e.wav	file5e57599428e.wav	3.567	1413.0	11220.0	background	
90	Spectrogram 1	1	136.006	136.005687751	139.005687751	3.000	1500.0	8812.5	2250.0	25.0	43.6	69.6	136.006	/Users/mary/Desktop/listens_20180309/completed_listens/file5e57599428e.wav	file5e57599428e.wav	136.006	1413.0	11220.0	background	
