Selection	View	Channel	Begin Clock Time	Begin Time (s)	End Time (s)	Delta Time (s)	Freq 5% (Hz)	Freq 95% (Hz)	Center Freq (Hz)	Avg Power (dB)	Max Power (dB)	Energy (dB)	Begin Date Time	Begin Path	Begin File	File Offset (s)	Low Freq (Hz)	High Freq (Hz)	ID	NOTES
1	Spectrogram 1	1	0.569	0.569227087	0.988385216	0.419	4687.5	7312.5	5906.2	21.9	37.9	53.2	0.569	/Users/mary/Desktop/listens_20180309/completed_listens/file5e5710e07b81.wav	file5e5710e07b81.wav	0.569	4454.3	7612.2	AMPI	
2	Spectrogram 1	1	1.490	1.490340011	1.723205638	0.233	4968.8	6937.5	5906.2	23.5	40.2	51.2	1.490	/Users/mary/Desktop/listens_20180309/completed_listens/file5e5710e07b81.wav	file5e5710e07b81.wav	1.490	4753.5	7279.8	AMPI	
3	Spectrogram 1	1	2.194	2.194111683	2.489074810	0.295	4781.2	7031.2	5906.2	24.7	43.9	54.4	2.194	/Users/mary/Desktop/listens_20180309/completed_listens/file5e5710e07b81.wav	file5e5710e07b81.wav	2.194	4354.6	7512.5	AMPI	
4	Spectrogram 1	1	3.198	3.198021273	3.482634817	0.285	4875.0	6843.8	5812.5	24.5	41.5	53.2	3.198	/Users/mary/Desktop/listens_20180309/completed_listens/file5e5710e07b81.wav	file5e5710e07b81.wav	3.198	4520.8	7180.1	AMPI	
5	Spectrogram 1	1	4.404	4.403747741	4.667662117	0.264	4687.5	6750.0	5812.5	25.2	41.3	53.8	4.404	/Users/mary/Desktop/listens_20180309/completed_listens/file5e5710e07b81.wav	file5e5710e07b81.wav	4.404	4387.8	7047.1	AMPI	
6	Spectrogram 1	1	5.178	5.177512770	5.555272564	0.378	5062.5	6937.5	5906.2	24.3	42.1	54.1	5.178	/Users/mary/Desktop/listens_20180309/completed_listens/file5e5710e07b81.wav	file5e5710e07b81.wav	5.178	4786.7	7379.5	AMPI	
7	Spectrogram 1	1	6.068	6.067576943	6.326316528	0.259	4687.5	7031.2	5906.2	21.8	37.6	50.4	6.068	/Users/mary/Desktop/listens_20180309/completed_listens/file5e5710e07b81.wav	file5e5710e07b81.wav	6.068	4587.3	7246.5	AMPI	
8	Spectrogram 1	1	15.294	15.294497890	15.522188725	0.228	5156.2	7125.0	6093.8	26.6	45.9	54.7	15.294	/Users/mary/Desktop/listens_20180309/completed_listens/file5e5710e07b81.wav	file5e5710e07b81.wav	15.294	4653.7	7412.7	AMPI	
9	Spectrogram 1	1	30.759	30.759461567	30.956103651	0.197	5250.0	6843.8	6000.0	25.0	41.0	51.5	30.759	/Users/mary/Desktop/listens_20180309/completed_listens/file5e5710e07b81.wav	file5e5710e07b81.wav	30.759	4952.9	7213.3	AMPI	
10	Spectrogram 1	1	55.753	55.753060628	56.060427574	0.307	4500.0	6937.5	5906.2	22.8	41.6	52.5	55.753	/Users/mary/Desktop/listens_20180309/completed_listens/file5e5710e07b81.wav	file5e5710e07b81.wav	55.753	4288.1	7246.5	AMPI	
11	Spectrogram 1	1	58.819	58.819411824	61.036844789	2.217	5062.5	7125.0	6093.8	21.9	43.7	59.4	58.819	/Users/mary/Desktop/listens_20180309/completed_listens/file5e5710e07b81.wav	file5e5710e07b81.wav	58.819	4819.9	7346.3	AMPI	
12	Spectrogram 1	1	69.651	69.650593609	70.364714865	0.714	5062.5	7406.2	6281.2	22.3	40.8	55.3	69.651	/Users/mary/Desktop/listens_20180309/completed_listens/file5e5710e07b81.wav	file5e5710e07b81.wav	69.651	4819.9	7645.4	AMPI	
13	Spectrogram 1	1	92.328	92.327972016	92.586711602	0.259	3843.8	5812.5	4781.2	21.8	36.9	49.4	92.328	/Users/mary/Desktop/listens_20180309/completed_listens/file5e5710e07b81.wav	file5e5710e07b81.wav	92.328	3656.5	5983.4	AMPI	call
15	Spectrogram 1	1	138.941	138.941237095	139.065647525	0.124	3937.5	6281.2	4968.8	22.1	35.6	47.5	138.941	/Users/mary/Desktop/listens_20180309/completed_listens/file5e5710e07b81.wav	file5e5710e07b81.wav	138.941	3756.2	6581.7	AMPI	call
16	Spectrogram 1	1	172.251	172.250760796	172.395654963	0.145	4031.2	6187.5	4968.8	21.5	34.8	47.1	172.251	/Users/mary/Desktop/listens_20180309/completed_listens/file5e5710e07b81.wav	file5e5710e07b81.wav	172.251	3856.0	6448.8	AMPI	call
17	Spectrogram 1	1	173.099	173.099426635	173.254670386	0.155	1968.8	5812.5	3093.8	25.5	41.4	54.4	173.099	/Users/mary/Desktop/listens_20180309/completed_listens/file5e5710e07b81.wav	file5e5710e07b81.wav	173.099	1795.0	6781.2	GCRF	
18	Spectrogram 1	1	177.871	177.870584587	177.994779588	0.124	4031.2	6187.5	4968.8	24.1	38.4	49.5	177.871	/Users/mary/Desktop/listens_20180309/completed_listens/file5e5710e07b81.wav	file5e5710e07b81.wav	177.871	3789.5	6548.5	AMPI	call
19	Spectrogram 1	1	182.959	182.959091000	183.237184904	0.278	3843.8	6187.5	4781.2	22.4	38.0	51.2	182.959	/Users/mary/Desktop/listens_20180309/completed_listens/file5e5710e07b81.wav	file5e5710e07b81.wav	182.959	3723.0	6382.3	AMPI	call
20	Spectrogram 1	1	187.994	187.994054301	188.213602119	0.220	4125.0	6281.2	4968.8	21.8	38.1	49.3	187.994	/Users/mary/Desktop/listens_20180309/completed_listens/file5e5710e07b81.wav	file5e5710e07b81.wav	187.994	3988.9	6515.2	AMPI	call
21	Spectrogram 1	1	191.668	191.667821127	191.931278509	0.263	4218.8	6281.2	4875.0	21.7	37.6	49.8	191.668	/Users/mary/Desktop/listens_20180309/completed_listens/file5e5710e07b81.wav	file5e5710e07b81.wav	191.668	4088.6	6515.2	AMPI	call
22	Spectrogram 1	1	195.444	195.444043603	195.663591421	0.220	3937.5	6281.2	4875.0	22.8	37.2	50.5	195.444	/Users/mary/Desktop/listens_20180309/completed_listens/file5e5710e07b81.wav	file5e5710e07b81.wav	195.444	3789.5	6515.2	AMPI	call
23	Spectrogram 1	1	204.404	204.403548024	204.561191836	0.158	4218.8	6187.5	4875.0	23.1	36.8	48.8	204.404	/Users/mary/Desktop/listens_20180309/completed_listens/file5e5710e07b81.wav	file5e5710e07b81.wav	204.404	4055.4	6448.8	AMPI	call
24	Spectrogram 1	1	6.780	6.780470626	7.071505355	0.291	4687.5	6937.5	5718.8	20.7	35.0	49.5	6.780	/Users/mary/Desktop/listens_20180309/completed_listens/file5e5710e07b81.wav	file5e5710e07b81.wav	6.780	4520.8	7180.1	AMPI	
25	Spectrogram 1	1	7.520	7.520183897	7.835471521	0.315	4875.0	7218.8	6000.0	19.7	31.4	48.9	7.520	/Users/mary/Desktop/listens_20180309/completed_listens/file5e5710e07b81.wav	file5e5710e07b81.wav	7.520	4720.2	7379.5	AMPI	
26	Spectrogram 1	1	8.199	8.199264934	8.696449264	0.497	4593.8	7500.0	5906.2	20.5	34.0	52.7	8.199	/Users/mary/Desktop/listens_20180309/completed_listens/file5e5710e07b81.wav	file5e5710e07b81.wav	8.199	4487.5	7711.9	AMPI	
27	Spectrogram 1	1	9.121	9.120874912	9.484668324	0.364	4593.8	6750.0	5718.8	21.6	38.9	51.4	9.121	/Users/mary/Desktop/listens_20180309/completed_listens/file5e5710e07b81.wav	file5e5710e07b81.wav	9.121	4321.3	7013.9	AMPI	
28	Spectrogram 1	1	9.788	9.787829501	10.078864231	0.291	4781.2	7125.0	5812.5	20.7	36.5	49.7	9.788	/Users/mary/Desktop/listens_20180309/completed_listens/file5e5710e07b81.wav	file5e5710e07b81.wav	9.788	4653.7	7346.3	AMPI	
29	Spectrogram 1	1	10.528	10.527542773	11.012600656	0.485	4500.0	7031.2	5812.5	20.1	33.6	51.6	10.528	/Users/mary/Desktop/listens_20180309/completed_listens/file5e5710e07b81.wav	file5e5710e07b81.wav	10.528	4354.6	7279.8	AMPI	
30	Spectrogram 1	1	11.583	11.582543669	12.006969317	0.424	4781.2	6843.8	5812.5	20.8	34.9	51.0	11.583	/Users/mary/Desktop/listens_20180309/completed_listens/file5e5710e07b81.wav	file5e5710e07b81.wav	11.583	4653.7	7080.3	AMPI	
31	Spectrogram 1	1	12.698	12.698176800	13.061970213	0.364	5250.0	7218.8	6187.5	20.0	33.4	49.1	12.698	/Users/mary/Desktop/listens_20180309/completed_listens/file5e5710e07b81.wav	file5e5710e07b81.wav	12.698	5119.1	7313.0	AMPI	
32	Spectrogram 1	1	13.596	13.595533884	13.922947955	0.327	4875.0	7031.2	5812.5	20.2	32.3	49.2	13.596	/Users/mary/Desktop/listens_20180309/completed_listens/file5e5710e07b81.wav	file5e5710e07b81.wav	13.596	4720.2	7146.8	AMPI	
33	Spectrogram 1	1	16.087	16.086896377	22.137993470	6.051	4687.5	7218.8	6000.0	20.0	37.7	62.5	16.087	/Users/mary/Desktop/listens_20180309/completed_listens/file5e5710e07b81.wav	file5e5710e07b81.wav	16.087	4554.0	7479.2	AMPI	
34	Spectrogram 1	1	30.081	30.080816307	30.553747743	0.473	5156.2	7031.2	6093.8	21.4	35.7	51.4	30.081	/Users/mary/Desktop/listens_20180309/completed_listens/file5e5710e07b81.wav	file5e5710e07b81.wav	30.081	4986.1	7180.1	AMPI	
35	Spectrogram 1	1	31.335	31.335281197	31.686948162	0.352	5250.0	7218.8	6281.2	22.5	37.8	51.9	31.335	/Users/mary/Desktop/listens_20180309/completed_listens/file5e5710e07b81.wav	file5e5710e07b81.wav	31.335	5019.4	7479.2	AMPI	
36	Spectrogram 1	1	32.087	32.087120916	32.329649858	0.243	5343.8	7312.5	6281.2	21.1	35.4	48.6	32.087	/Users/mary/Desktop/listens_20180309/completed_listens/file5e5710e07b81.wav	file5e5710e07b81.wav	32.087	5185.6	7512.5	AMPI	
37	Spectrogram 1	1	42.248	42.247989477	42.526897760	0.279	5250.0	7125.0	6093.8	21.9	38.7	50.1	42.248	/Users/mary/Desktop/listens_20180309/completed_listens/file5e5710e07b81.wav	file5e5710e07b81.wav	42.248	5019.4	7313.0	AMPI	
38	Spectrogram 1	1	42.806	42.805806043	43.145346561	0.340	4500.0	7125.0	5718.8	21.4	37.5	51.4	42.806	/Users/mary/Desktop/listens_20180309/completed_listens/file5e5710e07b81.wav	file5e5710e07b81.wav	42.806	4354.6	7313.0	AMPI	
39	Spectrogram 1	1	43.339	43.339369714	43.630404444	0.291	5250.0	7312.5	6281.2	20.1	32.7	48.4	43.339	/Users/mary/Desktop/listens_20180309/completed_listens/file5e5710e07b81.wav	file5e5710e07b81.wav	43.339	5152.4	7479.2	AMPI	
40	Spectrogram 1	1	56.893	56.893182397	57.269102257	0.376	5062.5	7125.0	6000.0	20.7	36.0	50.4	56.893	/Users/mary/Desktop/listens_20180309/completed_listens/file5e5710e07b81.wav	file5e5710e07b81.wav	56.893	4786.7	7379.5	AMPI	
41	Spectrogram 1	1	57.778	57.778413034	58.493873412	0.715	5250.0	7500.0	6281.2	20.0	37.1	52.8	57.778	/Users/mary/Desktop/listens_20180309/completed_listens/file5e5710e07b81.wav	file5e5710e07b81.wav	57.778	5085.9	7778.4	AMPI	
42	Spectrogram 1	1	259.142	259.142059241	259.511915877	0.370	5718.8	7406.2	6468.8	21.1	34.5	49.7	259.142	/Users/mary/Desktop/listens_20180309/completed_listens/file5e5710e07b81.wav	file5e5710e07b81.wav	259.142	5584.5	7578.9	AMPI	
43	Spectrogram 1	1	260.658	260.657865126	260.997405644	0.340	5531.2	7406.2	6468.8	21.2	35.8	50.1	260.658	/Users/mary/Desktop/listens_20180309/completed_listens/file5e5710e07b81.wav	file5e5710e07b81.wav	260.658	5418.3	7612.2	AMPI	
44	Spectrogram 1	1	261.652	261.652233787	261.919015622	0.267	5531.2	7312.5	6375.0	23.5	40.7	51.5	261.652	/Users/mary/Desktop/listens_20180309/completed_listens/file5e5710e07b81.wav	file5e5710e07b81.wav	261.652	5285.3	7645.4	AMPI	
45	Spectrogram 1	1	267.384	267.383729673	268.129506168	0.746	5343.8	7593.8	6281.2	20.8	38.4	53.7	267.384	/Users/mary/Desktop/listens_20180309/completed_listens/file5e5710e07b81.wav	file5e5710e07b81.wav	267.384	5185.6	7844.9	AMPI	
46	Spectrogram 1	1	270.227	270.227381513	272.276751069	2.049	5437.5	7312.5	6281.2	19.8	36.4	56.2	270.227	/Users/mary/Desktop/listens_20180309/completed_listens/file5e5710e07b81.wav	file5e5710e07b81.wav	270.227	5285.3	7479.2	AMPI	
47	Spectrogram 1	1	278.592	278.592046064	278.761816323	0.170	2437.5	6000.0	2906.2	26.2	44.9	55.0	278.592	/Users/mary/Desktop/listens_20180309/completed_listens/file5e5710e07b81.wav	file5e5710e07b81.wav	278.592	2260.4	6847.6	PIKA	
48	Spectrogram 1	1	343.957	343.956677596	344.814146892	0.857	1781.2	4312.5	2531.2	26.2	41.0	60.5	343.957	/Users/mary/Desktop/listens_20180309/completed_listens/file5e5710e07b81.wav	file5e5710e07b81.wav	343.957	1728.5	4786.7	PIKA	
49	Spectrogram 1	1	338.400	338.400276557	339.189148309	0.789	1968.8	3843.8	2625.0	26.8	41.1	59.3	338.400	/Users/mary/Desktop/listens_20180309/completed_listens/file5e5710e07b81.wav	file5e5710e07b81.wav	338.400	1928.0	4188.4	PIKA	
50	Spectrogram 1	1	349.753	349.753170038	350.439145475	0.686	5531.2	6843.8	6281.2	22.6	39.6	53.0	349.753	/Users/mary/Desktop/listens_20180309/completed_listens/file5e5710e07b81.wav	file5e5710e07b81.wav	349.753	5418.3	7013.9	AMPI	
51	Spectrogram 1	1	473.364	473.364328886	473.655363616	0.291	5250.0	7500.0	6281.2	21.1	36.2	50.1	473.364	/Users/mary/Desktop/listens_20180309/completed_listens/file5e5710e07b81.wav	file5e5710e07b81.wav	473.364	5019.4	7711.9	AMPI	
52	Spectrogram 1	1	474.971	474.971083124	475.207548842	0.236	5062.5	7312.5	6093.8	21.6	37.6	49.6	474.971	/Users/mary/Desktop/listens_20180309/completed_listens/file5e5710e07b81.wav	file5e5710e07b81.wav	474.971	4886.4	7645.4	AMPI	
53	Spectrogram 1	1	489.037	489.037497613	489.304279449	0.267	5531.2	7031.2	6375.0	20.6	32.5	47.4	489.037	/Users/mary/Desktop/listens_20180309/completed_listens/file5e5710e07b81.wav	file5e5710e07b81.wav	489.037	5418.3	7213.3	AMPI	
54	Spectrogram 1	1	489.680	489.680199308	489.922728250	0.243	5531.2	7031.2	6187.5	20.5	33.8	46.8	489.680	/Users/mary/Desktop/listens_20180309/completed_listens/file5e5710e07b81.wav	file5e5710e07b81.wav	489.680	5418.3	7213.3	AMPI	
55	Spectrogram 1	1	525.979	525.979392612	528.979392612	3.000	1500.0	9937.5	2437.5	23.2	41.2	67.9	525.979	/Users/mary/Desktop/listens_20180309/completed_listens/file5e5710e07b81.wav	file5e5710e07b81.wav	525.979	1413.0	11220.0	background	
57	Spectrogram 1	1	536.154	536.154051101	536.687614772	0.534	2812.5	4968.8	3656.2	24.1	38.5	55.4	536.154	/Users/mary/Desktop/listens_20180309/completed_listens/file5e5710e07b81.wav	file5e5710e07b81.wav	536.154	2759.0	5318.6	GCRF	
58	Spectrogram 1	1	542.921	542.920608571	543.693315487	0.773	4781.2	6187.5	5437.5	22.2	41.6	53.4	542.921	/Users/mary/Desktop/listens_20180309/completed_listens/file5e5710e07b81.wav	file5e5710e07b81.wav	542.921	4687.0	6293.3	WCSP	
60	Spectrogram 1	1	588.339	588.339163096	589.110885462	0.772	5156.2	6937.5	6000.0	33.9	57.9	68.5	588.339	/Users/mary/Desktop/listens_20180309/completed_listens/file5e5710e07b81.wav	file5e5710e07b81.wav	588.339	4321.3	7977.8	AMPI	
61	Spectrogram 1	1	589.617	589.616792347	589.925481294	0.309	5156.2	7312.5	6000.0	32.3	55.2	63.1	589.617	/Users/mary/Desktop/listens_20180309/completed_listens/file5e5710e07b81.wav	file5e5710e07b81.wav	589.617	4321.3	8177.3	AMPI	
62	Spectrogram 1	1	590.894	590.894421598	591.220259931	0.326	5156.2	7406.2	6000.0	26.6	46.2	56.9	590.894	/Users/mary/Desktop/listens_20180309/completed_listens/file5e5710e07b81.wav	file5e5710e07b81.wav	590.894	4753.5	8011.1	AMPI	
63	Spectrogram 1	1	592.601	592.600785498	592.737980585	0.137	5625.0	7406.2	6562.5	22.5	39.0	47.5	592.601	/Users/mary/Desktop/listens_20180309/completed_listens/file5e5710e07b81.wav	file5e5710e07b81.wav	592.601	5518.0	7778.4	AMPI	
64	Spectrogram 1	1	143.707	143.706533680	144.123023172	0.416	4500.0	6375.0	5156.2	21.6	41.2	51.4	143.707	/Users/mary/Desktop/listens_20180309/completed_listens/file5e5710e07b81.wav	file5e5710e07b81.wav	143.707	4325.6	6641.9	AMPI	call
65	Spectrogram 1	1	154.909	154.908987514	155.242179107	0.333	4312.5	6093.8	4968.8	21.8	38.5	49.9	154.909	/Users/mary/Desktop/listens_20180309/completed_listens/file5e5710e07b81.wav	file5e5710e07b81.wav	154.909	4297.7	6195.3	AMPI	call
66	Spectrogram 1	1	411.200	411.200425191	411.491967835	0.292	5718.8	6656.2	6187.5	21.7	35.2	46.8	411.200	/Users/mary/Desktop/listens_20180309/completed_listens/file5e5710e07b81.wav	file5e5710e07b81.wav	411.200	5637.2	6781.4	AMPI	
67	Spectrogram 1	1	540.119	540.118686715	540.410229359	0.292	3281.2	4406.2	3656.2	25.4	41.1	51.2	540.119	/Users/mary/Desktop/listens_20180309/completed_listens/file5e5710e07b81.wav	file5e5710e07b81.wav	540.119	3237.2	4576.7	UNK1	*GCRF
70	Spectrogram 1	1	544.105	544.104778381	544.653395573	0.549	4687.5	6093.8	5437.5	21.7	41.2	51.4	544.105	/Users/mary/Desktop/listens_20180309/completed_listens/file5e5710e07b81.wav	file5e5710e07b81.wav	544.105	4533.3	6266.7	WCSP	call
71	Spectrogram 1	1	545.682	545.682052808	546.127804277	0.446	5343.8	6375.0	5718.8	26.6	47.7	53.6	545.682	/Users/mary/Desktop/listens_20180309/completed_listens/file5e5710e07b81.wav	file5e5710e07b81.wav	545.682	5280.0	6453.3	WCSP	call
