Selection	View	Channel	Begin Clock Time	Begin Time (s)	End Time (s)	Delta Time (s)	Freq 5% (Hz)	Freq 95% (Hz)	Center Freq (Hz)	Avg Power (dB)	Max Power (dB)	Energy (dB)	Begin Date Time	Begin Path	Begin File	File Offset (s)	Low Freq (Hz)	High Freq (Hz)	ID	NOTES
1	Spectrogram 1	1	5.446	5.445533060	8.445533060	3.000	1593.8	10875.0	6093.8	27.6	42.9	72.3	5.446	/Users/mary/Desktop/listens_20180309/completed_listens/file5e5728d6fa7b.wav	file5e5728d6fa7b.wav	5.446	1413.0	11220.0	background	
2	Spectrogram 1	1	13.726	13.726478694	13.923696632	0.197	3093.8	4125.0	3468.8	28.6	41.7	52.4	13.726	/Users/mary/Desktop/listens_20180309/completed_listens/file5e5728d6fa7b.wav	file5e5728d6fa7b.wav	13.726	3050.8	4271.2	GCRF	*
3	Spectrogram 1	1	36.781	36.781022949	36.943942115	0.163	4781.2	6750.0	5812.5	27.7	40.7	53.2	36.781	/Users/mary/Desktop/listens_20180309/completed_listens/file5e5728d6fa7b.wav	file5e5728d6fa7b.wav	36.781	4678.0	6874.6	WCSP	
4	Spectrogram 1	1	47.504	47.504474620	47.667393786	0.163	5718.8	7500.0	6562.5	28.2	42.0	53.8	47.504	/Users/mary/Desktop/listens_20180309/completed_listens/file5e5728d6fa7b.wav	file5e5728d6fa7b.wav	47.504	5491.5	7688.1	WCSP	
5	Spectrogram 1	1	48.242	48.241898215	48.421966767	0.180	5718.8	7125.0	6468.8	27.9	40.6	52.8	48.242	/Users/mary/Desktop/listens_20180309/completed_listens/file5e5728d6fa7b.wav	file5e5728d6fa7b.wav	48.242	5532.2	7281.4	WCSP	
6	Spectrogram 1	1	48.851	48.850701415	49.030769967	0.180	5437.5	7312.5	6468.8	28.6	43.5	54.5	48.851	/Users/mary/Desktop/listens_20180309/completed_listens/file5e5728d6fa7b.wav	file5e5728d6fa7b.wav	48.851	5288.1	7484.7	WCSP	
7	Spectrogram 1	1	49.442	49.442355229	49.605274396	0.163	5437.5	7593.8	6562.5	26.8	38.4	52.7	49.442	/Users/mary/Desktop/listens_20180309/completed_listens/file5e5728d6fa7b.wav	file5e5728d6fa7b.wav	49.442	5288.1	7769.5	WCSP	
8	Spectrogram 1	1	50.420	50.419870227	50.565640007	0.146	5343.8	6937.5	6093.8	27.1	38.9	51.4	50.420	/Users/mary/Desktop/listens_20180309/completed_listens/file5e5728d6fa7b.wav	file5e5728d6fa7b.wav	50.420	5247.5	6955.9	WCSP	
9	Spectrogram 1	1	58.137	58.136520627	58.239416942	0.103	4218.8	5906.2	4968.8	28.0	38.8	51.0	58.137	/Users/mary/Desktop/listens_20180309/completed_listens/file5e5728d6fa7b.wav	file5e5728d6fa7b.wav	58.137	4108.5	6061.0	UNK3	too faint
10	Spectrogram 1	1	70.262	70.262207556	70.922458914	0.660	2531.2	3843.8	3093.8	29.0	41.5	58.9	70.262	/Users/mary/Desktop/listens_20180309/completed_listens/file5e5728d6fa7b.wav	file5e5728d6fa7b.wav	70.262	2440.7	3945.8	UNK4	too faint
11	Spectrogram 1	1	76.932	76.932496546	77.404104659	0.472	1781.2	3750.0	2531.2	29.3	42.1	59.6	76.932	/Users/mary/Desktop/listens_20180309/completed_listens/file5e5728d6fa7b.wav	file5e5728d6fa7b.wav	76.932	1708.5	3986.4	PIKA	
12	Spectrogram 1	1	78.213	78.213321809	78.393390362	0.180	4781.2	7312.5	6281.2	35.0	56.0	63.7	78.213	/Users/mary/Desktop/listens_20180309/completed_listens/file5e5728d6fa7b.wav	file5e5728d6fa7b.wav	78.213	3945.8	8013.6	WCSP	
13	Spectrogram 1	1	85.240	85.240486636	85.634922512	0.394	1968.8	4125.0	2906.2	28.4	40.4	58.2	85.240	/Users/mary/Desktop/listens_20180309/completed_listens/file5e5728d6fa7b.wav	file5e5728d6fa7b.wav	85.240	1911.9	4352.5	PIKA	
14	Spectrogram 1	1	100.369	100.368992600	101.157864352	0.789	2343.8	3843.8	3093.8	28.5	40.4	59.8	100.369	/Users/mary/Desktop/listens_20180309/completed_listens/file5e5728d6fa7b.wav	file5e5728d6fa7b.wav	100.369	2318.6	3986.4	PIKA	
15	Spectrogram 1	1	134.136	134.135815757	137.135815757	3.000	1593.8	10875.0	5906.2	27.7	40.7	72.3	134.136	/Users/mary/Desktop/listens_20180309/completed_listens/file5e5728d6fa7b.wav	file5e5728d6fa7b.wav	134.136	1413.0	11220.0	background	
16	Spectrogram 1	1	143.231	143.230759792	143.565172817	0.334	2250.0	3750.0	2906.2	28.9	40.5	56.5	143.231	/Users/mary/Desktop/listens_20180309/completed_listens/file5e5728d6fa7b.wav	file5e5728d6fa7b.wav	143.231	2237.3	3905.1	PIKA	
17	Spectrogram 1	1	163.942	163.941676685	164.070297079	0.129	4968.8	5812.5	5437.5	27.0	38.7	47.8	163.942	/Users/mary/Desktop/listens_20180309/completed_listens/file5e5728d6fa7b.wav	file5e5728d6fa7b.wav	163.942	4922.0	5816.9	WCSP	
18	Spectrogram 1	1	164.756	164.756272516	164.910616989	0.154	4968.8	5906.2	5343.8	28.9	43.1	51.3	164.756	/Users/mary/Desktop/listens_20180309/completed_listens/file5e5728d6fa7b.wav	file5e5728d6fa7b.wav	164.756	4840.7	5939.0	WCSP	
19	Spectrogram 1	1	165.571	165.570868347	165.725212821	0.154	4968.8	5812.5	5343.8	29.3	43.3	51.3	165.571	/Users/mary/Desktop/listens_20180309/completed_listens/file5e5728d6fa7b.wav	file5e5728d6fa7b.wav	165.571	4840.7	5857.6	WCSP	
20	Spectrogram 1	1	167.406	167.405852641	167.534473036	0.129	4781.2	5906.2	5250.0	26.7	36.6	48.6	167.406	/Users/mary/Desktop/listens_20180309/completed_listens/file5e5728d6fa7b.wav	file5e5728d6fa7b.wav	167.406	4718.6	5939.0	WCSP	
21	Spectrogram 1	1	168.272	168.271896630	168.409091718	0.137	4781.2	6000.0	5343.8	27.1	38.6	50.0	168.272	/Users/mary/Desktop/listens_20180309/completed_listens/file5e5728d6fa7b.wav	file5e5728d6fa7b.wav	168.272	4678.0	6020.3	WCSP	
22	Spectrogram 1	1	169.009	169.009320225	169.172239391	0.163	4593.8	5718.8	5250.0	27.6	40.3	50.5	169.009	/Users/mary/Desktop/listens_20180309/completed_listens/file5e5728d6fa7b.wav	file5e5728d6fa7b.wav	169.009	4555.9	5776.3	WCSP	
23	Spectrogram 1	1	169.755	169.755318513	169.901088293	0.146	4687.5	6000.0	5250.0	29.2	43.0	52.8	169.755	/Users/mary/Desktop/listens_20180309/completed_listens/file5e5728d6fa7b.wav	file5e5728d6fa7b.wav	169.755	4555.9	6101.7	WCSP	
24	Spectrogram 1	1	170.690	170.689960045	170.827155133	0.137	4687.5	5906.2	5343.8	31.7	45.8	55.4	170.690	/Users/mary/Desktop/listens_20180309/completed_listens/file5e5728d6fa7b.wav	file5e5728d6fa7b.wav	170.690	4433.9	6183.1	WCSP	
25	Spectrogram 1	1	171.822	171.821819516	172.001888069	0.180	4781.2	6187.5	5343.8	28.7	42.7	53.5	171.822	/Users/mary/Desktop/listens_20180309/completed_listens/file5e5728d6fa7b.wav	file5e5728d6fa7b.wav	171.822	4637.3	6305.1	WCSP	
26	Spectrogram 1	1	173.065	173.065149996	173.202345083	0.137	4687.5	5906.2	5343.8	30.0	44.4	53.7	173.065	/Users/mary/Desktop/listens_20180309/completed_listens/file5e5728d6fa7b.wav	file5e5728d6fa7b.wav	173.065	4474.6	6183.1	WCSP	
27	Spectrogram 1	1	174.390	174.390057914	174.535827694	0.146	4968.8	6281.2	5437.5	29.2	41.9	52.8	174.390	/Users/mary/Desktop/listens_20180309/completed_listens/file5e5728d6fa7b.wav	file5e5728d6fa7b.wav	174.390	4840.7	6427.1	WCSP	
28	Spectrogram 1	1	175.265	175.264676596	175.436170455	0.171	4781.2	6093.8	5343.8	27.5	39.0	51.8	175.265	/Users/mary/Desktop/listens_20180309/completed_listens/file5e5728d6fa7b.wav	file5e5728d6fa7b.wav	175.265	4596.6	6223.7	WCSP	
29	Spectrogram 1	1	176.199	176.199318129	176.345087909	0.146	4687.5	5906.2	5250.0	28.4	38.4	51.5	176.199	/Users/mary/Desktop/listens_20180309/completed_listens/file5e5728d6fa7b.wav	file5e5728d6fa7b.wav	176.199	4637.3	6061.0	WCSP	
30	Spectrogram 1	1	177.160	177.159683741	177.271154749	0.111	4500.0	5906.2	5343.8	29.4	41.2	52.6	177.160	/Users/mary/Desktop/listens_20180309/completed_listens/file5e5728d6fa7b.wav	file5e5728d6fa7b.wav	177.160	4311.9	6142.4	WCSP	
31	Spectrogram 1	1	177.923	177.922831414	178.034302423	0.111	4781.2	5906.2	5250.0	28.9	40.7	50.6	177.923	/Users/mary/Desktop/listens_20180309/completed_listens/file5e5728d6fa7b.wav	file5e5728d6fa7b.wav	177.923	4637.3	5979.7	WCSP	
32	Spectrogram 1	1	179.389	179.389103911	179.492000226	0.103	4875.0	6093.8	5343.8	27.2	37.2	48.7	179.389	/Users/mary/Desktop/listens_20180309/completed_listens/file5e5728d6fa7b.wav	file5e5728d6fa7b.wav	179.389	4759.3	6142.4	WCSP	
33	Spectrogram 1	1	183.884	183.883611154	184.012231548	0.129	4875.0	6000.0	5343.8	29.9	42.8	52.7	183.884	/Users/mary/Desktop/listens_20180309/completed_listens/file5e5728d6fa7b.wav	file5e5728d6fa7b.wav	183.884	4759.3	6264.4	WCSP	
34	Spectrogram 1	1	184.647	184.646758827	184.843976765	0.197	4875.0	6000.0	5343.8	28.9	41.3	53.3	184.647	/Users/mary/Desktop/listens_20180309/completed_listens/file5e5728d6fa7b.wav	file5e5728d6fa7b.wav	184.647	4759.3	6101.7	WCSP	
35	Spectrogram 1	1	185.513	185.512802816	185.641423211	0.129	4687.5	6093.8	5343.8	29.9	42.8	53.3	185.513	/Users/mary/Desktop/listens_20180309/completed_listens/file5e5728d6fa7b.wav	file5e5728d6fa7b.wav	185.513	4515.3	6223.7	WCSP	
36	Spectrogram 1	1	186.465	186.464593735	186.610363515	0.146	4687.5	6000.0	5343.8	32.1	46.6	56.2	186.465	/Users/mary/Desktop/listens_20180309/completed_listens/file5e5728d6fa7b.wav	file5e5728d6fa7b.wav	186.465	4474.6	6264.4	WCSP	
37	Spectrogram 1	1	187.305	187.304913645	187.467832812	0.163	4875.0	5812.5	5250.0	34.7	49.9	58.9	187.305	/Users/mary/Desktop/listens_20180309/completed_listens/file5e5728d6fa7b.wav	file5e5728d6fa7b.wav	187.305	4515.3	6183.1	WCSP	
38	Spectrogram 1	1	188.402	188.402474344	188.522520046	0.120	4687.5	6000.0	5250.0	31.5	46.0	54.9	188.402	/Users/mary/Desktop/listens_20180309/completed_listens/file5e5728d6fa7b.wav	file5e5728d6fa7b.wav	188.402	4433.9	6305.1	WCSP	
39	Spectrogram 1	1	189.217	189.217070176	189.414288114	0.197	4218.8	5812.5	5250.0	31.0	48.3	57.4	189.217	/Users/mary/Desktop/listens_20180309/completed_listens/file5e5728d6fa7b.wav	file5e5728d6fa7b.wav	189.217	3905.1	6183.1	WCSP	
40	Spectrogram 1	1	190.346	190.345652341	190.499996815	0.154	4781.2	6093.8	5250.0	29.6	44.3	53.8	190.346	/Users/mary/Desktop/listens_20180309/completed_listens/file5e5728d6fa7b.wav	file5e5728d6fa7b.wav	190.346	4596.6	6305.1	WCSP	
41	Spectrogram 1	1	191.160	191.160248173	191.383190190	0.223	4500.0	6000.0	5250.0	29.9	45.9	56.3	191.160	/Users/mary/Desktop/listens_20180309/completed_listens/file5e5728d6fa7b.wav	file5e5728d6fa7b.wav	191.160	4311.9	6264.4	WCSP	
42	Spectrogram 1	1	191.975	191.974844004	192.172061942	0.197	4687.5	6000.0	5250.0	30.9	47.0	56.4	191.975	/Users/mary/Desktop/listens_20180309/completed_listens/file5e5728d6fa7b.wav	file5e5728d6fa7b.wav	191.975	4555.9	6305.1	WCSP	
43	Spectrogram 1	1	192.652	192.652244748	192.815163914	0.163	4593.8	6000.0	5250.0	31.7	49.0	57.1	192.652	/Users/mary/Desktop/listens_20180309/completed_listens/file5e5728d6fa7b.wav	file5e5728d6fa7b.wav	192.652	4230.5	6386.4	WCSP	
44	Spectrogram 1	1	193.201	193.201025098	193.381093650	0.180	4781.2	5906.2	5250.0	33.7	50.6	59.1	193.201	/Users/mary/Desktop/listens_20180309/completed_listens/file5e5728d6fa7b.wav	file5e5728d6fa7b.wav	193.201	4352.5	6345.8	WCSP	
45	Spectrogram 1	1	193.964	193.964172771	194.144241323	0.180	4406.2	5906.2	5250.0	32.1	50.1	58.4	193.964	/Users/mary/Desktop/listens_20180309/completed_listens/file5e5728d6fa7b.wav	file5e5728d6fa7b.wav	193.964	3986.4	6345.8	WCSP	
46	Spectrogram 1	1	194.762	194.761619217	194.915963690	0.154	3750.0	5906.2	5250.0	30.1	47.5	56.6	194.762	/Users/mary/Desktop/listens_20180309/completed_listens/file5e5728d6fa7b.wav	file5e5728d6fa7b.wav	194.762	3376.3	6305.1	WCSP	
47	Spectrogram 1	1	195.876	195.876329302	196.056397854	0.180	3937.5	5906.2	5343.8	29.7	46.0	56.3	195.876	/Users/mary/Desktop/listens_20180309/completed_listens/file5e5728d6fa7b.wav	file5e5728d6fa7b.wav	195.876	3701.7	6264.4	WCSP	
48	Spectrogram 1	1	196.622	196.622327589	196.802396142	0.180	4593.8	6000.0	5250.0	33.1	51.1	59.4	196.622	/Users/mary/Desktop/listens_20180309/completed_listens/file5e5728d6fa7b.wav	file5e5728d6fa7b.wav	196.622	4189.8	6549.2	WCSP	
49	Spectrogram 1	1	197.488	197.488371578	197.659865438	0.171	4593.8	5906.2	5250.0	33.7	50.6	59.5	197.488	/Users/mary/Desktop/listens_20180309/completed_listens/file5e5728d6fa7b.wav	file5e5728d6fa7b.wav	197.488	4149.2	6427.1	WCSP	
50	Spectrogram 1	1	198.312	198.311542103	198.508760041	0.197	4125.0	5812.5	5250.0	32.7	50.8	59.7	198.312	/Users/mary/Desktop/listens_20180309/completed_listens/file5e5728d6fa7b.wav	file5e5728d6fa7b.wav	198.312	3742.4	6264.4	WCSP	
51	Spectrogram 1	1	200.039	200.038752903	200.227396148	0.189	4500.0	6093.8	5343.8	31.3	47.5	57.2	200.039	/Users/mary/Desktop/listens_20180309/completed_listens/file5e5728d6fa7b.wav	file5e5728d6fa7b.wav	200.039	4311.9	6345.8	WCSP	
52	Spectrogram 1	1	201.522	201.522174785	201.676519259	0.154	4875.0	6187.5	5343.8	30.9	46.3	55.3	201.522	/Users/mary/Desktop/listens_20180309/completed_listens/file5e5728d6fa7b.wav	file5e5728d6fa7b.wav	201.522	4637.3	6386.4	WCSP	
53	Spectrogram 1	1	203.525	203.524815961	203.679160435	0.154	4875.0	6187.5	5343.8	30.7	46.6	55.1	203.525	/Users/mary/Desktop/listens_20180309/completed_listens/file5e5728d6fa7b.wav	file5e5728d6fa7b.wav	203.525	4637.3	6467.8	WCSP	
54	Spectrogram 1	1	204.554	204.553779117	204.708123590	0.154	4593.8	5812.5	5343.8	30.4	45.3	54.3	204.554	/Users/mary/Desktop/listens_20180309/completed_listens/file5e5728d6fa7b.wav	file5e5728d6fa7b.wav	204.554	4474.6	6061.0	WCSP	
55	Spectrogram 1	1	205.540	205.539868807	205.677063895	0.137	4687.5	6187.5	5343.8	29.9	44.4	54.3	205.540	/Users/mary/Desktop/listens_20180309/completed_listens/file5e5728d6fa7b.wav	file5e5728d6fa7b.wav	205.540	4433.9	6386.4	WCSP	
56	Spectrogram 1	1	208.069	208.069403231	208.258046476	0.189	4875.0	6000.0	5343.8	33.3	49.5	58.5	208.069	/Users/mary/Desktop/listens_20180309/completed_listens/file5e5728d6fa7b.wav	file5e5728d6fa7b.wav	208.069	4596.6	6427.1	WCSP	
57	Spectrogram 1	1	208.807	208.806826826	208.978320685	0.171	4875.0	6093.8	5531.2	29.3	44.9	53.6	208.807	/Users/mary/Desktop/listens_20180309/completed_listens/file5e5728d6fa7b.wav	file5e5728d6fa7b.wav	208.807	4718.6	6345.8	WCSP	
58	Spectrogram 1	1	209.767	209.767192437	209.930111604	0.163	4968.8	6093.8	5531.2	32.6	47.5	56.9	209.767	/Users/mary/Desktop/listens_20180309/completed_listens/file5e5728d6fa7b.wav	file5e5728d6fa7b.wav	209.767	4759.3	6467.8	WCSP	
59	Spectrogram 1	1	210.685	210.684684584	210.899051908	0.214	4781.2	6187.5	5437.5	31.0	49.5	57.5	210.685	/Users/mary/Desktop/listens_20180309/completed_listens/file5e5728d6fa7b.wav	file5e5728d6fa7b.wav	210.685	4433.9	6549.2	WCSP	
60	Spectrogram 1	1	211.825	211.825118748	212.013761993	0.189	4875.0	7031.2	5718.8	30.2	47.1	57.4	211.825	/Users/mary/Desktop/listens_20180309/completed_listens/file5e5728d6fa7b.wav	file5e5728d6fa7b.wav	211.825	4555.9	7403.4	WCSP	
61	Spectrogram 1	1	267.473	267.472985027	267.794335875	0.321	2062.5	3937.5	2812.5	29.4	43.4	58.0	267.473	/Users/mary/Desktop/listens_20180309/completed_listens/file5e5728d6fa7b.wav	file5e5728d6fa7b.wav	267.473	1952.5	4189.8	PIKA	
62	Spectrogram 1	1	273.660	273.659803017	274.363136948	0.703	2250.0	4218.8	2812.5	29.1	44.9	61.2	273.660	/Users/mary/Desktop/listens_20180309/completed_listens/file5e5728d6fa7b.wav	file5e5728d6fa7b.wav	273.660	2074.6	4474.6	PIKA	
63	Spectrogram 1	1	276.602	276.602057657	276.765764692	0.164	5343.8	7781.2	6375.0	54.5	78.3	86.2	276.602	/Users/mary/Desktop/listens_20180309/completed_listens/file5e5728d6fa7b.wav	file5e5728d6fa7b.wav	276.602	2074.6	11064.4	WCSP	agitated
64	Spectrogram 1	1	284.898	284.897662547	285.285708854	0.388	2250.0	3843.8	3000.0	28.9	44.4	57.3	284.898	/Users/mary/Desktop/listens_20180309/completed_listens/file5e5728d6fa7b.wav	file5e5728d6fa7b.wav	284.898	2196.6	4027.1	GCRF	
65	Spectrogram 1	1	325.328	325.327900775	325.473418140	0.146	4968.8	6093.8	5531.2	25.8	35.6	48.4	325.328	/Users/mary/Desktop/listens_20180309/completed_listens/file5e5728d6fa7b.wav	file5e5728d6fa7b.wav	325.328	4881.4	6101.7	WCSP	
66	Spectrogram 1	1	326.116	326.116119835	326.201004965	0.085	4968.8	6000.0	5437.5	27.1	37.8	47.3	326.116	/Users/mary/Desktop/listens_20180309/completed_listens/file5e5728d6fa7b.wav	file5e5728d6fa7b.wav	326.116	4922.0	6142.4	WCSP	
67	Spectrogram 1	1	326.904	326.904338895	327.043793037	0.139	5156.2	6000.0	5625.0	26.8	35.6	48.4	326.904	/Users/mary/Desktop/listens_20180309/completed_listens/file5e5728d6fa7b.wav	file5e5728d6fa7b.wav	326.904	5084.7	6183.1	WCSP	
68	Spectrogram 1	1	327.632	327.631925720	327.807759203	0.176	5062.5	6375.0	5625.0	26.6	37.1	50.8	327.632	/Users/mary/Desktop/listens_20180309/completed_listens/file5e5728d6fa7b.wav	file5e5728d6fa7b.wav	327.632	4962.7	6427.1	WCSP	
69	Spectrogram 1	1	331.633	331.633389118	331.760716812	0.127	4312.5	5812.5	5250.0	33.1	50.2	57.9	331.633	/Users/mary/Desktop/listens_20180309/completed_listens/file5e5728d6fa7b.wav	file5e5728d6fa7b.wav	331.633	4027.1	6345.8	WCSP	
70	Spectrogram 1	1	329.663	329.662841468	329.784105939	0.121	4875.0	6281.2	5625.0	28.0	41.0	51.2	329.663	/Users/mary/Desktop/listens_20180309/completed_listens/file5e5728d6fa7b.wav	file5e5728d6fa7b.wav	329.663	4759.3	6427.1	WCSP	
71	Spectrogram 1	1	330.403	330.402554740	330.529882434	0.127	4593.8	6093.8	5343.8	30.8	46.5	55.2	330.403	/Users/mary/Desktop/listens_20180309/completed_listens/file5e5728d6fa7b.wav	file5e5728d6fa7b.wav	330.403	4230.5	6467.8	WCSP	
72	Spectrogram 1	1	331.063	331.063446105	331.160457682	0.097	4781.2	5718.8	5343.8	34.6	49.4	57.2	331.063	/Users/mary/Desktop/listens_20180309/completed_listens/file5e5728d6fa7b.wav	file5e5728d6fa7b.wav	331.063	4230.5	6183.1	WCSP	
73	Spectrogram 1	1	333.543	333.543040395	333.682494536	0.139	4875.0	5812.5	5250.0	32.8	48.0	56.0	333.543	/Users/mary/Desktop/listens_20180309/completed_listens/file5e5728d6fa7b.wav	file5e5728d6fa7b.wav	333.543	4596.6	6183.1	WCSP	
74	Spectrogram 1	1	334.265	334.264563996	334.373702020	0.109	4875.0	6000.0	5343.8	30.1	42.8	52.0	334.265	/Users/mary/Desktop/listens_20180309/completed_listens/file5e5728d6fa7b.wav	file5e5728d6fa7b.wav	334.265	4718.6	6183.1	WCSP	
75	Spectrogram 1	1	335.744	335.743990540	335.853128564	0.109	4875.0	6093.8	5437.5	30.0	44.1	52.4	335.744	/Users/mary/Desktop/listens_20180309/completed_listens/file5e5728d6fa7b.wav	file5e5728d6fa7b.wav	335.744	4718.6	6345.8	WCSP	
76	Spectrogram 1	1	336.823	336.823244330	336.950572024	0.127	4406.2	5718.8	5250.0	33.4	50.2	57.8	336.823	/Users/mary/Desktop/listens_20180309/completed_listens/file5e5728d6fa7b.wav	file5e5728d6fa7b.wav	336.823	3945.8	6183.1	WCSP	
77	Spectrogram 1	1	337.666	337.666032402	337.775170426	0.109	4500.0	5812.5	5343.8	34.1	51.2	58.1	337.666	/Users/mary/Desktop/listens_20180309/completed_listens/file5e5728d6fa7b.wav	file5e5728d6fa7b.wav	337.666	3905.1	6264.4	WCSP	
78	Spectrogram 1	1	338.709	338.708906851	338.842297769	0.133	4593.8	6000.0	5343.8	30.3	45.3	54.5	338.709	/Users/mary/Desktop/listens_20180309/completed_listens/file5e5728d6fa7b.wav	file5e5728d6fa7b.wav	338.709	4352.5	6345.8	WCSP	
79	Spectrogram 1	1	339.540	339.539568476	339.666896170	0.127	4406.2	5906.2	5343.8	31.9	48.3	56.6	339.540	/Users/mary/Desktop/listens_20180309/completed_listens/file5e5728d6fa7b.wav	file5e5728d6fa7b.wav	339.540	4108.5	6386.4	WCSP	
80	Spectrogram 1	1	340.253	340.253337827	340.392791968	0.139	4312.5	6093.8	5250.0	32.5	49.6	58.0	340.253	/Users/mary/Desktop/listens_20180309/completed_listens/file5e5728d6fa7b.wav	file5e5728d6fa7b.wav	340.253	4027.1	6549.2	WCSP	
81	Spectrogram 1	1	341.133	341.132505240	341.259832935	0.127	4218.8	6000.0	5343.8	32.9	49.5	58.0	341.133	/Users/mary/Desktop/listens_20180309/completed_listens/file5e5728d6fa7b.wav	file5e5728d6fa7b.wav	341.133	4027.1	6508.5	WCSP	
82	Spectrogram 1	1	342.145	342.145063571	342.302707383	0.158	4312.5	6375.0	5343.8	31.5	48.3	57.7	342.145	/Users/mary/Desktop/listens_20180309/completed_listens/file5e5728d6fa7b.wav	file5e5728d6fa7b.wav	342.145	4067.8	6752.5	WCSP	
83	Spectrogram 1	1	343.055	343.054547102	343.187938020	0.133	4500.0	6375.0	5343.8	30.3	46.7	55.5	343.055	/Users/mary/Desktop/listens_20180309/completed_listens/file5e5728d6fa7b.wav	file5e5728d6fa7b.wav	343.055	4189.8	6711.9	WCSP	
84	Spectrogram 1	1	343.958	343.957967410	344.067105433	0.109	4218.8	5812.5	5250.0	33.3	48.6	57.1	343.958	/Users/mary/Desktop/listens_20180309/completed_listens/file5e5728d6fa7b.wav	file5e5728d6fa7b.wav	343.958	3986.4	6264.4	WCSP	
85	Spectrogram 1	1	344.649	344.649174893	344.752249693	0.103	4593.8	5812.5	5343.8	33.8	50.5	57.4	344.649	/Users/mary/Desktop/listens_20180309/completed_listens/file5e5728d6fa7b.wav	file5e5728d6fa7b.wav	344.649	4230.5	6427.1	WCSP	
86	Spectrogram 1	1	345.650	345.649606777	345.782997695	0.133	4312.5	6093.8	5250.0	33.1	50.2	58.8	345.650	/Users/mary/Desktop/listens_20180309/completed_listens/file5e5728d6fa7b.wav	file5e5728d6fa7b.wav	345.650	3823.7	6630.5	WCSP	
87	Spectrogram 1	1	346.365	346.365067155	346.474205179	0.109	4218.8	5718.8	5250.0	32.7	48.5	56.7	346.365	/Users/mary/Desktop/listens_20180309/completed_listens/file5e5728d6fa7b.wav	file5e5728d6fa7b.wav	346.365	3823.7	6101.7	WCSP	
88	Spectrogram 1	1	347.178	347.177539109	347.329119698	0.152	4781.2	6000.0	5343.8	29.1	43.5	52.8	347.178	/Users/mary/Desktop/listens_20180309/completed_listens/file5e5728d6fa7b.wav	file5e5728d6fa7b.wav	347.178	4596.6	6183.1	WCSP	
89	Spectrogram 1	1	347.923	347.922766495	348.074347084	0.152	4781.2	6000.0	5343.8	29.6	45.8	53.6	347.923	/Users/mary/Desktop/listens_20180309/completed_listens/file5e5728d6fa7b.wav	file5e5728d6fa7b.wav	347.923	4515.3	6264.4	WCSP	
90	Spectrogram 1	1	348.753	348.753428120	348.850439697	0.097	4406.2	5812.5	5250.0	33.4	47.9	56.2	348.753	/Users/mary/Desktop/listens_20180309/completed_listens/file5e5728d6fa7b.wav	file5e5728d6fa7b.wav	348.753	4189.8	6183.1	WCSP	
91	Spectrogram 1	1	349.608	349.608342639	349.735670334	0.127	4687.5	5718.8	5250.0	35.9	52.2	59.9	349.608	/Users/mary/Desktop/listens_20180309/completed_listens/file5e5728d6fa7b.wav	file5e5728d6fa7b.wav	349.608	4149.2	6183.1	WCSP	
92	Spectrogram 1	1	351.094	351.093832406	351.215096877	0.121	4312.5	5906.2	5343.8	32.3	49.6	56.7	351.094	/Users/mary/Desktop/listens_20180309/completed_listens/file5e5728d6fa7b.wav	file5e5728d6fa7b.wav	351.094	3945.8	6345.8	WCSP	
93	Spectrogram 1	1	351.997	351.997252714	352.112453961	0.115	4968.8	6093.8	5343.8	34.1	51.1	57.7	351.997	/Users/mary/Desktop/listens_20180309/completed_listens/file5e5728d6fa7b.wav	file5e5728d6fa7b.wav	351.997	4515.3	6508.5	WCSP	
94	Spectrogram 1	1	352.761	352.761218880	352.870356904	0.109	4593.8	5812.5	5343.8	34.6	51.3	59.0	352.761	/Users/mary/Desktop/listens_20180309/completed_listens/file5e5728d6fa7b.wav	file5e5728d6fa7b.wav	352.761	4027.1	6427.1	WCSP	
95	Spectrogram 1	1	353.398	353.397857352	353.513058599	0.115	4312.5	5906.2	5250.0	33.0	48.8	57.8	353.398	/Users/mary/Desktop/listens_20180309/completed_listens/file5e5728d6fa7b.wav	file5e5728d6fa7b.wav	353.398	3783.1	6549.2	WCSP	
96	Spectrogram 1	1	354.113	354.113317729	354.222455753	0.109	4031.2	5812.5	5250.0	32.8	48.8	57.3	354.113	/Users/mary/Desktop/listens_20180309/completed_listens/file5e5728d6fa7b.wav	file5e5728d6fa7b.wav	354.113	3620.3	6264.4	WCSP	
97	Spectrogram 1	1	354.902	354.901536789	355.022801260	0.121	4125.0	5812.5	5250.0	31.8	47.8	56.2	354.902	/Users/mary/Desktop/listens_20180309/completed_listens/file5e5728d6fa7b.wav	file5e5728d6fa7b.wav	354.902	3823.7	6183.1	WCSP	
98	Spectrogram 1	1	353.565	353.565439444	353.965612198	0.400	1781.2	4687.5	2906.2	29.1	41.7	60.2	353.565	/Users/mary/Desktop/listens_20180309/completed_listens/file5e5728d6fa7b.wav	file5e5728d6fa7b.wav	353.565	1749.2	4881.4	PIKA	*
99	Spectrogram 1	1	355.785	355.784579260	355.911906954	0.127	4125.0	6375.0	5343.8	28.8	42.1	54.2	355.785	/Users/mary/Desktop/listens_20180309/completed_listens/file5e5728d6fa7b.wav	file5e5728d6fa7b.wav	355.785	3864.4	6630.5	WCSP	
100	Spectrogram 1	1	356.573	356.572798320	356.712252461	0.139	4406.2	5812.5	5250.0	34.5	52.2	60.0	356.573	/Users/mary/Desktop/listens_20180309/completed_listens/file5e5728d6fa7b.wav	file5e5728d6fa7b.wav	356.573	3783.1	6305.1	WCSP	
101	Spectrogram 1	1	357.646	357.645988886	357.736937240	0.091	4312.5	5812.5	5250.0	34.5	50.3	57.9	357.646	/Users/mary/Desktop/listens_20180309/completed_listens/file5e5728d6fa7b.wav	file5e5728d6fa7b.wav	357.646	3783.1	6223.7	WCSP	
102	Spectrogram 1	1	358.838	358.838351425	358.971742343	0.133	4406.2	5718.8	5343.8	34.4	51.7	59.4	358.838	/Users/mary/Desktop/listens_20180309/completed_listens/file5e5728d6fa7b.wav	file5e5728d6fa7b.wav	358.838	3864.4	6223.7	WCSP	
103	Spectrogram 1	1	359.645	359.644760156	359.772087850	0.127	4312.5	5812.5	5250.0	33.6	50.2	58.9	359.645	/Users/mary/Desktop/listens_20180309/completed_listens/file5e5728d6fa7b.wav	file5e5728d6fa7b.wav	359.645	3742.4	6305.1	WCSP	
104	Spectrogram 1	1	360.475	360.475421781	360.633065593	0.158	4593.8	5718.8	5250.0	36.4	54.0	62.3	360.475	/Users/mary/Desktop/listens_20180309/completed_listens/file5e5728d6fa7b.wav	file5e5728d6fa7b.wav	360.475	3823.7	6345.8	WCSP	
105	Spectrogram 1	1	361.342	361.342462747	361.463727218	0.121	4406.2	5812.5	5250.0	36.5	53.6	62.6	361.342	/Users/mary/Desktop/listens_20180309/completed_listens/file5e5728d6fa7b.wav	file5e5728d6fa7b.wav	361.342	3457.6	6671.2	WCSP	
106	Spectrogram 1	1	362.258	362.258009501	362.403526866	0.146	4406.2	5906.2	5250.0	35.4	53.2	62.2	362.258	/Users/mary/Desktop/listens_20180309/completed_listens/file5e5728d6fa7b.wav	file5e5728d6fa7b.wav	362.258	3539.0	6752.5	WCSP	
107	Spectrogram 1	1	362.980	362.979533103	363.131113691	0.152	4593.8	5812.5	5250.0	36.4	54.0	63.0	362.980	/Users/mary/Desktop/listens_20180309/completed_listens/file5e5728d6fa7b.wav	file5e5728d6fa7b.wav	362.980	3661.0	6671.2	WCSP	
108	Spectrogram 1	1	363.828	363.828384398	363.961775316	0.133	4500.0	5906.2	5250.0	36.7	54.8	63.3	363.828	/Users/mary/Desktop/listens_20180309/completed_listens/file5e5728d6fa7b.wav	file5e5728d6fa7b.wav	363.828	3416.9	6793.2	WCSP	
109	Spectrogram 1	1	364.617	364.616603458	364.719678258	0.103	4687.5	5812.5	5250.0	38.7	55.2	63.6	364.617	/Users/mary/Desktop/listens_20180309/completed_listens/file5e5728d6fa7b.wav	file5e5728d6fa7b.wav	364.617	3620.3	6671.2	WCSP	
110	Spectrogram 1	1	365.479	365.478839619	365.636483431	0.158	4593.8	5718.8	5250.0	37.4	55.1	63.7	365.479	/Users/mary/Desktop/listens_20180309/completed_listens/file5e5728d6fa7b.wav	file5e5728d6fa7b.wav	365.479	3579.7	6345.8	WCSP	
111	Spectrogram 1	1	366.188	366.188236773	366.315564467	0.127	3937.5	5812.5	5156.2	33.5	50.7	59.3	366.188	/Users/mary/Desktop/listens_20180309/completed_listens/file5e5728d6fa7b.wav	file5e5728d6fa7b.wav	366.188	3457.6	6467.8	WCSP	
112	Spectrogram 1	1	367.110	367.109846751	367.285680234	0.176	4125.0	5718.8	5156.2	32.9	51.5	59.2	367.110	/Users/mary/Desktop/listens_20180309/completed_listens/file5e5728d6fa7b.wav	file5e5728d6fa7b.wav	367.110	3661.0	6183.1	WCSP	
113	Spectrogram 1	1	367.971	367.970824494	368.110278635	0.139	4500.0	5906.2	5343.8	34.4	52.0	60.1	367.971	/Users/mary/Desktop/listens_20180309/completed_listens/file5e5728d6fa7b.wav	file5e5728d6fa7b.wav	367.971	3864.4	6549.2	WCSP	
114	Spectrogram 1	1	368.741	368.740853883	368.862118354	0.121	4500.0	5812.5	5250.0	33.4	49.5	58.4	368.741	/Users/mary/Desktop/listens_20180309/completed_listens/file5e5728d6fa7b.wav	file5e5728d6fa7b.wav	368.741	3783.1	6427.1	WCSP	
115	Spectrogram 1	1	369.487	369.486630379	369.589705179	0.103	4031.2	5812.5	5156.2	32.7	49.2	57.4	369.487	/Users/mary/Desktop/listens_20180309/completed_listens/file5e5728d6fa7b.wav	file5e5728d6fa7b.wav	369.487	3620.3	6305.1	WCSP	
116	Spectrogram 1	1	370.275	370.274849439	370.390050686	0.115	4687.5	5718.8	5250.0	36.3	52.8	60.7	370.275	/Users/mary/Desktop/listens_20180309/completed_listens/file5e5728d6fa7b.wav	file5e5728d6fa7b.wav	370.275	3945.8	6305.1	WCSP	
117	Spectrogram 1	1	371.086	371.086011006	371.207275476	0.121	4406.2	5812.5	5250.0	34.6	51.1	59.8	371.086	/Users/mary/Desktop/listens_20180309/completed_listens/file5e5728d6fa7b.wav	file5e5728d6fa7b.wav	371.086	3701.7	6427.1	WCSP	
118	Spectrogram 1	1	371.862	371.862103619	371.965178419	0.103	4406.2	5718.8	5156.2	36.6	53.6	61.0	371.862	/Users/mary/Desktop/listens_20180309/completed_listens/file5e5728d6fa7b.wav	file5e5728d6fa7b.wav	371.862	3539.0	6223.7	WCSP	
119	Spectrogram 1	1	372.650	372.650322679	372.795840044	0.146	4406.2	5718.8	5250.0	34.2	51.8	59.4	372.650	/Users/mary/Desktop/listens_20180309/completed_listens/file5e5728d6fa7b.wav	file5e5728d6fa7b.wav	372.650	3864.4	6142.4	WCSP	
120	Spectrogram 1	1	373.366	373.365783056	373.523426868	0.158	3937.5	5718.8	5156.2	32.1	50.6	58.5	373.366	/Users/mary/Desktop/listens_20180309/completed_listens/file5e5728d6fa7b.wav	file5e5728d6fa7b.wav	373.366	3294.9	6101.7	WCSP	
121	Spectrogram 1	1	374.415	374.414720729	374.529921976	0.115	4031.2	5812.5	5250.0	31.4	46.7	55.8	374.415	/Users/mary/Desktop/listens_20180309/completed_listens/file5e5728d6fa7b.wav	file5e5728d6fa7b.wav	374.415	3742.4	6061.0	WCSP	
122	Spectrogram 1	1	375.209	375.209003012	375.330267483	0.121	4312.5	5906.2	5250.0	29.0	42.3	53.0	375.209	/Users/mary/Desktop/listens_20180309/completed_listens/file5e5728d6fa7b.wav	file5e5728d6fa7b.wav	375.209	4108.5	6183.1	WCSP	
123	Spectrogram 1	1	376.319	376.318572920	376.421647720	0.103	4031.2	5812.5	5250.0	29.6	43.7	53.6	376.319	/Users/mary/Desktop/listens_20180309/completed_listens/file5e5728d6fa7b.wav	file5e5728d6fa7b.wav	376.319	3783.1	6183.1	WCSP	
124	Spectrogram 1	1	377.337	377.337194475	377.458458946	0.121	4781.2	6187.5	5437.5	28.3	40.6	51.5	377.337	/Users/mary/Desktop/listens_20180309/completed_listens/file5e5728d6fa7b.wav	file5e5728d6fa7b.wav	377.337	4637.3	6345.8	WCSP	
125	Spectrogram 1	1	378.287	378.286545680	378.516948175	0.230	4781.2	6000.0	5250.0	29.2	44.9	54.6	378.287	/Users/mary/Desktop/listens_20180309/completed_listens/file5e5728d6fa7b.wav	file5e5728d6fa7b.wav	378.287	4637.3	6101.7	WCSP	
126	Spectrogram 1	1	378.966	378.965626717	379.196029211	0.230	4593.8	5906.2	5250.0	32.9	51.2	59.5	378.966	/Users/mary/Desktop/listens_20180309/completed_listens/file5e5728d6fa7b.wav	file5e5728d6fa7b.wav	378.966	4271.2	6223.7	WCSP	
127	Spectrogram 1	1	379.790	379.790225118	379.959995377	0.170	4500.0	6000.0	5250.0	28.7	43.4	53.5	379.790	/Users/mary/Desktop/listens_20180309/completed_listens/file5e5728d6fa7b.wav	file5e5728d6fa7b.wav	379.790	4393.2	6183.1	WCSP	
128	Spectrogram 1	1	380.542	380.542064837	380.736087990	0.194	4500.0	6000.0	5156.2	29.1	44.4	55.0	380.542	/Users/mary/Desktop/listens_20180309/completed_listens/file5e5728d6fa7b.wav	file5e5728d6fa7b.wav	380.542	4230.5	6223.7	WCSP	
129	Spectrogram 1	1	381.403	381.403042580	381.572812839	0.170	4875.0	5812.5	5250.0	30.5	46.5	53.8	381.403	/Users/mary/Desktop/listens_20180309/completed_listens/file5e5728d6fa7b.wav	file5e5728d6fa7b.wav	381.403	4759.3	6061.0	WCSP	
130	Spectrogram 1	1	382.337	382.336779005	382.470169923	0.133	4406.2	5906.2	5250.0	30.4	44.7	54.3	382.337	/Users/mary/Desktop/listens_20180309/completed_listens/file5e5728d6fa7b.wav	file5e5728d6fa7b.wav	382.337	4271.2	6142.4	WCSP	
131	Spectrogram 1	1	383.210	383.209883194	383.355400559	0.146	4781.2	6000.0	5343.8	31.0	46.3	55.2	383.210	/Users/mary/Desktop/listens_20180309/completed_listens/file5e5728d6fa7b.wav	file5e5728d6fa7b.wav	383.210	4474.6	6264.4	WCSP	
132	Spectrogram 1	1	384.168	384.167872514	384.398275008	0.230	4593.8	5906.2	5250.0	29.7	46.0	55.8	384.168	/Users/mary/Desktop/listens_20180309/completed_listens/file5e5728d6fa7b.wav	file5e5728d6fa7b.wav	384.168	4352.5	6183.1	WCSP	
133	Spectrogram 1	1	385.089	385.089482492	385.295632092	0.206	4406.2	5718.8	5156.2	33.0	51.1	59.5	385.089	/Users/mary/Desktop/listens_20180309/completed_listens/file5e5728d6fa7b.wav	file5e5728d6fa7b.wav	385.089	4027.1	6223.7	WCSP	
134	Spectrogram 1	1	385.926	385.926207340	386.059598258	0.133	4406.2	6000.0	5156.2	32.7	49.3	57.7	385.926	/Users/mary/Desktop/listens_20180309/completed_listens/file5e5728d6fa7b.wav	file5e5728d6fa7b.wav	385.926	4108.5	6386.4	WCSP	
135	Spectrogram 1	1	387.005	387.005461130	387.199484283	0.194	4593.8	5718.8	5156.2	30.8	47.6	55.7	387.005	/Users/mary/Desktop/listens_20180309/completed_listens/file5e5728d6fa7b.wav	file5e5728d6fa7b.wav	387.005	4393.2	5979.7	WCSP	
136	Spectrogram 1	1	387.939	387.939197555	388.218105838	0.279	4406.2	6093.8	5250.0	29.6	45.9	57.2	387.939	/Users/mary/Desktop/listens_20180309/completed_listens/file5e5728d6fa7b.wav	file5e5728d6fa7b.wav	387.939	4311.9	6345.8	WCSP	
137	Spectrogram 1	1	388.982	388.982072004	389.163968710	0.182	4875.0	5906.2	5250.0	30.7	45.5	55.1	388.982	/Users/mary/Desktop/listens_20180309/completed_listens/file5e5728d6fa7b.wav	file5e5728d6fa7b.wav	388.982	4596.6	6142.4	WCSP	
138	Spectrogram 1	1	389.989	389.988567112	390.231096053	0.243	4406.2	5906.2	5250.0	31.2	50.2	58.6	389.989	/Users/mary/Desktop/listens_20180309/completed_listens/file5e5728d6fa7b.wav	file5e5728d6fa7b.wav	389.989	4108.5	6345.8	WCSP	
139	Spectrogram 1	1	390.754	390.753569581	390.862707605	0.109	4593.8	5625.0	5250.0	36.1	52.5	59.7	390.754	/Users/mary/Desktop/listens_20180309/completed_listens/file5e5728d6fa7b.wav	file5e5728d6fa7b.wav	390.754	3905.1	6061.0	WCSP	
140	Spectrogram 1	1	391.566	391.566041536	391.772191136	0.206	4406.2	6000.0	5156.2	32.1	50.7	59.2	391.566	/Users/mary/Desktop/listens_20180309/completed_listens/file5e5728d6fa7b.wav	file5e5728d6fa7b.wav	391.566	3945.8	6386.4	WCSP	
141	Spectrogram 1	1	392.403	392.402766384	392.621042431	0.218	4687.5	6000.0	5250.0	32.4	50.1	58.7	392.403	/Users/mary/Desktop/listens_20180309/completed_listens/file5e5728d6fa7b.wav	file5e5728d6fa7b.wav	392.403	4393.2	6345.8	WCSP	
142	Spectrogram 1	1	393.288	393.287997021	393.433514386	0.146	4687.5	5625.0	5156.2	34.8	50.6	59.3	393.288	/Users/mary/Desktop/listens_20180309/completed_listens/file5e5728d6fa7b.wav	file5e5728d6fa7b.wav	393.288	4067.8	6061.0	WCSP	
143	Spectrogram 1	1	394.003	394.003457399	394.197480552	0.194	4781.2	5906.2	5250.0	32.2	49.6	57.7	394.003	/Users/mary/Desktop/listens_20180309/completed_listens/file5e5728d6fa7b.wav	file5e5728d6fa7b.wav	394.003	4433.9	6264.4	WCSP	
144	Spectrogram 1	1	394.683	394.682538435	394.888688035	0.206	4593.8	6000.0	5250.0	30.2	45.4	56.3	394.683	/Users/mary/Desktop/listens_20180309/completed_listens/file5e5728d6fa7b.wav	file5e5728d6fa7b.wav	394.683	4352.5	6305.1	WCSP	
145	Spectrogram 1	1	395.641	395.640527754	395.798171566	0.158	4500.0	5718.8	5156.2	30.4	45.6	54.7	395.641	/Users/mary/Desktop/listens_20180309/completed_listens/file5e5728d6fa7b.wav	file5e5728d6fa7b.wav	395.641	4311.9	5979.7	WCSP	
146	Spectrogram 1	1	396.562	396.562137732	396.671275756	0.109	4781.2	5718.8	5156.2	33.6	47.9	55.9	396.562	/Users/mary/Desktop/listens_20180309/completed_listens/file5e5728d6fa7b.wav	file5e5728d6fa7b.wav	396.562	4515.3	6183.1	WCSP	
147	Spectrogram 1	1	397.193	397.192712980	397.410989028	0.218	4500.0	5812.5	5156.2	30.4	48.0	56.6	397.193	/Users/mary/Desktop/listens_20180309/completed_listens/file5e5728d6fa7b.wav	file5e5728d6fa7b.wav	397.193	4271.2	6183.1	WCSP	
148	Spectrogram 1	1	398.066	398.065817170	398.247713876	0.182	4218.8	5906.2	5156.2	30.9	47.2	57.0	398.066	/Users/mary/Desktop/listens_20180309/completed_listens/file5e5728d6fa7b.wav	file5e5728d6fa7b.wav	398.066	4027.1	6223.7	WCSP	
149	Spectrogram 1	1	398.951	398.951047807	399.096565172	0.146	4593.8	5906.2	5250.0	32.8	49.7	57.7	398.951	/Users/mary/Desktop/listens_20180309/completed_listens/file5e5728d6fa7b.wav	file5e5728d6fa7b.wav	398.951	4311.9	6427.1	WCSP	
150	Spectrogram 1	1	400.807	400.806644600	400.976414859	0.170	4593.8	5812.5	5156.2	33.8	50.0	59.1	400.807	/Users/mary/Desktop/listens_20180309/completed_listens/file5e5728d6fa7b.wav	file5e5728d6fa7b.wav	400.807	4149.2	6183.1	WCSP	
151	Spectrogram 1	1	401.668	401.667622343	401.861645496	0.194	4593.8	6000.0	5156.2	31.7	49.2	57.6	401.668	/Users/mary/Desktop/listens_20180309/completed_listens/file5e5728d6fa7b.wav	file5e5728d6fa7b.wav	401.668	4352.5	6305.1	WCSP	
152	Spectrogram 1	1	402.541	402.540726532	402.686243897	0.146	4781.2	5812.5	5250.0	33.0	50.0	57.6	402.541	/Users/mary/Desktop/listens_20180309/completed_listens/file5e5728d6fa7b.wav	file5e5728d6fa7b.wav	402.541	4271.2	6264.4	WCSP	
153	Spectrogram 1	1	403.377	403.377451381	403.510842299	0.133	4781.2	5812.5	5156.2	33.3	48.5	56.9	403.377	/Users/mary/Desktop/listens_20180309/completed_listens/file5e5728d6fa7b.wav	file5e5728d6fa7b.wav	403.377	4433.9	6183.1	WCSP	
154	Spectrogram 1	1	404.141	404.141417547	404.323314253	0.182	4312.5	5812.5	5156.2	30.6	48.1	56.3	404.141	/Users/mary/Desktop/listens_20180309/completed_listens/file5e5728d6fa7b.wav	file5e5728d6fa7b.wav	404.141	4108.5	6142.4	WCSP	
155	Spectrogram 1	1	404.893	404.893257266	405.038774631	0.146	4500.0	5812.5	5156.2	31.9	48.1	55.9	404.893	/Users/mary/Desktop/listens_20180309/completed_listens/file5e5728d6fa7b.wav	file5e5728d6fa7b.wav	404.893	4271.2	6020.3	WCSP	
156	Spectrogram 1	1	405.839	405.839120138	406.033143291	0.194	4781.2	5812.5	5250.0	33.3	51.9	59.0	405.839	/Users/mary/Desktop/listens_20180309/completed_listens/file5e5728d6fa7b.wav	file5e5728d6fa7b.wav	405.839	4352.5	6223.7	WCSP	
157	Spectrogram 1	1	406.676	406.675844986	406.857741693	0.182	4406.2	5812.5	5156.2	30.8	48.5	56.3	406.676	/Users/mary/Desktop/listens_20180309/completed_listens/file5e5728d6fa7b.wav	file5e5728d6fa7b.wav	406.676	4149.2	6142.4	WCSP	
158	Spectrogram 1	1	407.573	407.573202070	407.767225223	0.194	4500.0	5812.5	5156.2	31.8	49.6	57.5	407.573	/Users/mary/Desktop/listens_20180309/completed_listens/file5e5728d6fa7b.wav	file5e5728d6fa7b.wav	407.573	4230.5	6183.1	WCSP	
159	Spectrogram 1	1	408.876	408.876056718	409.118585659	0.243	4500.0	5812.5	5250.0	30.1	47.6	56.2	408.876	/Users/mary/Desktop/listens_20180309/completed_listens/file5e5728d6fa7b.wav	file5e5728d6fa7b.wav	408.876	4352.5	6020.3	WCSP	
160	Spectrogram 1	1	409.664	409.664275778	409.870425378	0.206	4593.8	5718.8	5250.0	31.6	48.1	56.7	409.664	/Users/mary/Desktop/listens_20180309/completed_listens/file5e5728d6fa7b.wav	file5e5728d6fa7b.wav	409.664	4352.5	5939.0	WCSP	
161	Spectrogram 1	1	410.719	410.719276674	410.852667592	0.133	4781.2	5343.8	5156.2	33.3	47.4	55.0	410.719	/Users/mary/Desktop/listens_20180309/completed_listens/file5e5728d6fa7b.wav	file5e5728d6fa7b.wav	410.719	4433.9	5532.2	WCSP	
162	Spectrogram 1	1	411.580	411.580254417	411.762151123	0.182	4312.5	5718.8	5062.5	30.7	49.3	56.2	411.580	/Users/mary/Desktop/listens_20180309/completed_listens/file5e5728d6fa7b.wav	file5e5728d6fa7b.wav	411.580	4108.5	6020.3	WCSP	
163	Spectrogram 1	1	413.290	413.290083455	413.459853714	0.170	4218.8	5906.2	5250.0	30.8	50.2	56.9	413.290	/Users/mary/Desktop/listens_20180309/completed_listens/file5e5728d6fa7b.wav	file5e5728d6fa7b.wav	413.290	3905.1	6264.4	WCSP	
164	Spectrogram 1	1	414.430	414.429969480	414.587613292	0.158	4593.8	5625.0	5250.0	32.6	50.5	57.1	414.430	/Users/mary/Desktop/listens_20180309/completed_listens/file5e5728d6fa7b.wav	file5e5728d6fa7b.wav	414.430	4230.5	6020.3	WCSP	
165	Spectrogram 1	1	415.558	415.557729059	415.763878659	0.206	4781.2	6000.0	5250.0	31.1	48.8	56.4	415.558	/Users/mary/Desktop/listens_20180309/completed_listens/file5e5728d6fa7b.wav	file5e5728d6fa7b.wav	415.558	4515.3	6264.4	WCSP	
166	Spectrogram 1	1	416.613	416.612729955	416.794626661	0.182	4406.2	5718.8	5156.2	31.5	48.3	57.1	416.613	/Users/mary/Desktop/listens_20180309/completed_listens/file5e5728d6fa7b.wav	file5e5728d6fa7b.wav	416.613	4108.5	6061.0	WCSP	
167	Spectrogram 1	1	417.631	417.631351509	417.825374662	0.194	4500.0	5718.8	5156.2	33.3	51.9	59.8	417.631	/Users/mary/Desktop/listens_20180309/completed_listens/file5e5728d6fa7b.wav	file5e5728d6fa7b.wav	417.631	3986.4	6223.7	WCSP	
168	Spectrogram 1	1	418.517	418.516582146	418.734858193	0.218	4687.5	5906.2	5250.0	32.0	50.0	58.6	418.517	/Users/mary/Desktop/listens_20180309/completed_listens/file5e5728d6fa7b.wav	file5e5728d6fa7b.wav	418.517	4352.5	6386.4	WCSP	
169	Spectrogram 1	1	419.268	419.268421865	419.486697912	0.218	4406.2	5812.5	5156.2	32.2	51.7	59.0	419.268	/Users/mary/Desktop/listens_20180309/completed_listens/file5e5728d6fa7b.wav	file5e5728d6fa7b.wav	419.268	4067.8	6264.4	WCSP	
170	Spectrogram 1	1	420.190	420.190031843	420.432560785	0.243	4593.8	6000.0	5156.2	32.7	51.8	59.9	420.190	/Users/mary/Desktop/listens_20180309/completed_listens/file5e5728d6fa7b.wav	file5e5728d6fa7b.wav	420.190	4230.5	6386.4	WCSP	
171	Spectrogram 1	1	421.136	421.135894715	421.317791421	0.182	4500.0	6000.0	5156.2	30.9	47.0	56.8	421.136	/Users/mary/Desktop/listens_20180309/completed_listens/file5e5728d6fa7b.wav	file5e5728d6fa7b.wav	421.136	4189.8	6223.7	WCSP	
172	Spectrogram 1	1	422.130	422.130263376	422.336412976	0.206	4687.5	5906.2	5250.0	31.4	48.7	56.8	422.130	/Users/mary/Desktop/listens_20180309/completed_listens/file5e5728d6fa7b.wav	file5e5728d6fa7b.wav	422.130	4433.9	6183.1	WCSP	
173	Spectrogram 1	1	423.210	423.209517166	423.464172554	0.255	4781.2	6000.0	5250.0	32.2	50.9	59.0	423.210	/Users/mary/Desktop/listens_20180309/completed_listens/file5e5728d6fa7b.wav	file5e5728d6fa7b.wav	423.210	4433.9	6305.1	WCSP	
174	Spectrogram 1	1	424.509	424.508521138	424.726797186	0.218	4781.2	5906.2	5250.0	31.3	48.5	56.9	424.509	/Users/mary/Desktop/listens_20180309/completed_listens/file5e5728d6fa7b.wav	file5e5728d6fa7b.wav	424.509	4555.9	6223.7	WCSP	
175	Spectrogram 1	1	425.224	425.223981516	425.405878222	0.182	4500.0	6093.8	5250.0	30.2	45.9	55.9	425.224	/Users/mary/Desktop/listens_20180309/completed_listens/file5e5728d6fa7b.wav	file5e5728d6fa7b.wav	425.224	4311.9	6305.1	WCSP	
176	Spectrogram 1	1	426.303	426.303235306	426.533637800	0.230	4687.5	6000.0	5250.0	30.4	46.1	56.6	426.303	/Users/mary/Desktop/listens_20180309/completed_listens/file5e5728d6fa7b.wav	file5e5728d6fa7b.wav	426.303	4433.9	6264.4	WCSP	
177	Spectrogram 1	1	427.322	427.321856861	427.552259355	0.230	4781.2	6000.0	5250.0	29.9	45.7	55.7	427.322	/Users/mary/Desktop/listens_20180309/completed_listens/file5e5728d6fa7b.wav	file5e5728d6fa7b.wav	427.322	4555.9	6183.1	WCSP	
178	Spectrogram 1	1	428.401	428.401110651	428.619386698	0.218	4312.5	6187.5	5250.0	28.5	44.7	55.4	428.401	/Users/mary/Desktop/listens_20180309/completed_listens/file5e5728d6fa7b.wav	file5e5728d6fa7b.wav	428.401	4149.2	6386.4	WCSP	
179	Spectrogram 1	1	429.177	429.177203264	429.371226417	0.194	4312.5	6093.8	5250.0	29.9	46.4	56.4	429.177	/Users/mary/Desktop/listens_20180309/completed_listens/file5e5728d6fa7b.wav	file5e5728d6fa7b.wav	429.177	4108.5	6305.1	WCSP	
180	Spectrogram 1	1	430.026	430.026054559	430.220077713	0.194	4500.0	5812.5	5156.2	31.5	48.7	57.3	430.026	/Users/mary/Desktop/listens_20180309/completed_listens/file5e5728d6fa7b.wav	file5e5728d6fa7b.wav	430.026	4230.5	6223.7	WCSP	
181	Spectrogram 1	1	430.814	430.814273619	431.032549667	0.218	4500.0	6000.0	5250.0	28.0	42.5	53.9	430.814	/Users/mary/Desktop/listens_20180309/completed_listens/file5e5728d6fa7b.wav	file5e5728d6fa7b.wav	430.814	4352.5	6101.7	WCSP	
182	Spectrogram 1	1	432.003	432.002665433	432.293700163	0.291	4312.5	5906.2	5250.0	28.8	46.0	56.4	432.003	/Users/mary/Desktop/listens_20180309/completed_listens/file5e5728d6fa7b.wav	file5e5728d6fa7b.wav	432.003	4189.8	6142.4	WCSP	
183	Spectrogram 1	1	432.888	432.887896070	433.081919223	0.194	4125.0	5812.5	5156.2	31.2	48.5	57.5	432.888	/Users/mary/Desktop/listens_20180309/completed_listens/file5e5728d6fa7b.wav	file5e5728d6fa7b.wav	432.888	3864.4	6183.1	WCSP	
184	Spectrogram 1	1	433.579	433.579103554	433.748873813	0.170	4593.8	5718.8	5156.2	34.1	51.5	59.4	433.579	/Users/mary/Desktop/listens_20180309/completed_listens/file5e5728d6fa7b.wav	file5e5728d6fa7b.wav	433.579	4230.5	6345.8	WCSP	
185	Spectrogram 1	1	434.355	434.355196167	434.524966426	0.170	4500.0	5718.8	5156.2	32.9	49.9	58.0	434.355	/Users/mary/Desktop/listens_20180309/completed_listens/file5e5728d6fa7b.wav	file5e5728d6fa7b.wav	434.355	4271.2	6183.1	WCSP	
186	Spectrogram 1	1	435.641	435.640599557	435.822496263	0.182	4687.5	5906.2	5250.0	32.3	49.2	57.4	435.641	/Users/mary/Desktop/listens_20180309/completed_listens/file5e5728d6fa7b.wav	file5e5728d6fa7b.wav	435.641	4474.6	6264.4	WCSP	
187	Spectrogram 1	1	436.405	436.404565723	436.683474006	0.279	4406.2	6093.8	5250.0	30.4	48.4	58.4	436.405	/Users/mary/Desktop/listens_20180309/completed_listens/file5e5728d6fa7b.wav	file5e5728d6fa7b.wav	436.405	4149.2	6386.4	WCSP	
188	Spectrogram 1	1	437.205	437.204911230	437.447440172	0.243	4406.2	6375.0	5156.2	30.4	48.9	58.3	437.205	/Users/mary/Desktop/listens_20180309/completed_listens/file5e5728d6fa7b.wav	file5e5728d6fa7b.wav	437.205	4189.8	6711.9	WCSP	
189	Spectrogram 1	1	438.090	438.090141867	438.320544362	0.230	4406.2	6187.5	5250.0	30.0	47.5	57.2	438.090	/Users/mary/Desktop/listens_20180309/completed_listens/file5e5728d6fa7b.wav	file5e5728d6fa7b.wav	438.090	4189.8	6467.8	WCSP	
190	Spectrogram 1	1	438.915	438.914740268	439.145142763	0.230	4687.5	5906.2	5250.0	31.8	49.1	57.9	438.915	/Users/mary/Desktop/listens_20180309/completed_listens/file5e5728d6fa7b.wav	file5e5728d6fa7b.wav	438.915	4474.6	6264.4	WCSP	
191	Spectrogram 1	1	439.926	439.926321189	440.120344342	0.194	4500.0	5906.2	5156.2	32.2	51.2	58.3	439.926	/Users/mary/Desktop/listens_20180309/completed_listens/file5e5728d6fa7b.wav	file5e5728d6fa7b.wav	439.926	4149.2	6345.8	WCSP	
192	Spectrogram 1	1	440.848	440.847931167	441.041954320	0.194	4406.2	5812.5	5156.2	33.3	52.0	59.8	440.848	/Users/mary/Desktop/listens_20180309/completed_listens/file5e5728d6fa7b.wav	file5e5728d6fa7b.wav	440.848	4027.1	6264.4	WCSP	
193	Spectrogram 1	1	441.648	441.648276674	441.915058510	0.267	4500.0	5812.5	5156.2	31.8	49.5	59.2	441.648	/Users/mary/Desktop/listens_20180309/completed_listens/file5e5728d6fa7b.wav	file5e5728d6fa7b.wav	441.648	4189.8	6223.7	WCSP	
194	Spectrogram 1	1	442.764	442.763909805	442.897300723	0.133	4593.8	5718.8	5156.2	34.6	51.9	59.0	442.764	/Users/mary/Desktop/listens_20180309/completed_listens/file5e5728d6fa7b.wav	file5e5728d6fa7b.wav	442.764	4067.8	6183.1	WCSP	
195	Spectrogram 1	1	443.528	443.527875971	443.685519783	0.158	4500.0	5906.2	5250.0	31.7	48.9	56.9	443.528	/Users/mary/Desktop/listens_20180309/completed_listens/file5e5728d6fa7b.wav	file5e5728d6fa7b.wav	443.528	4230.5	6305.1	WCSP	
196	Spectrogram 1	1	444.607	444.607129761	444.813279362	0.206	4500.0	6187.5	5250.0	29.5	46.8	56.0	444.607	/Users/mary/Desktop/listens_20180309/completed_listens/file5e5728d6fa7b.wav	file5e5728d6fa7b.wav	444.607	4311.9	6386.4	WCSP	
197	Spectrogram 1	1	445.929	445.928912493	446.171441435	0.243	4500.0	6187.5	5250.0	28.3	44.6	55.1	445.929	/Users/mary/Desktop/listens_20180309/completed_listens/file5e5728d6fa7b.wav	file5e5728d6fa7b.wav	445.929	4393.2	6305.1	WCSP	
198	Spectrogram 1	1	446.911	446.911154706	447.141557201	0.230	4500.0	6000.0	5250.0	33.1	51.5	60.5	446.911	/Users/mary/Desktop/listens_20180309/completed_listens/file5e5728d6fa7b.wav	file5e5728d6fa7b.wav	446.911	4108.5	6467.8	WCSP	
199	Spectrogram 1	1	447.736	447.735753108	447.978282049	0.243	4031.2	5906.2	5156.2	32.9	53.4	61.7	447.736	/Users/mary/Desktop/listens_20180309/completed_listens/file5e5728d6fa7b.wav	file5e5728d6fa7b.wav	447.736	3457.6	6589.8	WCSP	
200	Spectrogram 1	1	448.912	448.912018474	449.069662287	0.158	4500.0	6000.0	5156.2	33.2	49.6	58.8	448.912	/Users/mary/Desktop/listens_20180309/completed_listens/file5e5728d6fa7b.wav	file5e5728d6fa7b.wav	448.912	4189.8	6549.2	WCSP	
201	Spectrogram 1	1	449.773	449.772996217	449.967019370	0.194	4500.0	5718.8	5156.2	34.9	53.6	61.4	449.773	/Users/mary/Desktop/listens_20180309/completed_listens/file5e5728d6fa7b.wav	file5e5728d6fa7b.wav	449.773	3864.4	6223.7	WCSP	
202	Spectrogram 1	1	450.428	450.427824359	450.658226854	0.230	4500.0	5718.8	5156.2	33.6	52.1	60.4	450.428	/Users/mary/Desktop/listens_20180309/completed_listens/file5e5728d6fa7b.wav	file5e5728d6fa7b.wav	450.428	4149.2	6264.4	WCSP	
203	Spectrogram 1	1	451.422	451.422193020	451.591963279	0.170	4781.2	5625.0	5250.0	34.2	50.4	58.5	451.422	/Users/mary/Desktop/listens_20180309/completed_listens/file5e5728d6fa7b.wav	file5e5728d6fa7b.wav	451.422	4393.2	5979.7	WCSP	
204	Spectrogram 1	1	452.235	452.234664974	452.404435233	0.170	4406.2	5718.8	5156.2	33.9	51.7	59.5	452.235	/Users/mary/Desktop/listens_20180309/completed_listens/file5e5728d6fa7b.wav	file5e5728d6fa7b.wav	452.235	3945.8	6183.1	WCSP	
205	Spectrogram 1	1	453.168	453.168401399	453.386677447	0.218	4031.2	5718.8	5250.0	32.0	50.2	59.4	453.168	/Users/mary/Desktop/listens_20180309/completed_listens/file5e5728d6fa7b.wav	file5e5728d6fa7b.wav	453.168	3620.3	6142.4	WCSP	
206	Spectrogram 1	1	454.078	454.077884930	454.247655189	0.170	4312.5	5718.8	5250.0	32.1	49.2	57.7	454.078	/Users/mary/Desktop/listens_20180309/completed_listens/file5e5728d6fa7b.wav	file5e5728d6fa7b.wav	454.078	4027.1	6101.7	WCSP	
207	Spectrogram 1	1	454.940	454.940360260	455.195015648	0.255	4500.0	6000.0	5250.0	30.0	47.8	56.8	454.940	/Users/mary/Desktop/listens_20180309/completed_listens/file5e5728d6fa7b.wav	file5e5728d6fa7b.wav	454.940	4230.5	6101.7	WCSP	
208	Spectrogram 1	1	455.826	455.825590897	456.007487603	0.182	4218.8	5718.8	5156.2	32.2	50.0	58.5	455.826	/Users/mary/Desktop/listens_20180309/completed_listens/file5e5728d6fa7b.wav	file5e5728d6fa7b.wav	455.826	3905.1	6264.4	WCSP	
209	Spectrogram 1	1	456.456	456.456166145	456.686568639	0.230	4687.5	5812.5	5250.0	32.7	49.2	58.8	456.456	/Users/mary/Desktop/listens_20180309/completed_listens/file5e5728d6fa7b.wav	file5e5728d6fa7b.wav	456.456	4352.5	6142.4	WCSP	
210	Spectrogram 1	1	457.196	457.195879417	457.365649676	0.170	4687.5	5812.5	5156.2	32.7	50.1	57.7	457.196	/Users/mary/Desktop/listens_20180309/completed_listens/file5e5728d6fa7b.wav	file5e5728d6fa7b.wav	457.196	4393.2	6264.4	WCSP	
211	Spectrogram 1	1	457.923	457.923466241	458.117489395	0.194	4500.0	5718.8	5156.2	33.0	50.8	58.7	457.923	/Users/mary/Desktop/listens_20180309/completed_listens/file5e5728d6fa7b.wav	file5e5728d6fa7b.wav	457.923	4189.8	6020.3	WCSP	
212	Spectrogram 1	1	458.991	458.990593584	459.196743185	0.206	4312.5	5718.8	5156.2	31.7	49.2	58.2	458.991	/Users/mary/Desktop/listens_20180309/completed_listens/file5e5728d6fa7b.wav	file5e5728d6fa7b.wav	458.991	3945.8	6183.1	WCSP	
213	Spectrogram 1	1	459.658	459.657548174	459.851571327	0.194	4218.8	6000.0	5156.2	31.2	49.8	58.4	459.658	/Users/mary/Desktop/listens_20180309/completed_listens/file5e5728d6fa7b.wav	file5e5728d6fa7b.wav	459.658	3823.7	6467.8	WCSP	
214	Spectrogram 1	1	460.361	460.360882104	460.554905258	0.194	4500.0	6093.8	5250.0	28.8	43.0	54.4	460.361	/Users/mary/Desktop/listens_20180309/completed_listens/file5e5728d6fa7b.wav	file5e5728d6fa7b.wav	460.361	4352.5	6264.4	WCSP	
215	Spectrogram 1	1	461.137	461.136974717	461.270365635	0.133	4500.0	6000.0	5250.0	29.5	43.8	53.5	461.137	/Users/mary/Desktop/listens_20180309/completed_listens/file5e5728d6fa7b.wav	file5e5728d6fa7b.wav	461.137	4352.5	6264.4	WCSP	
216	Spectrogram 1	1	462.253	462.252607849	462.495136790	0.243	4406.2	6000.0	5250.0	28.2	43.1	54.7	462.253	/Users/mary/Desktop/listens_20180309/completed_listens/file5e5728d6fa7b.wav	file5e5728d6fa7b.wav	462.253	4311.9	6183.1	WCSP	
217	Spectrogram 1	1	463.065	463.065079803	463.343988086	0.279	4406.2	5812.5	5156.2	32.2	51.5	60.0	463.065	/Users/mary/Desktop/listens_20180309/completed_listens/file5e5728d6fa7b.wav	file5e5728d6fa7b.wav	463.065	4108.5	6264.4	WCSP	
218	Spectrogram 1	1	463.999	463.998816228	464.168586487	0.170	4406.2	6000.0	5156.2	33.6	52.2	60.3	463.999	/Users/mary/Desktop/listens_20180309/completed_listens/file5e5728d6fa7b.wav	file5e5728d6fa7b.wav	463.999	3783.1	6549.2	WCSP	
219	Spectrogram 1	1	464.981	464.981058442	465.126575806	0.146	4406.2	5812.5	5156.2	34.6	52.7	60.6	464.981	/Users/mary/Desktop/listens_20180309/completed_listens/file5e5728d6fa7b.wav	file5e5728d6fa7b.wav	464.981	3905.1	6549.2	WCSP	
220	Spectrogram 1	1	465.624	465.623760137	465.842036184	0.218	4687.5	5906.2	5156.2	32.8	51.3	59.4	465.624	/Users/mary/Desktop/listens_20180309/completed_listens/file5e5728d6fa7b.wav	file5e5728d6fa7b.wav	465.624	4230.5	6345.8	WCSP	
221	Spectrogram 1	1	466.400	466.399852750	466.618128797	0.218	4875.0	6375.0	5156.2	31.4	48.9	58.1	466.400	/Users/mary/Desktop/listens_20180309/completed_listens/file5e5728d6fa7b.wav	file5e5728d6fa7b.wav	466.400	4555.9	6711.9	WCSP	
222	Spectrogram 1	1	467.261	467.260830492	467.491232987	0.230	4218.8	5812.5	5156.2	31.3	50.5	58.3	467.261	/Users/mary/Desktop/listens_20180309/completed_listens/file5e5728d6fa7b.wav	file5e5728d6fa7b.wav	467.261	3945.8	6101.7	WCSP	
223	Spectrogram 1	1	468.037	468.036923106	468.303704941	0.267	4593.8	5718.8	5156.2	32.6	51.4	59.5	468.037	/Users/mary/Desktop/listens_20180309/completed_listens/file5e5728d6fa7b.wav	file5e5728d6fa7b.wav	468.037	4230.5	6142.4	WCSP	
224	Spectrogram 1	1	468.801	468.800889272	469.067671107	0.267	4312.5	5718.8	5156.2	31.1	49.9	58.3	468.801	/Users/mary/Desktop/listens_20180309/completed_listens/file5e5728d6fa7b.wav	file5e5728d6fa7b.wav	468.801	4108.5	6020.3	WCSP	
225	Spectrogram 1	1	470.132	470.132156842	470.350432889	0.218	4593.8	5625.0	5250.0	31.1	47.9	56.5	470.132	/Users/mary/Desktop/listens_20180309/completed_listens/file5e5728d6fa7b.wav	file5e5728d6fa7b.wav	470.132	4271.2	5857.6	WCSP	
226	Spectrogram 1	1	471.102	471.102272608	471.284169314	0.182	4500.0	5812.5	5250.0	30.5	47.0	55.6	471.102	/Users/mary/Desktop/listens_20180309/completed_listens/file5e5728d6fa7b.wav	file5e5728d6fa7b.wav	471.102	4311.9	6061.0	WCSP	
227	Spectrogram 1	1	471.915	471.914744563	472.169399951	0.255	4687.5	5812.5	5250.0	30.7	48.3	56.7	471.915	/Users/mary/Desktop/listens_20180309/completed_listens/file5e5728d6fa7b.wav	file5e5728d6fa7b.wav	471.915	4474.6	6020.3	WCSP	
228	Spectrogram 1	1	473.140	473.139515718	473.357791765	0.218	4593.8	5718.8	5250.0	31.7	48.9	57.9	473.140	/Users/mary/Desktop/listens_20180309/completed_listens/file5e5728d6fa7b.wav	file5e5728d6fa7b.wav	473.140	4189.8	6020.3	WCSP	
229	Spectrogram 1	1	473.952	473.951987672	474.182390166	0.230	4312.5	6000.0	5250.0	28.0	43.2	54.6	473.952	/Users/mary/Desktop/listens_20180309/completed_listens/file5e5728d6fa7b.wav	file5e5728d6fa7b.wav	473.952	4149.2	6142.4	WCSP	
230	Spectrogram 1	1	474.934	474.934229885	475.213138168	0.279	4500.0	5718.8	5156.2	30.3	47.5	57.0	474.934	/Users/mary/Desktop/listens_20180309/completed_listens/file5e5728d6fa7b.wav	file5e5728d6fa7b.wav	474.934	4271.2	5979.7	WCSP	
231	Spectrogram 1	1	475.747	475.746701840	475.940724993	0.194	4406.2	5625.0	5156.2	32.3	48.4	58.1	475.747	/Users/mary/Desktop/listens_20180309/completed_listens/file5e5728d6fa7b.wav	file5e5728d6fa7b.wav	475.747	4108.5	6020.3	WCSP	
232	Spectrogram 1	1	477.735	477.735439161	477.941588761	0.206	4687.5	5718.8	5250.0	32.6	50.3	57.8	477.735	/Users/mary/Desktop/listens_20180309/completed_listens/file5e5728d6fa7b.wav	file5e5728d6fa7b.wav	477.735	4433.9	6061.0	WCSP	
233	Spectrogram 1	1	478.548	478.547911115	478.766187162	0.218	4781.2	5718.8	5156.2	33.2	51.5	58.6	478.548	/Users/mary/Desktop/listens_20180309/completed_listens/file5e5728d6fa7b.wav	file5e5728d6fa7b.wav	478.548	4474.6	6061.0	WCSP	
234	Spectrogram 1	1	479.348	479.348256622	479.615038458	0.267	4312.5	5625.0	5156.2	32.3	52.3	59.9	479.348	/Users/mary/Desktop/listens_20180309/completed_listens/file5e5728d6fa7b.wav	file5e5728d6fa7b.wav	479.348	3945.8	6142.4	WCSP	
235	Spectrogram 1	1	480.258	480.257740153	480.500269095	0.243	4312.5	5718.8	5250.0	31.8	49.2	58.7	480.258	/Users/mary/Desktop/listens_20180309/completed_listens/file5e5728d6fa7b.wav	file5e5728d6fa7b.wav	480.258	4067.8	6101.7	WCSP	
236	Spectrogram 1	1	476.746	476.745659002	476.939682155	0.194	4500.0	5718.8	5156.2	30.7	47.3	55.9	476.746	/Users/mary/Desktop/listens_20180309/completed_listens/file5e5728d6fa7b.wav	file5e5728d6fa7b.wav	476.746	4311.9	5979.7	WCSP	
237	Spectrogram 1	1	481.863	481.863019669	482.057042822	0.194	4968.8	5812.5	5250.0	29.6	42.4	52.9	481.863	/Users/mary/Desktop/listens_20180309/completed_listens/file5e5728d6fa7b.wav	file5e5728d6fa7b.wav	481.863	4800.0	5979.7	WCSP	
238	Spectrogram 1	1	482.773	482.772503200	482.942273459	0.170	4875.0	5812.5	5156.2	31.1	48.3	54.9	482.773	/Users/mary/Desktop/listens_20180309/completed_listens/file5e5728d6fa7b.wav	file5e5728d6fa7b.wav	482.773	4596.6	6020.3	WCSP	
239	Spectrogram 1	1	483.767	483.766871860	483.912389225	0.146	4500.0	5906.2	5156.2	34.4	53.3	60.2	483.767	/Users/mary/Desktop/listens_20180309/completed_listens/file5e5728d6fa7b.wav	file5e5728d6fa7b.wav	483.767	3864.4	6508.5	WCSP	
240	Spectrogram 1	1	484.101	484.101274768	484.537826863	0.437	2250.0	3937.5	3187.5	30.9	47.0	60.6	484.101	/Users/mary/Desktop/listens_20180309/completed_listens/file5e5728d6fa7b.wav	file5e5728d6fa7b.wav	484.101	2155.9	4311.9	PIKA	
241	Spectrogram 1	1	485.096	485.095643428	485.253287240	0.158	4593.8	6093.8	5250.0	32.8	49.5	58.4	485.096	/Users/mary/Desktop/listens_20180309/completed_listens/file5e5728d6fa7b.wav	file5e5728d6fa7b.wav	485.096	4271.2	6630.5	WCSP	
242	Spectrogram 1	1	486.029	486.029379854	486.271908795	0.243	4593.8	6093.8	5156.2	32.2	49.9	59.5	486.029	/Users/mary/Desktop/listens_20180309/completed_listens/file5e5728d6fa7b.wav	file5e5728d6fa7b.wav	486.029	4230.5	6508.5	WCSP	
243	Spectrogram 1	1	487.072	487.072254302	487.229898114	0.158	4406.2	5625.0	5156.2	32.7	49.2	57.1	487.072	/Users/mary/Desktop/listens_20180309/completed_listens/file5e5728d6fa7b.wav	file5e5728d6fa7b.wav	487.072	4189.8	5979.7	WCSP	
244	Spectrogram 1	1	488.127	488.127255198	488.345531246	0.218	4968.8	5906.2	5343.8	30.7	46.6	55.2	488.127	/Users/mary/Desktop/listens_20180309/completed_listens/file5e5728d6fa7b.wav	file5e5728d6fa7b.wav	488.127	4800.0	6142.4	WCSP	
245	Spectrogram 1	1	489.049	489.048865176	489.327773459	0.279	4875.0	5906.2	5250.0	32.5	50.8	59.4	489.049	/Users/mary/Desktop/listens_20180309/completed_listens/file5e5728d6fa7b.wav	file5e5728d6fa7b.wav	489.049	4555.9	6305.1	WCSP	
246	Spectrogram 1	1	489.813	489.812831342	490.079613178	0.267	4406.2	5812.5	5156.2	33.6	53.4	61.5	489.813	/Users/mary/Desktop/listens_20180309/completed_listens/file5e5728d6fa7b.wav	file5e5728d6fa7b.wav	489.813	4027.1	6345.8	WCSP	
247	Spectrogram 1	1	490.759	490.758694214	490.904211579	0.146	4781.2	6093.8	5250.0	32.6	46.7	56.9	490.759	/Users/mary/Desktop/listens_20180309/completed_listens/file5e5728d6fa7b.wav	file5e5728d6fa7b.wav	490.759	4433.9	6345.8	WCSP	
248	Spectrogram 1	1	491.705	491.704557087	491.922833134	0.218	3281.2	5906.2	5156.2	32.4	51.7	61.3	491.705	/Users/mary/Desktop/listens_20180309/completed_listens/file5e5728d6fa7b.wav	file5e5728d6fa7b.wav	491.705	2969.5	6549.2	WCSP	
249	Spectrogram 1	1	492.740	492.739583478	492.933606631	0.194	4218.8	5718.8	5156.2	33.2	51.5	60.2	492.740	/Users/mary/Desktop/listens_20180309/completed_listens/file5e5728d6fa7b.wav	file5e5728d6fa7b.wav	492.740	3742.4	6223.7	WCSP	
250	Spectrogram 1	1	493.552	493.552055432	493.758205032	0.206	4125.0	5625.0	5156.2	32.9	52.2	59.8	493.552	/Users/mary/Desktop/listens_20180309/completed_listens/file5e5728d6fa7b.wav	file5e5728d6fa7b.wav	493.552	3701.7	6183.1	WCSP	
251	Spectrogram 1	1	494.607	494.607056328	494.764700140	0.158	4312.5	5625.0	5156.2	34.9	52.0	60.3	494.607	/Users/mary/Desktop/listens_20180309/completed_listens/file5e5728d6fa7b.wav	file5e5728d6fa7b.wav	494.607	3823.7	5979.7	WCSP	
252	Spectrogram 1	1	495.432	495.431654729	495.674183671	0.243	4406.2	5812.5	5250.0	30.7	44.8	57.2	495.432	/Users/mary/Desktop/listens_20180309/completed_listens/file5e5728d6fa7b.wav	file5e5728d6fa7b.wav	495.432	4149.2	6020.3	WCSP	
253	Spectrogram 1	1	496.220	496.219873790	496.426023390	0.206	4500.0	5625.0	5156.2	35.0	54.2	61.5	496.220	/Users/mary/Desktop/listens_20180309/completed_listens/file5e5728d6fa7b.wav	file5e5728d6fa7b.wav	496.220	3945.8	6264.4	WCSP	
254	Spectrogram 1	1	497.069	497.068725085	497.238495344	0.170	4687.5	5625.0	5156.2	37.4	54.6	62.8	497.069	/Users/mary/Desktop/listens_20180309/completed_listens/file5e5728d6fa7b.wav	file5e5728d6fa7b.wav	497.069	4149.2	6264.4	WCSP	
255	Spectrogram 1	1	498.112	498.111599534	498.257116899	0.146	4312.5	6187.5	5156.2	32.3	49.6	58.4	498.112	/Users/mary/Desktop/listens_20180309/completed_listens/file5e5728d6fa7b.wav	file5e5728d6fa7b.wav	498.112	3945.8	6711.9	WCSP	
256	Spectrogram 1	1	499.021	499.021083065	499.227232665	0.206	4500.0	5906.2	5156.2	33.8	52.1	61.5	499.021	/Users/mary/Desktop/listens_20180309/completed_listens/file5e5728d6fa7b.wav	file5e5728d6fa7b.wav	499.021	3823.7	6589.8	WCSP	
257	Spectrogram 1	1	500.118	500.117501134	500.360030076	0.243	4781.2	5906.2	5343.8	31.6	48.8	57.4	500.118	/Users/mary/Desktop/listens_20180309/completed_listens/file5e5728d6fa7b.wav	file5e5728d6fa7b.wav	500.118	4555.9	6101.7	WCSP	
258	Spectrogram 1	1	501.209	501.208881372	501.354398737	0.146	4875.0	5718.8	5250.0	35.0	51.4	59.1	501.209	/Users/mary/Desktop/listens_20180309/completed_listens/file5e5728d6fa7b.wav	file5e5728d6fa7b.wav	501.209	4555.9	6345.8	WCSP	
259	Spectrogram 1	1	501.985	501.984973985	502.154744244	0.170	4875.0	5625.0	5250.0	34.7	51.0	57.9	501.985	/Users/mary/Desktop/listens_20180309/completed_listens/file5e5728d6fa7b.wav	file5e5728d6fa7b.wav	501.985	4637.3	5898.3	WCSP	
260	Spectrogram 1	1	503.877	503.876699729	504.070722882	0.194	4687.5	5718.8	5250.0	33.8	49.8	59.3	503.877	/Users/mary/Desktop/listens_20180309/completed_listens/file5e5728d6fa7b.wav	file5e5728d6fa7b.wav	503.877	4393.2	6101.7	WCSP	
261	Spectrogram 1	1	504.677	504.677045236	504.822562601	0.146	4500.0	5906.2	5250.0	34.1	51.3	60.0	504.677	/Users/mary/Desktop/listens_20180309/completed_listens/file5e5728d6fa7b.wav	file5e5728d6fa7b.wav	504.677	3905.1	6508.5	WCSP	
262	Spectrogram 1	1	505.562	505.562275873	505.756299026	0.194	4687.5	5906.2	5250.0	30.1	46.5	55.0	505.562	/Users/mary/Desktop/listens_20180309/completed_listens/file5e5728d6fa7b.wav	file5e5728d6fa7b.wav	505.562	4515.3	6142.4	WCSP	
263	Spectrogram 1	1	506.593	506.593023875	506.799173475	0.206	4781.2	6281.2	5343.8	28.6	45.7	54.1	506.593	/Users/mary/Desktop/listens_20180309/completed_listens/file5e5728d6fa7b.wav	file5e5728d6fa7b.wav	506.593	4637.3	6467.8	WCSP	
264	Spectrogram 1	1	507.373	507.372944329	507.663979059	0.291	2906.2	4031.2	3375.0	30.4	44.2	56.1	507.373	/Users/mary/Desktop/listens_20180309/completed_listens/file5e5728d6fa7b.wav	file5e5728d6fa7b.wav	507.373	2888.1	4149.2	GCRF	
265	Spectrogram 1	1	512.136	512.136117059	512.415025342	0.279	2812.5	3750.0	3375.0	28.7	41.3	53.2	512.136	/Users/mary/Desktop/listens_20180309/completed_listens/file5e5728d6fa7b.wav	file5e5728d6fa7b.wav	512.136	2725.4	3823.7	GCRF	
266	Spectrogram 1	1	511.396	511.396403787	511.578300494	0.182	4781.2	6281.2	5343.8	27.9	41.6	53.0	511.396	/Users/mary/Desktop/listens_20180309/completed_listens/file5e5728d6fa7b.wav	file5e5728d6fa7b.wav	511.396	4678.0	6386.4	WCSP	
267	Spectrogram 1	1	514.040	514.039969251	514.282498192	0.243	4781.2	6187.5	5437.5	26.7	39.3	52.8	514.040	/Users/mary/Desktop/listens_20180309/completed_listens/file5e5728d6fa7b.wav	file5e5728d6fa7b.wav	514.040	4596.6	6305.1	WCSP	
268	Spectrogram 1	1	515.544	515.543648689	515.774051183	0.230	4312.5	5812.5	5250.0	29.1	45.2	55.5	515.544	/Users/mary/Desktop/listens_20180309/completed_listens/file5e5728d6fa7b.wav	file5e5728d6fa7b.wav	515.544	4149.2	6020.3	WCSP	
269	Spectrogram 1	1	521.918	521.918092114	522.160621056	0.243	4968.8	6093.8	5531.2	26.8	37.6	51.5	521.918	/Users/mary/Desktop/listens_20180309/completed_listens/file5e5728d6fa7b.wav	file5e5728d6fa7b.wav	521.918	4922.0	6183.1	WCSP	
270	Spectrogram 1	1	525.398	525.398382426	525.640911368	0.243	4875.0	5625.0	5250.0	28.5	41.9	51.6	525.398	/Users/mary/Desktop/listens_20180309/completed_listens/file5e5728d6fa7b.wav	file5e5728d6fa7b.wav	525.398	4800.0	5694.9	WCSP	
271	Spectrogram 1	1	532.055	532.055252763	532.261402363	0.206	4781.2	5906.2	5437.5	28.3	42.5	53.0	532.055	/Users/mary/Desktop/listens_20180309/completed_listens/file5e5728d6fa7b.wav	file5e5728d6fa7b.wav	532.055	4637.3	6061.0	WCSP	
272	Spectrogram 1	1	537.051	537.051348960	537.269625007	0.218	4593.8	5812.5	5250.0	26.9	37.1	51.5	537.051	/Users/mary/Desktop/listens_20180309/completed_listens/file5e5728d6fa7b.wav	file5e5728d6fa7b.wav	537.051	4515.3	5816.9	WCSP	
273	Spectrogram 1	1	542.498	542.497502166	542.667272425	0.170	4968.8	5906.2	5437.5	27.7	38.5	50.2	542.498	/Users/mary/Desktop/listens_20180309/completed_listens/file5e5728d6fa7b.wav	file5e5728d6fa7b.wav	542.498	4881.4	5939.0	WCSP	
274	Spectrogram 1	1	543.916	543.916296474	544.122446074	0.206	4781.2	6281.2	5343.8	26.5	39.2	51.8	543.916	/Users/mary/Desktop/listens_20180309/completed_listens/file5e5728d6fa7b.wav	file5e5728d6fa7b.wav	543.916	4637.3	6305.1	WCSP	
275	Spectrogram 1	1	545.893	545.892907348	546.147562737	0.255	4781.2	5906.2	5250.0	27.3	41.1	52.8	545.893	/Users/mary/Desktop/listens_20180309/completed_listens/file5e5728d6fa7b.wav	file5e5728d6fa7b.wav	545.893	4596.6	6020.3	WCSP	
276	Spectrogram 1	1	547.530	547.529977704	547.808885987	0.279	4875.0	6093.8	5437.5	28.2	45.0	54.7	547.530	/Users/mary/Desktop/listens_20180309/completed_listens/file5e5728d6fa7b.wav	file5e5728d6fa7b.wav	547.530	4678.0	6223.7	WCSP	
277	Spectrogram 1	1	552.717	552.716910472	552.971565860	0.255	4687.5	6000.0	5343.8	26.2	38.1	51.8	552.717	/Users/mary/Desktop/listens_20180309/completed_listens/file5e5728d6fa7b.wav	file5e5728d6fa7b.wav	552.717	4596.6	6020.3	WCSP	
278	Spectrogram 1	1	558.598	558.598237305	558.780134011	0.182	4875.0	6093.8	5343.8	28.9	42.1	52.9	558.598	/Users/mary/Desktop/listens_20180309/completed_listens/file5e5728d6fa7b.wav	file5e5728d6fa7b.wav	558.598	4759.3	6101.7	WCSP	
279	Spectrogram 1	1	559.253	559.253065447	559.434962154	0.182	4781.2	5812.5	5250.0	33.8	49.7	58.5	559.253	/Users/mary/Desktop/listens_20180309/completed_listens/file5e5728d6fa7b.wav	file5e5728d6fa7b.wav	559.253	4596.6	6264.4	WCSP	
280	Spectrogram 1	1	561.058	561.058262870	561.228033129	0.170	4687.5	5906.2	5343.8	29.9	45.2	54.3	561.058	/Users/mary/Desktop/listens_20180309/completed_listens/file5e5728d6fa7b.wav	file5e5728d6fa7b.wav	561.058	4515.3	6183.1	WCSP	
281	Spectrogram 1	1	561.762	561.761596800	561.979872848	0.218	4687.5	5906.2	5250.0	31.3	47.9	57.0	561.762	/Users/mary/Desktop/listens_20180309/completed_listens/file5e5728d6fa7b.wav	file5e5728d6fa7b.wav	561.762	4433.9	6142.4	WCSP	
282	Spectrogram 1	1	562.659	562.658953884	562.828724143	0.170	4875.0	5812.5	5250.0	34.2	50.5	58.8	562.659	/Users/mary/Desktop/listens_20180309/completed_listens/file5e5728d6fa7b.wav	file5e5728d6fa7b.wav	562.659	4555.9	6223.7	WCSP	
283	Spectrogram 1	1	564.575	564.574932523	564.744702782	0.170	4968.8	5625.0	5250.0	27.4	39.7	48.5	564.575	/Users/mary/Desktop/listens_20180309/completed_listens/file5e5728d6fa7b.wav	file5e5728d6fa7b.wav	564.575	4922.0	5654.2	WCSP	
284	Spectrogram 1	1	565.630	565.629933418	565.836083019	0.206	4687.5	5718.8	5250.0	28.9	43.5	52.9	565.630	/Users/mary/Desktop/listens_20180309/completed_listens/file5e5728d6fa7b.wav	file5e5728d6fa7b.wav	565.630	4596.6	5857.6	WCSP	
285	Spectrogram 1	1	567.898	567.897579022	568.152234411	0.255	4125.0	6000.0	5250.0	27.6	41.7	55.0	567.898	/Users/mary/Desktop/listens_20180309/completed_listens/file5e5728d6fa7b.wav	file5e5728d6fa7b.wav	567.898	4027.1	6183.1	WCSP	
286	Spectrogram 1	1	568.649	568.649418741	568.843441895	0.194	4031.2	6000.0	5250.0	32.7	51.5	60.0	568.649	/Users/mary/Desktop/listens_20180309/completed_listens/file5e5728d6fa7b.wav	file5e5728d6fa7b.wav	568.649	3661.0	6467.8	WCSP	
287	Spectrogram 1	1	569.935	569.934822132	570.080339497	0.146	5062.5	5812.5	5250.0	32.8	47.6	55.4	569.935	/Users/mary/Desktop/listens_20180309/completed_listens/file5e5728d6fa7b.wav	file5e5728d6fa7b.wav	569.935	4881.4	6101.7	WCSP	
288	Spectrogram 1	1	570.456	570.456259356	570.674535404	0.218	4500.0	5531.2	5250.0	37.8	57.9	65.7	570.456	/Users/mary/Desktop/listens_20180309/completed_listens/file5e5728d6fa7b.wav	file5e5728d6fa7b.wav	570.456	3539.0	6345.8	WCSP	
289	Spectrogram 1	1	571.360	571.359700668	571.638608951	0.279	3375.0	4687.5	4031.2	27.8	40.6	54.3	571.360	/Users/mary/Desktop/listens_20180309/completed_listens/file5e5728d6fa7b.wav	file5e5728d6fa7b.wav	571.360	3254.2	4800.0	GCRF	
290	Spectrogram 1	1	572.027	572.026655258	572.208551964	0.182	4500.0	6000.0	5250.0	30.6	46.0	56.3	572.027	/Users/mary/Desktop/listens_20180309/completed_listens/file5e5728d6fa7b.wav	file5e5728d6fa7b.wav	572.027	4271.2	6223.7	WCSP	
291	Spectrogram 1	1	572.888	572.887633000	573.166541283	0.279	4500.0	6093.8	5250.0	28.8	46.2	56.2	572.888	/Users/mary/Desktop/listens_20180309/completed_listens/file5e5728d6fa7b.wav	file5e5728d6fa7b.wav	572.888	4311.9	6223.7	WCSP	
292	Spectrogram 1	1	573.736	573.736484296	573.930507449	0.194	4500.0	5812.5	5156.2	30.9	46.1	56.5	573.736	/Users/mary/Desktop/listens_20180309/completed_listens/file5e5728d6fa7b.wav	file5e5728d6fa7b.wav	573.736	4230.5	6101.7	WCSP	
293	Spectrogram 1	1	575.580	575.579704252	575.834359640	0.255	4593.8	5906.2	5250.0	29.4	45.2	55.7	575.580	/Users/mary/Desktop/listens_20180309/completed_listens/file5e5728d6fa7b.wav	file5e5728d6fa7b.wav	575.580	4474.6	6183.1	WCSP	
294	Spectrogram 1	1	576.756	576.755969619	576.949992772	0.194	4875.0	6187.5	5343.8	30.1	47.4	55.6	576.756	/Users/mary/Desktop/listens_20180309/completed_listens/file5e5728d6fa7b.wav	file5e5728d6fa7b.wav	576.756	4596.6	6386.4	WCSP	
295	Spectrogram 1	1	577.896	577.895855644	578.114131691	0.218	4406.2	6000.0	5250.0	29.5	45.7	56.1	577.896	/Users/mary/Desktop/listens_20180309/completed_listens/file5e5728d6fa7b.wav	file5e5728d6fa7b.wav	577.896	4189.8	6264.4	WCSP	
296	Spectrogram 1	1	579.109	579.108500352	579.254017717	0.146	4593.8	5718.8	5250.0	32.1	47.9	56.5	579.109	/Users/mary/Desktop/listens_20180309/completed_listens/file5e5728d6fa7b.wav	file5e5728d6fa7b.wav	579.109	4311.9	6142.4	WCSP	
297	Spectrogram 1	1	579.848	579.848213624	580.054363224	0.206	4218.8	5812.5	5250.0	31.1	47.8	57.6	579.848	/Users/mary/Desktop/listens_20180309/completed_listens/file5e5728d6fa7b.wav	file5e5728d6fa7b.wav	579.848	3986.4	6183.1	WCSP	
298	Spectrogram 1	1	580.818	580.818329390	581.000226096	0.182	4031.2	6000.0	5250.0	30.3	48.1	57.0	580.818	/Users/mary/Desktop/listens_20180309/completed_listens/file5e5728d6fa7b.wav	file5e5728d6fa7b.wav	580.818	3661.0	6223.7	WCSP	
299	Spectrogram 1	1	581.761	581.761434153	581.979710200	0.218	4687.5	5906.2	5250.0	28.7	43.0	53.8	581.761	/Users/mary/Desktop/listens_20180309/completed_listens/file5e5728d6fa7b.wav	file5e5728d6fa7b.wav	581.761	4515.3	6061.0	WCSP	
300	Spectrogram 1	1	582.756	582.755802814	582.974078861	0.218	4687.5	6281.2	5343.8	28.5	41.8	54.4	582.756	/Users/mary/Desktop/listens_20180309/completed_listens/file5e5728d6fa7b.wav	file5e5728d6fa7b.wav	582.756	4555.9	6305.1	WCSP	
301	Spectrogram 1	1	583.859	583.859309498	584.016953310	0.158	4500.0	6187.5	5343.8	29.8	44.2	55.3	583.859	/Users/mary/Desktop/listens_20180309/completed_listens/file5e5728d6fa7b.wav	file5e5728d6fa7b.wav	583.859	4189.8	6427.1	WCSP	
302	Spectrogram 1	1	584.829	584.829425264	585.023448417	0.194	4406.2	6187.5	5156.2	31.2	49.1	58.2	584.829	/Users/mary/Desktop/listens_20180309/completed_listens/file5e5728d6fa7b.wav	file5e5728d6fa7b.wav	584.829	4067.8	6671.2	WCSP	
303	Spectrogram 1	1	585.715	585.714655901	586.017817078	0.303	4500.0	6093.8	5250.0	32.8	52.9	61.3	585.715	/Users/mary/Desktop/listens_20180309/completed_listens/file5e5728d6fa7b.wav	file5e5728d6fa7b.wav	585.715	4149.2	6508.5	WCSP	
304	Spectrogram 1	1	586.745	586.745403903	587.000059291	0.255	4218.8	5906.2	5156.2	29.5	46.1	57.0	586.745	/Users/mary/Desktop/listens_20180309/completed_listens/file5e5728d6fa7b.wav	file5e5728d6fa7b.wav	586.745	4027.1	6101.7	WCSP	
305	Spectrogram 1	1	587.582	587.582128751	587.776151904	0.194	4406.2	5812.5	5250.0	32.8	50.2	59.3	587.582	/Users/mary/Desktop/listens_20180309/completed_listens/file5e5728d6fa7b.wav	file5e5728d6fa7b.wav	587.582	3945.8	6264.4	WCSP	
306	Spectrogram 1	1	588.625	588.625003200	588.855405694	0.230	4968.8	5718.8	5250.0	35.4	53.6	61.3	588.625	/Users/mary/Desktop/listens_20180309/completed_listens/file5e5728d6fa7b.wav	file5e5728d6fa7b.wav	588.625	4474.6	6101.7	WCSP	
307	Spectrogram 1	1	589.522	589.522360284	589.752762778	0.230	4406.2	5625.0	5156.2	33.5	51.2	60.3	589.522	/Users/mary/Desktop/listens_20180309/completed_listens/file5e5728d6fa7b.wav	file5e5728d6fa7b.wav	589.522	4108.5	6142.4	WCSP	
308	Spectrogram 1	1	590.444	590.443970262	590.650119862	0.206	4406.2	6000.0	5250.0	32.6	50.6	59.5	590.444	/Users/mary/Desktop/listens_20180309/completed_listens/file5e5728d6fa7b.wav	file5e5728d6fa7b.wav	590.444	3986.4	6386.4	WCSP	
309	Spectrogram 1	1	591.584	591.583856287	591.729373652	0.146	4781.2	5625.0	5250.0	33.2	48.5	56.4	591.584	/Users/mary/Desktop/listens_20180309/completed_listens/file5e5728d6fa7b.wav	file5e5728d6fa7b.wav	591.584	4474.6	5857.6	WCSP	
310	Spectrogram 1	1	593.063	593.062639914	593.280915961	0.218	4218.8	5531.2	5156.2	35.5	55.8	63.2	593.063	/Users/mary/Desktop/listens_20180309/completed_listens/file5e5728d6fa7b.wav	file5e5728d6fa7b.wav	593.063	3457.6	6142.4	WCSP	
311	Spectrogram 1	1	593.839	593.838732527	594.032755680	0.194	4500.0	5625.0	5250.0	36.2	54.4	63.1	593.839	/Users/mary/Desktop/listens_20180309/completed_listens/file5e5728d6fa7b.wav	file5e5728d6fa7b.wav	593.839	3823.7	6223.7	WCSP	
312	Spectrogram 1	1	594.991	594.990745000	595.245400388	0.255	4218.8	6375.0	5531.2	30.9	48.1	59.4	594.991	/Users/mary/Desktop/listens_20180309/completed_listens/file5e5728d6fa7b.wav	file5e5728d6fa7b.wav	594.991	3986.4	6711.9	WCSP	
313	Spectrogram 1	1	596.373	596.373159967	596.567183120	0.194	4593.8	6000.0	5343.8	29.9	45.5	55.4	596.373	/Users/mary/Desktop/listens_20180309/completed_listens/file5e5728d6fa7b.wav	file5e5728d6fa7b.wav	596.373	4352.5	6183.1	WCSP	
