Selection	View	Channel	Begin Clock Time	Begin Time (s)	End Time (s)	Delta Time (s)	Freq 5% (Hz)	Freq 95% (Hz)	Center Freq (Hz)	Avg Power (dB)	Max Power (dB)	Energy (dB)	Begin Date Time	Begin Path	Begin File	File Offset (s)	Low Freq (Hz)	High Freq (Hz)	ID	NOTES
1	Spectrogram 1	1	210.874	210.873572576	213.095374142	2.222	3187.5	5062.5	4031.2	27.8	45.0	64.6	210.874	/Users/mary/Desktop/listens_20180309/file5e57510803fc.wav	file5e57510803fc.wav	210.874	3057.3	5197.5	WCSP	song
2	Spectrogram 1	1	201.649	201.649027592	203.406929331	1.758	3000.0	4593.8	3843.8	27.4	46.8	62.1	201.649	/Users/mary/Desktop/listens_20180309/file5e57510803fc.wav	file5e57510803fc.wav	201.649	2980.9	4662.4	WCSP	song
3	Spectrogram 1	1	249.399	249.399077688	249.647669853	0.249	2156.2	4312.5	3187.5	29.1	40.8	57.1	249.399	/Users/mary/Desktop/listens_20180309/file5e57510803fc.wav	file5e57510803fc.wav	249.399	2038.2	4535.0	PIKA	
4	Spectrogram 1	1	250.083	250.082706142	250.349054891	0.266	2156.2	4500.0	3187.5	29.9	42.6	58.6	250.083	/Users/mary/Desktop/listens_20180309/file5e57510803fc.wav	file5e57510803fc.wav	250.083	2038.2	4687.9	PIKA	
5	Spectrogram 1	1	250.820	250.819604346	251.085953094	0.266	2250.0	4125.0	3187.5	30.3	43.7	57.9	250.820	/Users/mary/Desktop/listens_20180309/file5e57510803fc.wav	file5e57510803fc.wav	250.820	2114.6	4305.7	PIKA	
6	Spectrogram 1	1	251.601	251.600894008	251.840607881	0.240	2250.0	4125.0	3093.8	29.7	40.4	56.8	251.601	/Users/mary/Desktop/listens_20180309/file5e57510803fc.wav	file5e57510803fc.wav	251.601	2140.1	4280.3	PIKA	
7	Spectrogram 1	1	252.498	252.497601461	252.719558751	0.222	2625.0	4218.8	3468.8	28.3	40.0	54.2	252.498	/Users/mary/Desktop/listens_20180309/file5e57510803fc.wav	file5e57510803fc.wav	252.498	2624.2	4382.2	PIKA	
8	Spectrogram 1	1	270.421	270.421335147	270.678805604	0.257	3843.8	4968.8	4312.5	29.1	43.7	54.7	270.421	/Users/mary/Desktop/listens_20180309/file5e57510803fc.wav	file5e57510803fc.wav	270.421	3719.7	5121.0	UNK1	
9	Spectrogram 1	1	273.280	273.280145046	273.724059627	0.444	3656.2	4875.0	4312.5	27.4	40.7	55.3	273.280	/Users/mary/Desktop/listens_20180309/file5e57510803fc.wav	file5e57510803fc.wav	273.280	3566.9	5044.6	UNK1	
10	Spectrogram 1	1	267.669	267.669064748	268.299423452	0.630	3281.2	4500.0	3843.8	29.3	42.9	58.8	267.669	/Users/mary/Desktop/listens_20180309/file5e57510803fc.wav	file5e57510803fc.wav	267.669	3108.3	4586.0	UNK1	
11	Spectrogram 1	1	278.163	278.163170133	279.796775790	1.634	3562.5	4687.5	4218.8	27.7	50.4	61.0	278.163	/Users/mary/Desktop/listens_20180309/file5e57510803fc.wav	file5e57510803fc.wav	278.163	3414.0	4687.9	WCSP	song
12	Spectrogram 1	1	289.412	289.411629735	291.071870267	1.660	3093.8	4781.2	4125.0	28.5	50.9	63.4	289.412	/Users/mary/Desktop/listens_20180309/file5e57510803fc.wav	file5e57510803fc.wav	289.412	2980.9	4840.8	WCSP	song
13	Spectrogram 1	1	315.749	315.748652388	316.290228176	0.542	4031.2	4687.5	4312.5	28.7	40.9	54.8	315.749	/Users/mary/Desktop/listens_20180309/file5e57510803fc.wav	file5e57510803fc.wav	315.749	4025.5	4687.9	WCSP	song first note
14	Spectrogram 1	1	314.710	314.709892270	315.349129266	0.639	2343.8	3843.8	3093.8	27.9	40.7	58.2	314.710	/Users/mary/Desktop/listens_20180309/file5e57510803fc.wav	file5e57510803fc.wav	314.710	2293.0	4000.0	PIKA	
15	Spectrogram 1	1	316.406	316.405645967	317.426649503	1.021	2625.0	4031.2	3375.0	28.3	41.0	60.4	316.406	/Users/mary/Desktop/listens_20180309/file5e57510803fc.wav	file5e57510803fc.wav	316.406	2624.2	4203.8	PIKA	
16	Spectrogram 1	1	324.122	324.122176473	330.026240394	5.904	3562.5	4218.8	3937.5	31.4	48.2	68.8	324.122	/Users/mary/Desktop/listens_20180309/file5e57510803fc.wav	file5e57510803fc.wav	324.122	3414.0	4382.2	AMPI	
17	Spectrogram 1	1	321.547	321.547471905	322.479692524	0.932	3468.8	4312.5	3937.5	29.0	43.9	58.8	321.547	/Users/mary/Desktop/listens_20180309/file5e57510803fc.wav	file5e57510803fc.wav	321.547	3439.5	4407.6	AMPI	
18	Spectrogram 1	1	364.146	364.145986168	364.501117833	0.355	2531.2	3750.0	3187.5	28.4	40.5	55.3	364.146	/Users/mary/Desktop/listens_20180309/file5e57510803fc.wav	file5e57510803fc.wav	364.146	2471.3	3847.1	PIKA	
19	Spectrogram 1	1	367.671	367.670667938	368.061312769	0.391	2062.5	4312.5	3281.2	29.3	44.2	59.2	367.671	/Users/mary/Desktop/listens_20180309/file5e57510803fc.wav	file5e57510803fc.wav	367.671	2012.7	4509.6	PIKA	
20	Spectrogram 1	1	372.129	372.129351907	386.480631773	14.351	2062.5	3843.8	2906.2	28.4	47.8	72.9	372.129	/Users/mary/Desktop/listens_20180309/file5e57510803fc.wav	file5e57510803fc.wav	372.129	2012.7	4000.0	PIKA	
21	Spectrogram 1	1	388.392	388.392274476	389.158178301	0.766	2156.2	4031.2	3093.8	29.2	47.3	61.4	388.392	/Users/mary/Desktop/listens_20180309/file5e57510803fc.wav	file5e57510803fc.wav	388.392	2012.7	4152.9	PIKA	
22	Spectrogram 1	1	446.197	446.197011608	449.524298716	3.327	5531.2	7781.2	6468.8	28.7	48.5	68.2	446.197	/Users/mary/Desktop/listens_20180309/file5e57510803fc.wav	file5e57510803fc.wav	446.197	5299.4	8025.5	WCSP	*agitated or AMPI
23	Spectrogram 1	1	452.004	452.004470056	453.373052300	1.369	6000.0	7218.8	6562.5	26.9	43.2	59.5	452.004	/Users/mary/Desktop/listens_20180309/file5e57510803fc.wav	file5e57510803fc.wav	452.004	5936.3	7235.7	WCSP	*agitated or AMPI
24	Spectrogram 1	1	480.145	480.144661609	482.768823894	2.624	3562.5	4406.2	3937.5	29.2	47.0	63.9	480.145	/Users/mary/Desktop/listens_20180309/file5e57510803fc.wav	file5e57510803fc.wav	480.145	3465.0	4560.5	AMPI	
25	Spectrogram 1	1	486.686	486.686233621	489.184837903	2.499	3656.2	5250.0	4125.0	29.2	47.8	66.4	486.686	/Users/mary/Desktop/listens_20180309/file5e57510803fc.wav	file5e57510803fc.wav	486.686	3439.5	5452.2	AMPI	
26	Spectrogram 1	1	490.774	490.773999495	493.498608184	2.725	3750.0	6843.8	5156.2	27.3	48.2	67.0	490.774	/Users/mary/Desktop/listens_20180309/file5e57510803fc.wav	file5e57510803fc.wav	490.774	3592.4	7031.8	AMPI	*
27	Spectrogram 1	1	505.865	505.864506289	506.555075311	0.691	5812.5	7218.8	6562.5	26.9	39.4	57.1	505.865	/Users/mary/Desktop/listens_20180309/file5e57510803fc.wav	file5e57510803fc.wav	505.865	5808.9	7286.6	AMPI	*chatter
28	Spectrogram 1	1	507.999	507.998992358	508.438445373	0.439	3562.5	4687.5	4125.0	28.8	43.9	56.2	507.999	/Users/mary/Desktop/listens_20180309/file5e57510803fc.wav	file5e57510803fc.wav	507.999	3515.9	4713.4	UNK1	
29	Spectrogram 1	1	510.326	510.326105314	511.795133961	1.469	3750.0	5156.2	4406.2	26.6	39.0	60.3	510.326	/Users/mary/Desktop/listens_20180309/file5e57510803fc.wav	file5e57510803fc.wav	510.326	3719.7	5324.8	UNK1	
30	Spectrogram 1	1	514.650	514.649542866	515.880011306	1.230	4781.2	6281.2	5437.5	28.4	42.3	61.8	514.650	/Users/mary/Desktop/listens_20180309/file5e57510803fc.wav	file5e57510803fc.wav	514.650	4611.5	6394.9	ROWR	*
31	Spectrogram 1	1	523.912	523.911604845	525.079294283	1.168	4687.5	6281.2	5250.0	31.3	53.0	65.4	523.912	/Users/mary/Desktop/listens_20180309/file5e57510803fc.wav	file5e57510803fc.wav	523.912	4433.1	6649.7	ROWR	*
32	Spectrogram 1	1	561.066	561.066305072	561.304865280	0.239	5250.0	6468.8	5906.2	27.2	39.9	52.5	561.066	/Users/mary/Desktop/listens_20180309/file5e57510803fc.wav	file5e57510803fc.wav	561.066	5197.5	6598.7	WCSP	
33	Spectrogram 1	1	564.946	564.946047398	565.209719207	0.264	4968.8	6281.2	5625.0	27.9	41.3	54.1	564.946	/Users/mary/Desktop/listens_20180309/file5e57510803fc.wav	file5e57510803fc.wav	564.946	4866.2	6394.9	WCSP	
34	Spectrogram 1	1	565.737	565.737062824	565.950511431	0.213	5343.8	6187.5	5718.8	26.9	39.5	50.7	565.737	/Users/mary/Desktop/listens_20180309/file5e57510803fc.wav	file5e57510803fc.wav	565.737	5197.5	6369.4	WCSP	
35	Spectrogram 1	1	567.382	567.381872677	567.545098083	0.163	5250.0	6187.5	5718.8	27.1	38.3	49.2	567.382	/Users/mary/Desktop/listens_20180309/file5e57510803fc.wav	file5e57510803fc.wav	567.382	5197.5	6216.6	WCSP	
36	Spectrogram 1	1	569.391	569.390800743	569.604249350	0.213	5062.5	6281.2	5437.5	27.9	42.0	52.9	569.391	/Users/mary/Desktop/listens_20180309/file5e57510803fc.wav	file5e57510803fc.wav	569.391	4917.2	6445.9	WCSP	
37	Spectrogram 1	1	579.030	579.030371766	579.294043574	0.264	4968.8	6375.0	5718.8	26.6	40.4	53.1	579.030	/Users/mary/Desktop/listens_20180309/file5e57510803fc.wav	file5e57510803fc.wav	579.030	4789.8	6496.8	WCSP	
38	Spectrogram 1	1	584.141	584.140582532	584.341475338	0.201	4968.8	6281.2	6000.0	29.7	46.7	54.7	584.141	/Users/mary/Desktop/listens_20180309/file5e57510803fc.wav	file5e57510803fc.wav	584.141	4866.2	6394.9	WCSP	
39	Spectrogram 1	1	587.292	587.292088434	587.467869640	0.176	5062.5	6093.8	5343.8	33.2	50.8	57.7	587.292	/Users/mary/Desktop/listens_20180309/file5e57510803fc.wav	file5e57510803fc.wav	587.292	4815.3	6445.9	WCSP	
40	Spectrogram 1	1	590.323	590.323374792	590.524267599	0.201	4875.0	6093.8	5343.8	27.1	40.0	51.4	590.323	/Users/mary/Desktop/listens_20180309/file5e57510803fc.wav	file5e57510803fc.wav	590.323	4866.2	6165.6	WCSP	
41	Spectrogram 1	1	593.613	593.612994499	593.826443106	0.213	5062.5	6187.5	5531.2	27.8	41.5	52.5	593.613	/Users/mary/Desktop/listens_20180309/file5e57510803fc.wav	file5e57510803fc.wav	593.613	4891.7	6293.0	WCSP	
42	Spectrogram 1	1	596.526	596.525940194	596.726833000	0.201	5062.5	6187.5	5625.0	28.4	41.3	52.7	596.526	/Users/mary/Desktop/listens_20180309/file5e57510803fc.wav	file5e57510803fc.wav	596.526	4993.6	6343.9	WCSP	
43	Spectrogram 1	1	599.502	599.501664891	599.664890296	0.163	5062.5	6093.8	5343.8	31.0	46.0	54.6	599.502	/Users/mary/Desktop/listens_20180309/file5e57510803fc.wav	file5e57510803fc.wav	599.502	4942.7	6293.0	WCSP	
46	Spectrogram 1	1	0.000	0.000000000	0.208763206	0.209	4406.2	5531.2	4781.2	34.0	52.2	59.9	0.000	/Users/mary/Desktop/listens_20180309/file5e57510803fc.wav	file5e57510803fc.wav	0.000	4149.3	6035.4	WCSP	
47	Spectrogram 1	1	1.301	1.300793074	1.576020114	0.275	4406.2	6000.0	5250.0	30.6	46.9	58.4	1.301	/Users/mary/Desktop/listens_20180309/file5e57510803fc.wav	file5e57510803fc.wav	1.301	4149.3	6341.8	WCSP	
48	Spectrogram 1	1	2.446	2.446092692	2.898885565	0.453	4500.0	6281.2	5250.0	29.2	48.0	59.3	2.446	/Users/mary/Desktop/listens_20180309/file5e57510803fc.wav	file5e57510803fc.wav	2.446	4220.0	6506.9	WCSP	
49	Spectrogram 1	1	3.716	3.715688393	3.902132517	0.186	4312.5	5531.2	4781.2	34.6	52.8	61.0	3.716	/Users/mary/Desktop/listens_20180309/file5e57510803fc.wav	file5e57510803fc.wav	3.716	3842.8	6129.7	WCSP	
50	Spectrogram 1	1	4.897	4.896501177	5.047432135	0.151	4406.2	5437.5	4781.2	34.2	52.7	59.4	4.897	/Users/mary/Desktop/listens_20180309/file5e57510803fc.wav	file5e57510803fc.wav	4.897	3890.0	6106.1	WCSP	
51	Spectrogram 1	1	5.243	5.242754550	5.393685507	0.151	4781.2	6093.8	5250.0	29.7	43.4	53.5	5.243	/Users/mary/Desktop/listens_20180309/file5e57510803fc.wav	file5e57510803fc.wav	5.243	4644.4	6200.4	WCSP	
52	Spectrogram 1	1	5.678	5.677790839	5.846478380	0.169	4500.0	5531.2	4781.2	33.2	49.3	57.5	5.678	/Users/mary/Desktop/listens_20180309/file5e57510803fc.wav	file5e57510803fc.wav	5.678	4290.8	5870.3	WCSP	
53	Spectrogram 1	1	6.397	6.396932460	6.556741709	0.160	4968.8	6000.0	5343.8	30.4	45.6	53.9	6.397	/Users/mary/Desktop/listens_20180309/file5e57510803fc.wav	file5e57510803fc.wav	6.397	4785.9	6271.1	WCSP	
54	Spectrogram 1	1	7.338	7.338031370	8.376791489	1.039	4312.5	6093.8	5156.2	28.2	47.5	61.5	7.338	/Users/mary/Desktop/listens_20180309/file5e57510803fc.wav	file5e57510803fc.wav	7.338	4125.7	6271.1	WCSP	
55	Spectrogram 1	1	8.874	8.873975819	9.282377233	0.408	4218.8	5625.0	4875.0	28.6	45.1	57.0	8.874	/Users/mary/Desktop/listens_20180309/file5e57510803fc.wav	file5e57510803fc.wav	8.874	4055.0	5776.0	WCSP	
56	Spectrogram 1	1	9.913	9.912735938	10.054788604	0.142	4500.0	5531.2	4875.0	32.1	46.4	55.7	9.913	/Users/mary/Desktop/listens_20180309/file5e57510803fc.wav	file5e57510803fc.wav	9.913	4267.2	5823.2	WCSP	
57	Spectrogram 1	1	10.401	10.401041976	10.560851225	0.160	4500.0	5437.5	4781.2	33.4	48.2	57.2	10.401	/Users/mary/Desktop/listens_20180309/file5e57510803fc.wav	file5e57510803fc.wav	10.401	4290.8	5728.9	WCSP	
58	Spectrogram 1	1	10.951	10.951496056	11.226723096	0.275	4781.2	6187.5	5250.0	28.0	43.3	54.7	10.951	/Users/mary/Desktop/listens_20180309/file5e57510803fc.wav	file5e57510803fc.wav	10.951	4620.8	6318.3	WCSP	
59	Spectrogram 1	1	11.413	11.413167220	11.741664010	0.328	4500.0	6187.5	5062.5	29.5	47.7	58.1	11.413	/Users/mary/Desktop/listens_20180309/file5e57510803fc.wav	file5e57510803fc.wav	11.413	4220.0	6389.0	WCSP	
60	Spectrogram 1	1	12.612	12.611736588	12.780424128	0.169	4593.8	5906.2	5062.5	32.6	48.7	57.5	12.612	/Users/mary/Desktop/listens_20180309/file5e57510803fc.wav	file5e57510803fc.wav	12.612	4408.6	6271.1	WCSP	
61	Spectrogram 1	1	13.429	13.428539416	13.588348665	0.160	4593.8	5531.2	4968.8	32.5	46.6	56.0	13.429	/Users/mary/Desktop/listens_20180309/file5e57510803fc.wav	file5e57510803fc.wav	13.429	4455.8	5893.9	WCSP	
62	Spectrogram 1	1	14.041	14.041141537	14.192072495	0.151	4406.2	5437.5	4968.8	32.6	48.5	56.0	14.041	/Users/mary/Desktop/listens_20180309/file5e57510803fc.wav	file5e57510803fc.wav	14.041	4243.6	5705.3	WCSP	
63	Spectrogram 1	1	14.707	14.707013408	14.884579240	0.178	4406.2	5437.5	4875.0	33.8	49.1	58.5	14.707	/Users/mary/Desktop/listens_20180309/file5e57510803fc.wav	file5e57510803fc.wav	14.707	4196.5	5870.3	WCSP	
64	Spectrogram 1	1	15.458	15.457697422	15.599750088	0.142	4406.2	5343.8	4875.0	34.9	51.8	59.5	15.458	/Users/mary/Desktop/listens_20180309/file5e57510803fc.wav	file5e57510803fc.wav	15.458	3842.8	5870.3	WCSP	
65	Spectrogram 1	1	15.760	15.759559337	15.874977127	0.115	5343.8	6187.5	5718.8	28.1	39.2	49.0	15.760	/Users/mary/Desktop/listens_20180309/file5e57510803fc.wav	file5e57510803fc.wav	15.760	5328.1	6294.7	WCSP	
66	Spectrogram 1	1	16.186	16.185717334	16.327770000	0.142	4593.8	5906.2	5250.0	28.3	41.2	51.4	16.186	/Users/mary/Desktop/listens_20180309/file5e57510803fc.wav	file5e57510803fc.wav	16.186	4550.1	5917.5	WCSP	
67	Spectrogram 1	1	16.665	16.665145081	16.824954330	0.160	4500.0	5531.2	4875.0	32.3	47.9	56.1	16.665	/Users/mary/Desktop/listens_20180309/file5e57510803fc.wav	file5e57510803fc.wav	16.665	4337.9	5823.2	WCSP	
68	Spectrogram 1	1	17.757	17.757174949	17.943619073	0.186	4312.5	5625.0	4968.8	30.5	46.8	55.7	17.757	/Users/mary/Desktop/listens_20180309/file5e57510803fc.wav	file5e57510803fc.wav	17.757	4102.2	5893.9	WCSP	
69	Spectrogram 1	1	18.512	18.511829736	18.920231150	0.408	4218.8	6000.0	5343.8	28.6	45.7	58.0	18.512	/Users/mary/Desktop/listens_20180309/file5e57510803fc.wav	file5e57510803fc.wav	18.512	4031.4	6200.4	WCSP	
70	Spectrogram 1	1	19.826	19.825816895	20.021139310	0.195	4218.8	5437.5	4875.0	31.3	47.3	56.1	19.826	/Users/mary/Desktop/listens_20180309/file5e57510803fc.wav	file5e57510803fc.wav	19.826	4031.4	5658.2	WCSP	
71	Spectrogram 1	1	20.501	20.500567057	20.633741431	0.133	4406.2	5343.8	4781.2	35.0	50.9	58.3	20.501	/Users/mary/Desktop/listens_20180309/file5e57510803fc.wav	file5e57510803fc.wav	20.501	4196.5	5752.5	WCSP	
72	Spectrogram 1	1	21.779	21.779041049	21.965485173	0.186	4500.0	5437.5	4875.0	34.1	51.9	58.8	21.779	/Users/mary/Desktop/listens_20180309/file5e57510803fc.wav	file5e57510803fc.wav	21.779	4220.0	5893.9	WCSP	
73	Spectrogram 1	1	22.836	22.835557751	23.013123583	0.178	4406.2	5531.2	4781.2	32.7	48.9	57.7	22.836	/Users/mary/Desktop/listens_20180309/file5e57510803fc.wav	file5e57510803fc.wav	22.836	4055.0	5823.2	WCSP	
74	Spectrogram 1	1	24.354	24.353745617	24.469163408	0.115	4593.8	5437.5	4875.0	34.3	49.1	56.5	24.354	/Users/mary/Desktop/listens_20180309/file5e57510803fc.wav	file5e57510803fc.wav	24.354	4267.2	5799.6	WCSP	
75	Spectrogram 1	1	25.410	25.410262318	25.658854484	0.249	4500.0	6000.0	5062.5	29.8	47.7	56.7	25.410	/Users/mary/Desktop/listens_20180309/file5e57510803fc.wav	file5e57510803fc.wav	25.410	4290.8	6200.4	WCSP	
76	Spectrogram 1	1	26.529	26.528927062	26.679858019	0.151	4781.2	6093.8	4968.8	32.1	48.1	56.6	26.529	/Users/mary/Desktop/listens_20180309/file5e57510803fc.wav	file5e57510803fc.wav	26.529	4526.5	6389.0	WCSP	
77	Spectrogram 1	1	27.426	27.425634514	27.647591805	0.222	4406.2	5531.2	4875.0	33.2	51.7	59.8	27.426	/Users/mary/Desktop/listens_20180309/file5e57510803fc.wav	file5e57510803fc.wav	27.426	3984.3	6035.4	WCSP	
78	Spectrogram 1	1	28.038	28.038236636	28.206924176	0.169	4406.2	5343.8	4781.2	35.5	53.2	60.6	28.038	/Users/mary/Desktop/listens_20180309/file5e57510803fc.wav	file5e57510803fc.wav	28.038	4031.4	6011.8	WCSP	
79	Spectrogram 1	1	30.268	30.267673689	30.427482938	0.160	4593.8	5812.5	4875.0	31.6	48.2	55.9	30.268	/Users/mary/Desktop/listens_20180309/file5e57510803fc.wav	file5e57510803fc.wav	30.268	4337.9	6035.4	WCSP	
80	Spectrogram 1	1	31.528	31.528391098	31.741470097	0.213	4406.2	6187.5	4968.8	30.2	46.7	57.0	31.528	/Users/mary/Desktop/listens_20180309/file5e57510803fc.wav	file5e57510803fc.wav	31.528	4172.9	6436.1	WCSP	
81	Spectrogram 1	1	32.452	32.451733426	32.682569007	0.231	4593.8	6093.8	4968.8	31.3	48.8	57.9	32.452	/Users/mary/Desktop/listens_20180309/file5e57510803fc.wav	file5e57510803fc.wav	32.452	4314.3	6294.7	WCSP	
82	Spectrogram 1	1	33.961	33.961043000	34.111973957	0.151	4687.5	5625.0	4875.0	34.1	50.3	57.6	33.961	/Users/mary/Desktop/listens_20180309/file5e57510803fc.wav	file5e57510803fc.wav	33.961	4408.6	5988.2	WCSP	
83	Spectrogram 1	1	34.325	34.325052956	34.547010246	0.222	4687.5	5906.2	5343.8	27.1	40.0	52.1	34.325	/Users/mary/Desktop/listens_20180309/file5e57510803fc.wav	file5e57510803fc.wav	34.325	4573.7	5988.2	WCSP	
84	Spectrogram 1	1	34.725	34.724576078	34.919898494	0.195	4500.0	5906.2	4968.8	30.4	45.9	56.1	34.725	/Users/mary/Desktop/listens_20180309/file5e57510803fc.wav	file5e57510803fc.wav	34.725	4267.2	6153.2	WCSP	
85	Spectrogram 1	1	35.453	35.452595990	35.656796697	0.204	4593.8	5531.2	4781.2	31.1	46.3	55.3	35.453	/Users/mary/Desktop/listens_20180309/file5e57510803fc.wav	file5e57510803fc.wav	35.453	4455.8	5799.6	WCSP	
86	Spectrogram 1	1	36.145	36.145102736	36.304911985	0.160	4500.0	5343.8	4875.0	34.0	50.0	57.5	36.145	/Users/mary/Desktop/listens_20180309/file5e57510803fc.wav	file5e57510803fc.wav	36.145	4220.0	5634.6	WCSP	
87	Spectrogram 1	1	36.704	36.704435108	36.944148981	0.240	4500.0	5437.5	4875.0	32.0	51.2	57.6	36.704	/Users/mary/Desktop/listens_20180309/file5e57510803fc.wav	file5e57510803fc.wav	36.704	4220.0	5799.6	WCSP	
88	Spectrogram 1	1	37.370	37.370306978	37.592264269	0.222	4312.5	5812.5	4875.0	32.1	50.8	58.6	37.370	/Users/mary/Desktop/listens_20180309/file5e57510803fc.wav	file5e57510803fc.wav	37.370	4055.0	6058.9	WCSP	
89	Spectrogram 1	1	38.507	38.506728305	38.639902679	0.133	4687.5	5343.8	4781.2	36.2	50.9	58.4	38.507	/Users/mary/Desktop/listens_20180309/file5e57510803fc.wav	file5e57510803fc.wav	38.507	4361.5	5705.3	WCSP	
90	Spectrogram 1	1	38.755	38.755320470	38.870738261	0.115	4875.0	5718.8	5250.0	29.3	40.4	49.7	38.755	/Users/mary/Desktop/listens_20180309/file5e57510803fc.wav	file5e57510803fc.wav	38.755	4856.6	5776.0	WCSP	
91	Spectrogram 1	1	39.190	39.190356759	39.350166008	0.160	4500.0	5437.5	4875.0	33.3	49.8	57.6	39.190	/Users/mary/Desktop/listens_20180309/file5e57510803fc.wav	file5e57510803fc.wav	39.190	4172.9	5823.2	WCSP	
92	Spectrogram 1	1	39.954	39.953889837	40.166968836	0.213	4500.0	5437.5	4875.0	33.4	51.8	59.0	39.954	/Users/mary/Desktop/listens_20180309/file5e57510803fc.wav	file5e57510803fc.wav	39.954	4172.9	5846.8	WCSP	
93	Spectrogram 1	1	40.678	40.677607573	40.819660239	0.142	4593.8	5437.5	4781.2	34.2	49.0	56.8	40.678	/Users/mary/Desktop/listens_20180309/file5e57510803fc.wav	file5e57510803fc.wav	40.678	4432.2	5728.9	WCSP	
94	Spectrogram 1	1	41.033	41.032739237	41.210305070	0.178	5062.5	6281.2	5625.0	27.8	40.0	51.7	41.033	/Users/mary/Desktop/listens_20180309/file5e57510803fc.wav	file5e57510803fc.wav	41.033	5021.6	6436.1	WCSP	
95	Spectrogram 1	1	41.770	41.769637441	41.973838148	0.204	4312.5	5625.0	4781.2	32.5	50.0	58.9	41.770	/Users/mary/Desktop/listens_20180309/file5e57510803fc.wav	file5e57510803fc.wav	41.770	3937.1	5964.6	WCSP	
96	Spectrogram 1	1	42.267	42.266821771	42.453265895	0.186	5156.2	6187.5	5625.0	29.0	41.0	52.1	42.267	/Users/mary/Desktop/listens_20180309/file5e57510803fc.wav	file5e57510803fc.wav	42.267	5115.9	6247.5	WCSP	
97	Spectrogram 1	1	43.572	43.571930638	43.935940594	0.364	4781.2	6187.5	4968.8	31.5	52.0	60.2	43.572	/Users/mary/Desktop/listens_20180309/file5e57510803fc.wav	file5e57510803fc.wav	43.572	4455.8	6483.3	WCSP	
98	Spectrogram 1	1	44.158	44.157897885	44.326585425	0.169	5156.2	6375.0	5531.2	29.6	44.0	54.2	44.158	/Users/mary/Desktop/listens_20180309/file5e57510803fc.wav	file5e57510803fc.wav	44.158	4950.9	6601.2	WCSP	
99	Spectrogram 1	1	44.966	44.965822421	45.622816001	0.657	4781.2	6468.8	5437.5	28.9	46.3	60.2	44.966	/Users/mary/Desktop/listens_20180309/file5e57510803fc.wav	file5e57510803fc.wav	44.966	4691.6	6813.4	WCSP	
100	Spectrogram 1	1	46.200	46.199904955	46.368592496	0.169	5062.5	6468.8	5812.5	28.6	41.0	53.2	46.200	/Users/mary/Desktop/listens_20180309/file5e57510803fc.wav	file5e57510803fc.wav	46.200	4903.7	6648.3	WCSP	
101	Spectrogram 1	1	46.626	46.626062953	46.768115619	0.142	4593.8	5437.5	4875.0	34.0	49.9	57.6	46.626	/Users/mary/Desktop/listens_20180309/file5e57510803fc.wav	file5e57510803fc.wav	46.626	4290.8	5870.3	WCSP	
102	Spectrogram 1	1	46.937	46.936803159	47.096612408	0.160	4781.2	6093.8	5343.8	29.8	45.2	54.3	46.937	/Users/mary/Desktop/listens_20180309/file5e57510803fc.wav	file5e57510803fc.wav	46.937	4573.7	6365.4	WCSP	
103	Spectrogram 1	1	47.523	47.522770406	47.691457946	0.169	5062.5	6187.5	5437.5	28.9	42.0	52.7	47.523	/Users/mary/Desktop/listens_20180309/file5e57510803fc.wav	file5e57510803fc.wav	47.523	4927.3	6365.4	WCSP	
104	Spectrogram 1	1	47.762	47.762484279	48.073224485	0.311	4500.0	6093.8	4875.0	30.5	51.1	58.5	47.762	/Users/mary/Desktop/listens_20180309/file5e57510803fc.wav	file5e57510803fc.wav	47.762	4337.9	6436.1	WCSP	
105	Spectrogram 1	1	48.526	48.526017358	48.730218065	0.204	5062.5	6281.2	5625.0	28.0	40.6	52.8	48.526	/Users/mary/Desktop/listens_20180309/file5e57510803fc.wav	file5e57510803fc.wav	48.526	4903.7	6436.1	WCSP	
106	Spectrogram 1	1	49.440	49.440481394	50.488119804	1.048	4875.0	6187.5	5250.0	30.1	51.5	62.8	49.440	/Users/mary/Desktop/listens_20180309/file5e57510803fc.wav	file5e57510803fc.wav	49.440	4644.4	6459.7	WCSP	
107	Spectrogram 1	1	51.118	51.118478508	51.340435799	0.222	4875.0	6187.5	5343.8	31.9	48.0	58.1	51.118	/Users/mary/Desktop/listens_20180309/file5e57510803fc.wav	file5e57510803fc.wav	51.118	4573.7	6389.0	WCSP	
108	Spectrogram 1	1	51.935	51.935281337	52.254899835	0.320	4781.2	6187.5	5250.0	31.1	47.6	58.9	51.935	/Users/mary/Desktop/listens_20180309/file5e57510803fc.wav	file5e57510803fc.wav	51.935	4502.9	6412.6	WCSP	
109	Spectrogram 1	1	52.601	52.601153207	52.725449290	0.124	4875.0	6093.8	5531.2	28.4	39.8	51.3	52.601	/Users/mary/Desktop/listens_20180309/file5e57510803fc.wav	file5e57510803fc.wav	52.601	4762.3	6224.0	WCSP	
110	Spectrogram 1	1	52.868	52.867501956	53.009554622	0.142	4875.0	5718.8	5062.5	33.3	48.7	56.1	52.868	/Users/mary/Desktop/listens_20180309/file5e57510803fc.wav	file5e57510803fc.wav	52.868	4691.6	6082.5	WCSP	
111	Spectrogram 1	1	53.447	53.447429374	53.678264956	0.231	4406.2	5437.5	4968.8	29.1	42.4	53.9	53.447	/Users/mary/Desktop/listens_20180309/file5e57510803fc.wav	file5e57510803fc.wav	53.447	4290.8	5611.0	WCSP	
112	Spectrogram 1	1	54.362	54.361856671	54.645962003	0.284	4687.5	6093.8	5343.8	31.2	49.3	58.7	54.362	/Users/mary/Desktop/listens_20180309/file5e57510803fc.wav	file5e57510803fc.wav	54.362	4385.1	6318.3	WCSP	
113	Spectrogram 1	1	55.054	55.054363417	55.160902916	0.107	4968.8	6093.8	5343.8	31.4	44.0	53.4	55.054	/Users/mary/Desktop/listens_20180309/file5e57510803fc.wav	file5e57510803fc.wav	55.054	4738.7	6224.0	WCSP	
114	Spectrogram 1	1	55.356	55.356225332	55.516034581	0.160	4687.5	5906.2	4968.8	32.1	47.4	56.1	55.356	/Users/mary/Desktop/listens_20180309/file5e57510803fc.wav	file5e57510803fc.wav	55.356	4432.2	6082.5	WCSP	
115	Spectrogram 1	1	56.066	56.066488661	56.252932785	0.186	4593.8	6000.0	4968.8	31.3	47.0	56.9	56.066	/Users/mary/Desktop/listens_20180309/file5e57510803fc.wav	file5e57510803fc.wav	56.066	4361.5	6318.3	WCSP	
116	Spectrogram 1	1	56.422	56.421620325	56.563672991	0.142	4968.8	6187.5	5531.2	29.3	42.0	52.8	56.422	/Users/mary/Desktop/listens_20180309/file5e57510803fc.wav	file5e57510803fc.wav	56.422	4833.0	6412.6	WCSP	
117	Spectrogram 1	1	56.741	56.741238823	56.856656614	0.115	5437.5	6093.8	5625.0	29.3	40.5	49.2	56.741	/Users/mary/Desktop/listens_20180309/file5e57510803fc.wav	file5e57510803fc.wav	56.741	5280.9	6129.7	WCSP	
118	Spectrogram 1	1	57.079	57.078613904	57.318327778	0.240	4687.5	6000.0	4968.8	30.9	47.7	57.2	57.079	/Users/mary/Desktop/listens_20180309/file5e57510803fc.wav	file5e57510803fc.wav	57.079	4432.2	6224.0	WCSP	
119	Spectrogram 1	1	57.496	57.495893610	57.620189693	0.124	4875.0	6093.8	5437.5	29.7	41.5	52.3	57.496	/Users/mary/Desktop/listens_20180309/file5e57510803fc.wav	file5e57510803fc.wav	57.496	4715.1	6271.1	WCSP	
120	Spectrogram 1	1	57.807	57.806633817	57.948686482	0.142	4687.5	6093.8	5250.0	28.6	41.6	52.5	57.807	/Users/mary/Desktop/listens_20180309/file5e57510803fc.wav	file5e57510803fc.wav	57.807	4573.7	6247.5	WCSP	
121	Spectrogram 1	1	58.473	58.472505687	58.658949811	0.186	4593.8	5906.2	5062.5	32.4	47.8	57.9	58.473	/Users/mary/Desktop/listens_20180309/file5e57510803fc.wav	file5e57510803fc.wav	58.473	4337.9	6200.4	WCSP	
122	Spectrogram 1	1	59.955	59.955180387	60.363581801	0.408	4593.8	6093.8	5250.0	30.0	46.5	58.8	59.955	/Users/mary/Desktop/listens_20180309/file5e57510803fc.wav	file5e57510803fc.wav	59.955	4408.6	6318.3	WCSP	
123	Spectrogram 1	1	60.594	60.594417383	61.118236588	0.524	4687.5	6281.2	5250.0	30.4	47.4	60.7	60.594	/Users/mary/Desktop/listens_20180309/file5e57510803fc.wav	file5e57510803fc.wav	60.594	4455.8	6506.9	WCSP	
124	Spectrogram 1	1	61.695	61.695325542	62.156996706	0.462	4593.8	6187.5	5250.0	30.8	48.9	60.8	61.695	/Users/mary/Desktop/listens_20180309/file5e57510803fc.wav	file5e57510803fc.wav	61.695	4385.1	6530.5	WCSP	
125	Spectrogram 1	1	62.619	62.618667870	63.133608784	0.515	4687.5	6093.8	5156.2	30.4	48.5	60.4	62.619	/Users/mary/Desktop/listens_20180309/file5e57510803fc.wav	file5e57510803fc.wav	62.619	4408.6	6389.0	WCSP	
126	Spectrogram 1	1	65.912	65.911720063	67.722891552	1.811	5718.8	6656.2	6187.5	28.5	45.5	61.6	65.912	/Users/mary/Desktop/listens_20180309/file5e57510803fc.wav	file5e57510803fc.wav	65.912	5634.6	6789.8	AMPI	
127	Spectrogram 1	1	63.728	63.727660326	64.109426866	0.382	4593.8	6093.8	5156.2	30.8	48.5	59.5	63.728	/Users/mary/Desktop/listens_20180309/file5e57510803fc.wav	file5e57510803fc.wav	63.728	4314.3	6341.8	WCSP	
128	Spectrogram 1	1	64.722	64.722028987	65.086038943	0.364	4406.2	6187.5	5062.5	29.3	46.8	58.4	64.722	/Users/mary/Desktop/listens_20180309/file5e57510803fc.wav	file5e57510803fc.wav	64.722	4172.9	6459.7	WCSP	
129	Spectrogram 1	1	65.876	65.876206896	66.080407603	0.204	4687.5	6093.8	5250.0	33.6	49.1	59.2	65.876	/Users/mary/Desktop/listens_20180309/file5e57510803fc.wav	file5e57510803fc.wav	65.876	4455.8	6271.1	WCSP	
130	Spectrogram 1	1	65.219	65.219213317	65.858450313	0.639	5250.0	6562.5	5906.2	28.2	41.4	58.0	65.219	/Users/mary/Desktop/listens_20180309/file5e57510803fc.wav	file5e57510803fc.wav	65.219	5210.2	6695.5	WCSP	
131	Spectrogram 1	1	66.418	66.417782685	66.559835350	0.142	5156.2	6375.0	5531.2	31.7	44.9	54.9	66.418	/Users/mary/Desktop/listens_20180309/file5e57510803fc.wav	file5e57510803fc.wav	66.418	4998.0	6483.3	WCSP	
132	Spectrogram 1	1	67.243	67.243463805	67.429907928	0.186	4687.5	5906.2	4968.8	32.0	48.6	57.0	67.243	/Users/mary/Desktop/listens_20180309/file5e57510803fc.wav	file5e57510803fc.wav	67.243	4479.4	6176.8	WCSP	
133	Spectrogram 1	1	67.989	67.989240300	68.157927841	0.169	4593.8	5906.2	4968.8	33.2	49.5	58.2	67.989	/Users/mary/Desktop/listens_20180309/file5e57510803fc.wav	file5e57510803fc.wav	67.989	4267.2	6176.8	WCSP	
134	Spectrogram 1	1	68.762	68.761651670	68.983608960	0.222	4500.0	5812.5	4968.8	30.8	46.2	57.0	68.762	/Users/mary/Desktop/listens_20180309/file5e57510803fc.wav	file5e57510803fc.wav	68.762	4267.2	6153.2	WCSP	
135	Spectrogram 1	1	69.774	69.773776914	69.995734204	0.222	4875.0	6468.8	5531.2	27.9	43.3	54.4	69.774	/Users/mary/Desktop/listens_20180309/file5e57510803fc.wav	file5e57510803fc.wav	69.774	4691.6	6695.5	WCSP	
136	Spectrogram 1	1	70.209	70.208813203	70.377500743	0.169	4687.5	6093.8	4875.0	32.7	50.9	58.4	70.209	/Users/mary/Desktop/listens_20180309/file5e57510803fc.wav	file5e57510803fc.wav	70.209	4361.5	6624.8	WCSP	
137	Spectrogram 1	1	70.697	70.697119241	70.910198240	0.213	4406.2	5812.5	4781.2	33.3	51.9	60.0	70.697	/Users/mary/Desktop/listens_20180309/file5e57510803fc.wav	file5e57510803fc.wav	70.697	4078.6	6271.1	WCSP	
138	Spectrogram 1	1	71.212	71.212060155	71.354112821	0.142	4875.0	6000.0	5250.0	30.5	44.6	53.7	71.212	/Users/mary/Desktop/listens_20180309/file5e57510803fc.wav	file5e57510803fc.wav	71.212	4738.7	6271.1	WCSP	
139	Spectrogram 1	1	71.896	71.895688609	72.082132733	0.186	4406.2	5906.2	4781.2	32.6	51.0	58.8	71.896	/Users/mary/Desktop/listens_20180309/file5e57510803fc.wav	file5e57510803fc.wav	71.896	4031.4	6365.4	WCSP	
140	Spectrogram 1	1	72.721	72.721369729	72.898935561	0.178	4406.2	6000.0	4781.2	33.2	50.0	59.1	72.721	/Users/mary/Desktop/listens_20180309/file5e57510803fc.wav	file5e57510803fc.wav	72.721	4149.3	6389.0	WCSP	
141	Spectrogram 1	1	73.494	73.493781099	73.689103515	0.195	4500.0	5812.5	4781.2	32.1	48.8	57.9	73.494	/Users/mary/Desktop/listens_20180309/file5e57510803fc.wav	file5e57510803fc.wav	73.494	4290.8	6224.0	WCSP	
142	Spectrogram 1	1	74.204	74.204044428	74.408245135	0.204	4312.5	5718.8	4781.2	33.1	50.5	59.3	74.204	/Users/mary/Desktop/listens_20180309/file5e57510803fc.wav	file5e57510803fc.wav	74.204	4055.0	6106.1	WCSP	
143	Spectrogram 1	1	74.968	74.967577507	75.136265047	0.169	4312.5	5906.2	4781.2	33.0	52.0	59.3	74.968	/Users/mary/Desktop/listens_20180309/file5e57510803fc.wav	file5e57510803fc.wav	74.968	4007.9	6530.5	WCSP	
144	Spectrogram 1	1	75.633	75.633449378	75.784380335	0.151	4500.0	5531.2	4781.2	34.5	51.2	59.2	75.633	/Users/mary/Desktop/listens_20180309/file5e57510803fc.wav	file5e57510803fc.wav	75.633	4125.7	6153.2	WCSP	
145	Spectrogram 1	1	76.450	76.450252206	76.698844371	0.249	4312.5	5812.5	4781.2	32.0	50.3	59.1	76.450	/Users/mary/Desktop/listens_20180309/file5e57510803fc.wav	file5e57510803fc.wav	76.450	4102.2	6129.7	WCSP	
146	Spectrogram 1	1	77.027	77.027341161	77.231541868	0.204	4500.0	5906.2	4781.2	33.6	51.9	60.4	77.027	/Users/mary/Desktop/listens_20180309/file5e57510803fc.wav	file5e57510803fc.wav	77.027	4125.7	6506.9	WCSP	
147	Spectrogram 1	1	77.837	77.837285997	78.068121579	0.231	4593.8	6000.0	4781.2	33.0	52.1	60.0	77.837	/Users/mary/Desktop/listens_20180309/file5e57510803fc.wav	file5e57510803fc.wav	77.837	4267.2	6389.0	WCSP	
148	Spectrogram 1	1	78.459	78.458766410	78.627453950	0.169	5062.5	6281.2	5437.5	30.3	44.4	54.5	78.459	/Users/mary/Desktop/listens_20180309/file5e57510803fc.wav	file5e57510803fc.wav	78.459	4950.9	6506.9	WCSP	
149	Spectrogram 1	1	79.160	79.160151447	79.470891653	0.311	4500.0	5906.2	4781.2	32.7	52.0	60.8	79.160	/Users/mary/Desktop/listens_20180309/file5e57510803fc.wav	file5e57510803fc.wav	79.160	4149.3	6271.1	WCSP	
150	Spectrogram 1	1	80.021	80.021345733	80.305451065	0.284	4500.0	5906.2	5062.5	33.3	51.4	61.3	80.021	/Users/mary/Desktop/listens_20180309/file5e57510803fc.wav	file5e57510803fc.wav	80.021	4078.6	6365.4	WCSP	
151	Spectrogram 1	1	80.856	80.855905145	81.042349269	0.186	4500.0	5718.8	4781.2	33.1	50.5	58.8	80.856	/Users/mary/Desktop/listens_20180309/file5e57510803fc.wav	file5e57510803fc.wav	80.856	4220.0	6247.5	WCSP	
152	Spectrogram 1	1	81.300	81.299819725	81.432994100	0.133	4968.8	6000.0	5343.8	33.2	50.2	56.5	81.300	/Users/mary/Desktop/listens_20180309/file5e57510803fc.wav	file5e57510803fc.wav	81.300	4738.7	6341.8	WCSP	
153	Spectrogram 1	1	81.664	81.663829681	81.841395514	0.178	4500.0	5812.5	4781.2	33.9	50.5	59.7	81.664	/Users/mary/Desktop/listens_20180309/file5e57510803fc.wav	file5e57510803fc.wav	81.664	4125.7	6200.4	WCSP	
154	Spectrogram 1	1	82.463	82.462875927	82.613806884	0.151	4406.2	5812.5	4781.2	33.0	50.4	58.0	82.463	/Users/mary/Desktop/listens_20180309/file5e57510803fc.wav	file5e57510803fc.wav	82.463	4149.3	6200.4	WCSP	
155	Spectrogram 1	1	82.933	82.933425382	83.261922172	0.328	4406.2	5906.2	4875.0	31.7	50.3	60.2	82.933	/Users/mary/Desktop/listens_20180309/file5e57510803fc.wav	file5e57510803fc.wav	82.933	4196.5	6294.7	WCSP	
156	Spectrogram 1	1	84.008	84.007698667	84.203021082	0.195	4593.8	5625.0	4781.2	32.7	50.1	57.9	84.008	/Users/mary/Desktop/listens_20180309/file5e57510803fc.wav	file5e57510803fc.wav	84.008	4220.0	5988.2	WCSP	
157	Spectrogram 1	1	84.620	84.620300788	84.780110037	0.160	4687.5	6000.0	5250.0	32.0	47.9	56.8	84.620	/Users/mary/Desktop/listens_20180309/file5e57510803fc.wav	file5e57510803fc.wav	84.620	4408.6	6294.7	WCSP	
158	Spectrogram 1	1	85.011	85.010945619	85.188511451	0.178	4593.8	6000.0	4781.2	32.7	50.7	58.5	85.011	/Users/mary/Desktop/listens_20180309/file5e57510803fc.wav	file5e57510803fc.wav	85.011	4243.6	6436.1	WCSP	
159	Spectrogram 1	1	85.481	85.481495075	85.774478698	0.293	4500.0	5906.2	5062.5	34.4	52.1	62.2	85.481	/Users/mary/Desktop/listens_20180309/file5e57510803fc.wav	file5e57510803fc.wav	85.481	4220.0	6318.3	WCSP	
160	Spectrogram 1	1	86.281	86.280541320	86.458107152	0.178	4218.8	5718.8	4781.2	32.7	49.1	58.1	86.281	/Users/mary/Desktop/listens_20180309/file5e57510803fc.wav	file5e57510803fc.wav	86.281	3984.3	5964.6	WCSP	
161	Spectrogram 1	1	86.840	86.839873691	86.990804649	0.151	4781.2	6000.0	5250.0	32.9	48.5	56.9	86.840	/Users/mary/Desktop/listens_20180309/file5e57510803fc.wav	file5e57510803fc.wav	86.840	4550.1	6271.1	WCSP	
162	Spectrogram 1	1	87.204	87.203883647	87.399206063	0.195	4500.0	5625.0	4875.0	33.7	50.5	59.4	87.204	/Users/mary/Desktop/listens_20180309/file5e57510803fc.wav	file5e57510803fc.wav	87.204	4125.7	6082.5	WCSP	
163	Spectrogram 1	1	87.888	87.887512101	88.038443059	0.151	4500.0	5625.0	4781.2	35.5	50.6	60.3	87.888	/Users/mary/Desktop/listens_20180309/file5e57510803fc.wav	file5e57510803fc.wav	87.888	4172.9	6176.8	WCSP	
164	Spectrogram 1	1	88.172	88.171617433	88.322548390	0.151	5062.5	6000.0	5343.8	34.5	50.6	58.6	88.172	/Users/mary/Desktop/listens_20180309/file5e57510803fc.wav	file5e57510803fc.wav	88.172	4691.6	6389.0	WCSP	
165	Spectrogram 1	1	88.837	88.837489304	89.157107802	0.320	4593.8	5812.5	5062.5	33.2	51.2	60.9	88.837	/Users/mary/Desktop/listens_20180309/file5e57510803fc.wav	file5e57510803fc.wav	88.837	4267.2	6176.8	WCSP	
166	Spectrogram 1	1	89.548	89.547752633	89.867371131	0.320	4312.5	6000.0	4875.0	30.9	47.9	59.3	89.548	/Users/mary/Desktop/listens_20180309/file5e57510803fc.wav	file5e57510803fc.wav	89.548	4078.6	6247.5	WCSP	
167	Spectrogram 1	1	90.107	90.107085004	90.320164003	0.213	4406.2	5437.5	4781.2	33.4	52.2	59.5	90.107	/Users/mary/Desktop/listens_20180309/file5e57510803fc.wav	file5e57510803fc.wav	90.107	4031.4	5917.5	WCSP	
168	Spectrogram 1	1	91.084	91.083697082	91.225749747	0.142	4593.8	5250.0	4687.5	37.4	55.6	61.1	91.084	/Users/mary/Desktop/listens_20180309/file5e57510803fc.wav	file5e57510803fc.wav	91.084	4172.9	5846.8	WCSP	
169	Spectrogram 1	1	91.415	91.415032048	91.539328130	0.124	4875.0	5812.5	5625.0	30.3	44.3	52.3	91.415	/Users/mary/Desktop/listens_20180309/file5e57510803fc.wav	file5e57510803fc.wav	91.415	4762.3	6082.5	WCSP	
170	Spectrogram 1	1	92.063	92.063147335	92.222956584	0.160	4406.2	5343.8	4781.2	34.5	50.1	58.6	92.063	/Users/mary/Desktop/listens_20180309/file5e57510803fc.wav	file5e57510803fc.wav	92.063	4125.7	5799.6	WCSP	
171	Spectrogram 1	1	92.418	92.418279000	92.631357998	0.213	4875.0	6000.0	5250.0	32.6	48.4	57.9	92.418	/Users/mary/Desktop/listens_20180309/file5e57510803fc.wav	file5e57510803fc.wav	92.418	4620.8	6224.0	WCSP	
172	Spectrogram 1	1	92.836	92.835558705	93.022002829	0.186	4312.5	5718.8	4781.2	33.4	50.0	59.5	92.836	/Users/mary/Desktop/listens_20180309/file5e57510803fc.wav	file5e57510803fc.wav	92.836	3984.3	6129.7	WCSP	
173	Spectrogram 1	1	93.715	93.714509575	93.874318824	0.160	4312.5	5625.0	4781.2	33.9	49.5	59.3	93.715	/Users/mary/Desktop/listens_20180309/file5e57510803fc.wav	file5e57510803fc.wav	93.715	3984.3	6106.1	WCSP	
174	Spectrogram 1	1	94.079	94.078519531	94.202815614	0.124	4875.0	6093.8	5343.8	32.3	46.9	55.6	94.079	/Users/mary/Desktop/listens_20180309/file5e57510803fc.wav	file5e57510803fc.wav	94.079	4762.3	6412.6	WCSP	
175	Spectrogram 1	1	94.354	94.353746571	94.540190695	0.186	4500.0	5718.8	4781.2	34.8	51.7	60.6	94.354	/Users/mary/Desktop/listens_20180309/file5e57510803fc.wav	file5e57510803fc.wav	94.354	4172.9	6224.0	WCSP	
176	Spectrogram 1	1	95.162	95.161671108	95.348115232	0.186	4406.2	6000.0	4781.2	35.0	51.7	61.6	95.162	/Users/mary/Desktop/listens_20180309/file5e57510803fc.wav	file5e57510803fc.wav	95.162	4007.9	6436.1	WCSP	
177	Spectrogram 1	1	95.934	95.934082478	96.262579268	0.328	4312.5	6000.0	4781.2	33.1	53.4	62.2	95.934	/Users/mary/Desktop/listens_20180309/file5e57510803fc.wav	file5e57510803fc.wav	95.934	3890.0	6341.8	WCSP	
178	Spectrogram 1	1	96.813	96.813033348	96.981720888	0.169	4406.2	5812.5	4781.2	33.1	50.6	59.0	96.813	/Users/mary/Desktop/listens_20180309/file5e57510803fc.wav	file5e57510803fc.wav	96.813	4007.9	6224.0	WCSP	
179	Spectrogram 1	1	97.426	97.425635469	97.620957884	0.195	4218.8	5718.8	4781.2	32.0	49.8	58.3	97.426	/Users/mary/Desktop/listens_20180309/file5e57510803fc.wav	file5e57510803fc.wav	97.426	3842.8	6035.4	WCSP	
180	Spectrogram 1	1	98.047	98.047115882	98.446639004	0.400	4312.5	6000.0	5062.5	30.7	49.0	60.6	98.047	/Users/mary/Desktop/listens_20180309/file5e57510803fc.wav	file5e57510803fc.wav	98.047	4007.9	6412.6	WCSP	
181	Spectrogram 1	1	98.970	98.970458209	99.139145750	0.169	4312.5	6187.5	4781.2	32.4	48.1	58.7	98.970	/Users/mary/Desktop/listens_20180309/file5e57510803fc.wav	file5e57510803fc.wav	98.970	3984.3	6483.3	WCSP	
182	Spectrogram 1	1	99.690	99.689599830	99.849409079	0.160	4968.8	6187.5	5437.5	31.9	46.3	56.2	99.690	/Users/mary/Desktop/listens_20180309/file5e57510803fc.wav	file5e57510803fc.wav	99.690	4715.1	6412.6	WCSP	
183	Spectrogram 1	1	99.965	99.964826870	100.124636119	0.160	4218.8	5906.2	4781.2	31.3	47.0	57.0	99.965	/Users/mary/Desktop/listens_20180309/file5e57510803fc.wav	file5e57510803fc.wav	99.965	3913.6	6200.4	WCSP	
184	Spectrogram 1	1	100.515	100.515280950	100.710603365	0.195	4406.2	5343.8	4781.2	33.8	49.8	59.3	100.515	/Users/mary/Desktop/listens_20180309/file5e57510803fc.wav	file5e57510803fc.wav	100.515	4031.4	5823.2	WCSP	
185	Spectrogram 1	1	101.350	101.349840361	101.509649610	0.160	4500.0	5718.8	4875.0	32.8	49.3	57.6	101.350	/Users/mary/Desktop/listens_20180309/file5e57510803fc.wav	file5e57510803fc.wav	101.350	4172.9	6082.5	WCSP	
186	Spectrogram 1	1	102.051	102.051225398	102.219912939	0.169	4593.8	5437.5	4781.2	35.2	52.6	60.0	102.051	/Users/mary/Desktop/listens_20180309/file5e57510803fc.wav	file5e57510803fc.wav	102.051	4172.9	5917.5	WCSP	
187	Spectrogram 1	1	102.708	102.708218978	102.885784810	0.178	4312.5	5812.5	4875.0	33.6	51.5	59.3	102.708	/Users/mary/Desktop/listens_20180309/file5e57510803fc.wav	file5e57510803fc.wav	102.708	4102.2	6176.8	WCSP	
188	Spectrogram 1	1	103.374	103.374090849	103.551656681	0.178	4312.5	5812.5	4875.0	34.4	51.7	60.8	103.374	/Users/mary/Desktop/listens_20180309/file5e57510803fc.wav	file5e57510803fc.wav	103.374	3984.3	6554.0	WCSP	
189	Spectrogram 1	1	104.226	104.226406843	104.421729259	0.195	4312.5	5812.5	4781.2	33.4	50.6	59.7	104.226	/Users/mary/Desktop/listens_20180309/file5e57510803fc.wav	file5e57510803fc.wav	104.226	4007.9	6153.2	WCSP	
190	Spectrogram 1	1	105.079	105.078722838	105.282923545	0.204	4218.8	5625.0	4781.2	32.7	50.2	58.5	105.079	/Users/mary/Desktop/listens_20180309/file5e57510803fc.wav	file5e57510803fc.wav	105.079	4055.0	5964.6	WCSP	
191	Spectrogram 1	1	106.029	106.028700040	106.215144164	0.186	4312.5	5812.5	4875.0	31.8	50.2	57.4	106.029	/Users/mary/Desktop/listens_20180309/file5e57510803fc.wav	file5e57510803fc.wav	106.029	4149.3	6106.1	WCSP	
192	Spectrogram 1	1	106.650	106.650180453	106.872137744	0.222	4312.5	5718.8	4781.2	33.1	50.4	59.5	106.650	/Users/mary/Desktop/listens_20180309/file5e57510803fc.wav	file5e57510803fc.wav	106.650	4055.0	6011.8	WCSP	
193	Spectrogram 1	1	107.604	107.604030621	107.825987911	0.222	4218.8	5718.8	4781.2	32.4	50.7	59.3	107.604	/Users/mary/Desktop/listens_20180309/file5e57510803fc.wav	file5e57510803fc.wav	107.604	3913.6	6082.5	WCSP	
194	Spectrogram 1	1	108.305	108.305415658	108.527372949	0.222	4406.2	5718.8	4781.2	33.3	50.4	59.4	108.305	/Users/mary/Desktop/listens_20180309/file5e57510803fc.wav	file5e57510803fc.wav	108.305	4172.9	6035.4	WCSP	
195	Spectrogram 1	1	109.025	109.024557279	109.255392861	0.231	4312.5	5718.8	4781.2	33.9	53.1	60.4	109.025	/Users/mary/Desktop/listens_20180309/file5e57510803fc.wav	file5e57510803fc.wav	109.025	4055.0	6011.8	WCSP	
196	Spectrogram 1	1	109.832	109.832481815	110.045560814	0.213	4312.5	5718.8	4687.5	33.4	51.4	60.1	109.832	/Users/mary/Desktop/listens_20180309/file5e57510803fc.wav	file5e57510803fc.wav	109.832	3984.3	6106.1	WCSP	
197	Spectrogram 1	1	110.374	110.374057604	110.613771477	0.240	4312.5	5625.0	4781.2	31.4	50.3	57.9	110.374	/Users/mary/Desktop/listens_20180309/file5e57510803fc.wav	file5e57510803fc.wav	110.374	4102.2	5964.6	WCSP	
198	Spectrogram 1	1	111.084	111.084320933	111.288521640	0.204	4218.8	5437.5	4781.2	32.3	48.1	58.1	111.084	/Users/mary/Desktop/listens_20180309/file5e57510803fc.wav	file5e57510803fc.wav	111.084	3984.3	5846.8	WCSP	
199	Spectrogram 1	1	111.839	111.838975720	112.078689593	0.240	4312.5	5437.5	4781.2	30.9	46.4	56.7	111.839	/Users/mary/Desktop/listens_20180309/file5e57510803fc.wav	file5e57510803fc.wav	111.839	4102.2	5634.6	WCSP	
200	Spectrogram 1	1	112.540	112.540360757	112.717926589	0.178	4312.5	5343.8	4781.2	34.0	50.9	58.7	112.540	/Users/mary/Desktop/listens_20180309/file5e57510803fc.wav	file5e57510803fc.wav	112.540	4102.2	5776.0	WCSP	
201	Spectrogram 1	1	113.366	113.366041877	113.561364292	0.195	4312.5	5531.2	4687.5	33.5	52.2	59.5	113.366	/Users/mary/Desktop/listens_20180309/file5e57510803fc.wav	file5e57510803fc.wav	113.366	3913.6	5917.5	WCSP	
202	Spectrogram 1	1	114.112	114.111818372	114.307140788	0.195	4312.5	5437.5	4781.2	32.6	49.6	57.9	114.112	/Users/mary/Desktop/listens_20180309/file5e57510803fc.wav	file5e57510803fc.wav	114.112	4055.0	5776.0	WCSP	
203	Spectrogram 1	1	114.698	114.697785619	114.919742909	0.222	4312.5	5437.5	4781.2	31.6	48.1	57.1	114.698	/Users/mary/Desktop/listens_20180309/file5e57510803fc.wav	file5e57510803fc.wav	114.698	4149.3	5728.9	WCSP	
204	Spectrogram 1	1	115.470	115.470196989	115.638884529	0.169	4218.8	5625.0	4875.0	30.8	50.6	56.7	115.470	/Users/mary/Desktop/listens_20180309/file5e57510803fc.wav	file5e57510803fc.wav	115.470	3842.8	6082.5	WCSP	
205	Spectrogram 1	1	116.234	116.233730067	116.446809066	0.213	4218.8	5812.5	4875.0	31.2	49.4	57.8	116.234	/Users/mary/Desktop/listens_20180309/file5e57510803fc.wav	file5e57510803fc.wav	116.234	4007.9	6153.2	WCSP	
206	Spectrogram 1	1	116.846	116.846332189	117.059411187	0.213	4406.2	5718.8	4781.2	33.0	51.0	59.0	116.846	/Users/mary/Desktop/listens_20180309/file5e57510803fc.wav	file5e57510803fc.wav	116.846	4125.7	6058.9	WCSP	
207	Spectrogram 1	1	117.574	117.574352101	117.734161350	0.160	4406.2	5812.5	4781.2	32.4	47.9	57.1	117.574	/Users/mary/Desktop/listens_20180309/file5e57510803fc.wav	file5e57510803fc.wav	117.574	4172.9	6082.5	WCSP	
208	Spectrogram 1	1	118.507	118.506572720	118.684138552	0.178	4312.5	5625.0	4781.2	31.9	46.9	56.9	118.507	/Users/mary/Desktop/listens_20180309/file5e57510803fc.wav	file5e57510803fc.wav	118.507	4149.3	5941.1	WCSP	
209	Spectrogram 1	1	119.208	119.207957757	119.385523590	0.178	4406.2	5625.0	4781.2	32.3	48.6	57.3	119.208	/Users/mary/Desktop/listens_20180309/file5e57510803fc.wav	file5e57510803fc.wav	119.208	4172.9	5917.5	WCSP	
210	Spectrogram 1	1	120.043	120.042517169	120.246717876	0.204	4312.5	5625.0	4687.5	32.3	49.7	57.9	120.043	/Users/mary/Desktop/listens_20180309/file5e57510803fc.wav	file5e57510803fc.wav	120.043	4102.2	5846.8	WCSP	
211	Spectrogram 1	1	120.913	120.912589747	121.107912162	0.195	4500.0	5812.5	4781.2	33.9	53.4	59.7	120.913	/Users/mary/Desktop/listens_20180309/file5e57510803fc.wav	file5e57510803fc.wav	120.913	4149.3	6176.8	WCSP	
212	Spectrogram 1	1	121.481	121.480800410	121.693879409	0.213	4406.2	5625.0	4781.2	35.3	53.1	62.1	121.481	/Users/mary/Desktop/listens_20180309/file5e57510803fc.wav	file5e57510803fc.wav	121.481	3866.4	6176.8	WCSP	
213	Spectrogram 1	1	122.217	122.216615182	122.376424431	0.160	4593.8	5906.2	4968.8	34.3	50.5	59.1	122.217	/Users/mary/Desktop/listens_20180309/file5e57510803fc.wav	file5e57510803fc.wav	122.217	4385.1	6200.4	WCSP	
214	Spectrogram 1	1	123.175	123.175470676	123.344158217	0.169	4218.8	5343.8	4781.2	33.3	49.7	58.1	123.175	/Users/mary/Desktop/listens_20180309/file5e57510803fc.wav	file5e57510803fc.wav	123.175	3913.6	5705.3	WCSP	
215	Spectrogram 1	1	123.646	123.646020132	123.850220839	0.204	4312.5	5625.0	4781.2	33.0	50.1	59.4	123.646	/Users/mary/Desktop/listens_20180309/file5e57510803fc.wav	file5e57510803fc.wav	123.646	3937.1	6082.5	WCSP	
216	Spectrogram 1	1	124.356	124.356283461	124.542727584	0.186	4218.8	5812.5	4875.0	31.2	45.8	57.2	124.356	/Users/mary/Desktop/listens_20180309/file5e57510803fc.wav	file5e57510803fc.wav	124.356	3937.1	6035.4	WCSP	
217	Spectrogram 1	1	124.960	124.960007290	125.137573122	0.178	4593.8	5437.5	4781.2	34.0	49.7	58.0	124.960	/Users/mary/Desktop/listens_20180309/file5e57510803fc.wav	file5e57510803fc.wav	124.960	4337.9	5752.5	WCSP	
218	Spectrogram 1	1	125.928	125.927741076	126.114185200	0.186	4312.5	6093.8	4875.0	29.7	45.3	55.9	125.928	/Users/mary/Desktop/listens_20180309/file5e57510803fc.wav	file5e57510803fc.wav	125.928	4031.4	6294.7	WCSP	
219	Spectrogram 1	1	126.718	126.717909029	126.877718278	0.160	4500.0	5343.8	4781.2	33.3	50.9	57.4	126.718	/Users/mary/Desktop/listens_20180309/file5e57510803fc.wav	file5e57510803fc.wav	126.718	4196.5	5776.0	WCSP	
220	Spectrogram 1	1	127.348	127.348267734	127.490320400	0.142	4312.5	5906.2	4687.5	33.9	52.6	59.4	127.348	/Users/mary/Desktop/listens_20180309/file5e57510803fc.wav	file5e57510803fc.wav	127.348	3937.1	6365.4	WCSP	
221	Spectrogram 1	1	128.067	128.067409354	128.280488353	0.213	4218.8	5906.2	4875.0	31.6	48.6	58.6	128.067	/Users/mary/Desktop/listens_20180309/file5e57510803fc.wav	file5e57510803fc.wav	128.067	3866.4	6224.0	WCSP	
222	Spectrogram 1	1	128.911	128.910847057	129.141682639	0.231	4031.2	5812.5	4781.2	31.3	49.0	58.8	128.911	/Users/mary/Desktop/listens_20180309/file5e57510803fc.wav	file5e57510803fc.wav	128.911	3583.5	6035.4	WCSP	
223	Spectrogram 1	1	129.914	129.914094010	130.136051300	0.222	4125.0	5718.8	4781.2	29.5	44.5	56.0	129.914	/Users/mary/Desktop/listens_20180309/file5e57510803fc.wav	file5e57510803fc.wav	129.914	3913.6	5893.9	WCSP	
224	Spectrogram 1	1	130.607	130.606600755	130.819679754	0.213	4312.5	5625.0	4781.2	31.9	49.7	57.9	130.607	/Users/mary/Desktop/listens_20180309/file5e57510803fc.wav	file5e57510803fc.wav	130.607	4055.0	5917.5	WCSP	
225	Spectrogram 1	1	131.299	131.299107501	131.503308208	0.204	4312.5	5718.8	4781.2	33.7	51.8	60.1	131.299	/Users/mary/Desktop/listens_20180309/file5e57510803fc.wav	file5e57510803fc.wav	131.299	4007.9	6176.8	WCSP	
226	Spectrogram 1	1	131.992	131.991614247	132.204693245	0.213	4312.5	5812.5	4781.2	33.8	52.0	60.6	131.992	/Users/mary/Desktop/listens_20180309/file5e57510803fc.wav	file5e57510803fc.wav	131.992	3937.1	6106.1	WCSP	
227	Spectrogram 1	1	132.729	132.728512450	132.941591449	0.213	4218.8	5625.0	4781.2	34.2	53.5	60.8	132.729	/Users/mary/Desktop/listens_20180309/file5e57510803fc.wav	file5e57510803fc.wav	132.729	3866.4	6082.5	WCSP	
228	Spectrogram 1	1	133.368	133.367749446	133.545315279	0.178	4406.2	5625.0	4781.2	34.9	53.8	60.5	133.368	/Users/mary/Desktop/listens_20180309/file5e57510803fc.wav	file5e57510803fc.wav	133.368	4055.0	6106.1	WCSP	
229	Spectrogram 1	1	134.433	134.433144440	134.628466855	0.195	4218.8	5343.8	4781.2	33.3	50.3	58.4	134.433	/Users/mary/Desktop/listens_20180309/file5e57510803fc.wav	file5e57510803fc.wav	134.433	3984.3	5634.6	WCSP	
230	Spectrogram 1	1	135.108	135.107894602	135.276582143	0.169	4406.2	5343.8	4781.2	34.6	51.6	59.0	135.108	/Users/mary/Desktop/listens_20180309/file5e57510803fc.wav	file5e57510803fc.wav	135.108	4031.4	5681.7	WCSP	
231	Spectrogram 1	1	135.809	135.809279640	135.977967180	0.169	4312.5	5156.2	4781.2	34.4	50.0	58.3	135.809	/Users/mary/Desktop/listens_20180309/file5e57510803fc.wav	file5e57510803fc.wav	135.809	4078.6	5611.0	WCSP	
232	Spectrogram 1	1	136.457	136.457394927	136.608325885	0.151	4593.8	5812.5	4968.8	31.1	44.6	55.3	136.457	/Users/mary/Desktop/listens_20180309/file5e57510803fc.wav	file5e57510803fc.wav	136.457	4361.5	6058.9	WCSP	
233	Spectrogram 1	1	137.070	137.069997049	137.265319464	0.195	4312.5	5343.8	4687.5	33.8	52.2	59.5	137.070	/Users/mary/Desktop/listens_20180309/file5e57510803fc.wav	file5e57510803fc.wav	137.070	3937.1	5752.5	WCSP	
234	Spectrogram 1	1	137.797	137.796933529	138.027769111	0.231	4218.8	5718.8	4687.5	33.3	52.9	60.6	137.797	/Users/mary/Desktop/listens_20180309/file5e57510803fc.wav	file5e57510803fc.wav	137.797	3795.7	6035.4	WCSP	
235	Spectrogram 1	1	138.676	138.675884399	138.897841689	0.222	4312.5	5812.5	4687.5	33.9	53.7	61.4	138.676	/Users/mary/Desktop/listens_20180309/file5e57510803fc.wav	file5e57510803fc.wav	138.676	3748.5	6271.1	WCSP	
236	Spectrogram 1	1	139.288	139.288486520	139.501565519	0.213	4218.8	5718.8	4687.5	34.2	52.8	61.5	139.288	/Users/mary/Desktop/listens_20180309/file5e57510803fc.wav	file5e57510803fc.wav	139.288	3748.5	6271.1	WCSP	
237	Spectrogram 1	1	140.309	140.309490055	140.487055887	0.178	4218.8	5812.5	4781.2	34.2	52.1	60.5	140.309	/Users/mary/Desktop/listens_20180309/file5e57510803fc.wav	file5e57510803fc.wav	140.309	3725.0	6153.2	WCSP	
238	Spectrogram 1	1	140.984	140.984240218	141.179562633	0.195	4312.5	5812.5	4781.2	34.2	52.7	60.6	140.984	/Users/mary/Desktop/listens_20180309/file5e57510803fc.wav	file5e57510803fc.wav	140.984	3866.4	6106.1	WCSP	
239	Spectrogram 1	1	141.703	141.703381838	141.880947670	0.178	4312.5	5812.5	4781.2	33.0	51.0	58.8	141.703	/Users/mary/Desktop/listens_20180309/file5e57510803fc.wav	file5e57510803fc.wav	141.703	4102.2	6247.5	WCSP	
240	Spectrogram 1	1	142.494	142.493549792	142.733263665	0.240	4312.5	5718.8	4781.2	31.8	51.1	58.6	142.494	/Users/mary/Desktop/listens_20180309/file5e57510803fc.wav	file5e57510803fc.wav	142.494	4078.6	6058.9	WCSP	
241	Spectrogram 1	1	143.319	143.319230912	143.505675035	0.186	4312.5	5718.8	4781.2	32.8	50.2	59.0	143.319	/Users/mary/Desktop/listens_20180309/file5e57510803fc.wav	file5e57510803fc.wav	143.319	3937.1	6176.8	WCSP	
242	Spectrogram 1	1	144.367	144.366869322	144.544435154	0.178	4218.8	5906.2	4781.2	32.1	48.2	58.6	144.367	/Users/mary/Desktop/listens_20180309/file5e57510803fc.wav	file5e57510803fc.wav	144.367	3937.1	6365.4	WCSP	
243	Spectrogram 1	1	145.059	145.059376067	145.245820191	0.186	4125.0	5812.5	4687.5	32.5	52.5	59.2	145.059	/Users/mary/Desktop/listens_20180309/file5e57510803fc.wav	file5e57510803fc.wav	145.059	3748.5	6224.0	WCSP	
244	Spectrogram 1	1	145.814	145.814030854	145.964961812	0.151	4218.8	5812.5	4875.0	31.2	47.3	56.1	145.814	/Users/mary/Desktop/listens_20180309/file5e57510803fc.wav	file5e57510803fc.wav	145.814	3984.3	6011.8	WCSP	
245	Spectrogram 1	1	146.782	146.781764640	146.950452181	0.169	4312.5	5625.0	4687.5	32.6	50.8	58.2	146.782	/Users/mary/Desktop/listens_20180309/file5e57510803fc.wav	file5e57510803fc.wav	146.782	3937.1	6011.8	WCSP	
246	Spectrogram 1	1	147.528	147.527541136	147.705106968	0.178	4031.2	6093.8	4875.0	31.0	47.7	57.8	147.528	/Users/mary/Desktop/listens_20180309/file5e57510803fc.wav	file5e57510803fc.wav	147.528	3748.5	6436.1	WCSP	
247	Spectrogram 1	1	148.495	148.495274921	148.655084170	0.160	4312.5	5437.5	4781.2	33.2	48.7	57.5	148.495	/Users/mary/Desktop/listens_20180309/file5e57510803fc.wav	file5e57510803fc.wav	148.495	4149.3	5823.2	WCSP	
248	Spectrogram 1	1	149.463	149.463008707	149.667209414	0.204	4218.8	5625.0	4781.2	32.5	49.4	58.7	149.463	/Users/mary/Desktop/listens_20180309/file5e57510803fc.wav	file5e57510803fc.wav	149.463	3937.1	5941.1	WCSP	
249	Spectrogram 1	1	150.147	150.146637161	150.297568118	0.151	4500.0	5343.8	4687.5	36.0	53.9	60.5	150.147	/Users/mary/Desktop/listens_20180309/file5e57510803fc.wav	file5e57510803fc.wav	150.147	4078.6	5964.6	WCSP	
250	Spectrogram 1	1	151.230	151.229788738	151.362963112	0.133	4406.2	5343.8	4781.2	34.1	48.4	57.1	151.230	/Users/mary/Desktop/listens_20180309/file5e57510803fc.wav	file5e57510803fc.wav	151.230	4125.7	5681.7	WCSP	
251	Spectrogram 1	1	152.277	152.277427148	152.446114688	0.169	4406.2	5250.0	4781.2	33.1	48.6	56.4	152.277	/Users/mary/Desktop/listens_20180309/file5e57510803fc.wav	file5e57510803fc.wav	152.277	4149.3	5446.0	WCSP	
252	Spectrogram 1	1	152.902	152.901746024	153.079311856	0.178	4500.0	5250.0	4687.5	35.1	52.6	59.3	152.902	/Users/mary/Desktop/listens_20180309/file5e57510803fc.wav	file5e57510803fc.wav	152.902	4125.7	5705.3	WCSP	
253	Spectrogram 1	1	153.648	153.647522519	153.869479810	0.222	4406.2	5437.5	4781.2	31.5	49.7	57.0	153.648	/Users/mary/Desktop/listens_20180309/file5e57510803fc.wav	file5e57510803fc.wav	153.648	4149.3	5752.5	WCSP	
254	Spectrogram 1	1	154.571	154.570864847	154.704039221	0.133	4312.5	5437.5	4781.2	32.5	48.6	56.0	154.571	/Users/mary/Desktop/listens_20180309/file5e57510803fc.wav	file5e57510803fc.wav	154.571	4055.0	5776.0	WCSP	
255	Spectrogram 1	1	155.201	155.201223551	155.361032800	0.160	4312.5	5625.0	4781.2	33.8	51.4	59.0	155.201	/Users/mary/Desktop/listens_20180309/file5e57510803fc.wav	file5e57510803fc.wav	155.201	3960.7	6035.4	WCSP	
256	Spectrogram 1	1	156.000	156.000269796	156.204470503	0.204	4406.2	5718.8	4781.2	33.6	52.3	59.8	156.000	/Users/mary/Desktop/listens_20180309/file5e57510803fc.wav	file5e57510803fc.wav	156.000	4055.0	6176.8	WCSP	
257	Spectrogram 1	1	156.861	156.861464083	157.056786498	0.195	4218.8	5812.5	4781.2	33.1	51.3	59.9	156.861	/Users/mary/Desktop/listens_20180309/file5e57510803fc.wav	file5e57510803fc.wav	156.861	3772.1	6200.4	WCSP	
258	Spectrogram 1	1	157.776	157.775928119	158.015641992	0.240	4406.2	5812.5	4781.2	32.3	51.6	59.4	157.776	/Users/mary/Desktop/listens_20180309/file5e57510803fc.wav	file5e57510803fc.wav	157.776	4031.4	6224.0	WCSP	
259	Spectrogram 1	1	158.468	158.468434864	158.646000697	0.178	4312.5	5625.0	4781.2	33.1	51.9	58.7	158.468	/Users/mary/Desktop/listens_20180309/file5e57510803fc.wav	file5e57510803fc.wav	158.468	4055.0	6035.4	WCSP	
260	Spectrogram 1	1	159.436	159.436168650	159.675882524	0.240	4218.8	5625.0	4781.2	33.1	52.1	60.5	159.436	/Users/mary/Desktop/listens_20180309/file5e57510803fc.wav	file5e57510803fc.wav	159.436	3795.7	6011.8	WCSP	
261	Spectrogram 1	1	160.129	160.128675396	160.332876103	0.204	4312.5	5718.8	4781.2	33.0	52.3	59.4	160.129	/Users/mary/Desktop/listens_20180309/file5e57510803fc.wav	file5e57510803fc.wav	160.129	4007.9	6153.2	WCSP	
262	Spectrogram 1	1	161.070	161.069774307	161.282853305	0.213	4218.8	5812.5	4781.2	31.4	49.5	58.2	161.070	/Users/mary/Desktop/listens_20180309/file5e57510803fc.wav	file5e57510803fc.wav	161.070	3913.6	6129.7	WCSP	
263	Spectrogram 1	1	162.055	162.055264676	162.268343674	0.213	4312.5	5437.5	4781.2	32.2	48.8	57.8	162.055	/Users/mary/Desktop/listens_20180309/file5e57510803fc.wav	file5e57510803fc.wav	162.055	4055.0	5752.5	WCSP	
264	Spectrogram 1	1	162.766	162.765528004	162.943093837	0.178	4218.8	5343.8	4875.0	32.5	48.4	56.9	162.766	/Users/mary/Desktop/listens_20180309/file5e57510803fc.wav	file5e57510803fc.wav	162.766	4007.9	5611.0	WCSP	
265	Spectrogram 1	1	163.636	163.635600582	163.813166415	0.178	4406.2	5343.8	4875.0	32.3	46.8	56.3	163.636	/Users/mary/Desktop/listens_20180309/file5e57510803fc.wav	file5e57510803fc.wav	163.636	4220.0	5705.3	WCSP	
266	Spectrogram 1	1	164.479	164.479038286	164.629969243	0.151	4687.5	5906.2	5250.0	30.8	44.4	55.2	164.479	/Users/mary/Desktop/listens_20180309/file5e57510803fc.wav	file5e57510803fc.wav	164.479	4455.8	6200.4	WCSP	
267	Spectrogram 1	1	165.172	165.171545031	165.357989155	0.186	4312.5	5343.8	4781.2	33.7	51.4	58.7	165.172	/Users/mary/Desktop/listens_20180309/file5e57510803fc.wav	file5e57510803fc.wav	165.172	4007.9	5634.6	WCSP	
268	Spectrogram 1	1	166.050	166.050495901	166.219183441	0.169	4312.5	5343.8	4781.2	33.6	48.8	58.0	166.050	/Users/mary/Desktop/listens_20180309/file5e57510803fc.wav	file5e57510803fc.wav	166.050	4196.5	5752.5	WCSP	
269	Spectrogram 1	1	166.787	166.787394105	166.947203354	0.160	4312.5	5437.5	4781.2	34.5	50.3	58.5	166.787	/Users/mary/Desktop/listens_20180309/file5e57510803fc.wav	file5e57510803fc.wav	166.787	4078.6	5658.2	WCSP	
270	Spectrogram 1	1	167.436	167.435509392	167.639710099	0.204	4218.8	5437.5	4687.5	33.7	52.7	59.7	167.436	/Users/mary/Desktop/listens_20180309/file5e57510803fc.wav	file5e57510803fc.wav	167.436	3890.0	5893.9	WCSP	
271	Spectrogram 1	1	168.146	168.145772721	168.341095137	0.195	4406.2	5343.8	4781.2	33.6	51.8	58.2	168.146	/Users/mary/Desktop/listens_20180309/file5e57510803fc.wav	file5e57510803fc.wav	168.146	4125.7	5658.2	WCSP	
272	Spectrogram 1	1	169.100	169.099700349	169.300593155	0.201	4406.2	5343.8	4781.2	32.9	49.1	57.7	169.100	/Users/mary/Desktop/listens_20180309/file5e57510803fc.wav	file5e57510803fc.wav	169.100	4125.7	5681.7	WCSP	
273	Spectrogram 1	1	170.004	170.003717978	170.204610784	0.201	4406.2	5718.8	4875.0	32.4	48.8	58.2	170.004	/Users/mary/Desktop/listens_20180309/file5e57510803fc.wav	file5e57510803fc.wav	170.004	4125.7	6058.9	WCSP	
274	Spectrogram 1	1	170.820	170.819845004	170.995626210	0.176	4218.8	5625.0	4781.2	33.3	49.4	58.9	170.820	/Users/mary/Desktop/listens_20180309/file5e57510803fc.wav	file5e57510803fc.wav	170.820	3960.7	6011.8	WCSP	
275	Spectrogram 1	1	171.749	171.748974235	171.987534442	0.239	4312.5	5718.8	4781.2	32.5	50.0	59.4	171.749	/Users/mary/Desktop/listens_20180309/file5e57510803fc.wav	file5e57510803fc.wav	171.749	4007.9	6035.4	WCSP	
276	Spectrogram 1	1	172.628	172.627880263	172.828773070	0.201	4312.5	5718.8	4781.2	32.8	51.6	59.0	172.628	/Users/mary/Desktop/listens_20180309/file5e57510803fc.wav	file5e57510803fc.wav	172.628	4078.6	6176.8	WCSP	
277	Spectrogram 1	1	173.168	173.167779681	173.318449286	0.151	4968.8	6281.2	5718.8	28.0	42.4	51.9	173.168	/Users/mary/Desktop/listens_20180309/file5e57510803fc.wav	file5e57510803fc.wav	173.168	4809.4	6436.1	WCSP	
278	Spectrogram 1	1	173.959	173.958795106	174.184799514	0.226	4687.5	5343.8	4875.0	34.0	50.8	58.0	173.959	/Users/mary/Desktop/listens_20180309/file5e57510803fc.wav	file5e57510803fc.wav	173.959	4502.9	5658.2	WCSP	
279	Spectrogram 1	1	174.976	174.975814939	175.189263546	0.213	4500.0	5343.8	4875.0	32.2	49.7	56.9	174.976	/Users/mary/Desktop/listens_20180309/file5e57510803fc.wav	file5e57510803fc.wav	174.976	4172.9	5611.0	WCSP	
280	Spectrogram 1	1	176.081	176.080725375	176.281618182	0.201	4406.2	5625.0	4875.0	30.9	47.1	56.1	176.081	/Users/mary/Desktop/listens_20180309/file5e57510803fc.wav	file5e57510803fc.wav	176.081	4196.5	5823.2	WCSP	
281	Spectrogram 1	1	176.872	176.871740801	177.085189408	0.213	4312.5	5718.8	4875.0	32.4	50.1	58.7	176.872	/Users/mary/Desktop/listens_20180309/file5e57510803fc.wav	file5e57510803fc.wav	176.872	4031.4	6082.5	WCSP	
282	Spectrogram 1	1	177.864	177.863649033	178.077097640	0.213	4125.0	5625.0	4781.2	31.8	48.4	58.2	177.864	/Users/mary/Desktop/listens_20180309/file5e57510803fc.wav	file5e57510803fc.wav	177.864	3819.3	5870.3	WCSP	
283	Spectrogram 1	1	178.868	178.868113066	179.094117473	0.226	4218.8	5437.5	4781.2	31.4	49.4	57.5	178.868	/Users/mary/Desktop/listens_20180309/file5e57510803fc.wav	file5e57510803fc.wav	178.868	3984.3	5728.9	WCSP	
284	Spectrogram 1	1	179.672	179.671684292	179.897688699	0.226	4406.2	5812.5	5156.2	32.7	49.0	59.3	179.672	/Users/mary/Desktop/listens_20180309/file5e57510803fc.wav	file5e57510803fc.wav	179.672	4125.7	6200.4	WCSP	
285	Spectrogram 1	1	180.287	180.286918512	180.538034520	0.251	4125.0	5812.5	4875.0	32.4	50.2	60.1	180.287	/Users/mary/Desktop/listens_20180309/file5e57510803fc.wav	file5e57510803fc.wav	180.287	3772.1	6153.2	WCSP	
286	Spectrogram 1	1	181.555	181.555054353	181.730835559	0.176	4500.0	5531.2	4875.0	33.1	50.2	57.6	181.555	/Users/mary/Desktop/listens_20180309/file5e57510803fc.wav	file5e57510803fc.wav	181.555	4220.0	5846.8	WCSP	
287	Spectrogram 1	1	182.547	182.546962585	182.785522793	0.239	4031.2	5343.8	4781.2	30.3	45.9	56.6	182.547	/Users/mary/Desktop/listens_20180309/file5e57510803fc.wav	file5e57510803fc.wav	182.547	3772.1	5587.4	WCSP	
288	Spectrogram 1	1	183.589	183.589094019	183.789986826	0.201	4125.0	5718.8	4781.2	32.0	48.1	58.4	183.589	/Users/mary/Desktop/listens_20180309/file5e57510803fc.wav	file5e57510803fc.wav	183.589	3819.3	5917.5	WCSP	
289	Spectrogram 1	1	184.368	184.367553645	184.568446451	0.201	4406.2	5812.5	4875.0	32.1	49.2	57.9	184.368	/Users/mary/Desktop/listens_20180309/file5e57510803fc.wav	file5e57510803fc.wav	184.368	4267.2	6106.1	WCSP	
290	Spectrogram 1	1	184.933	184.932564663	185.158569070	0.226	4218.8	5718.8	4968.8	32.8	48.1	59.1	184.933	/Users/mary/Desktop/listens_20180309/file5e57510803fc.wav	file5e57510803fc.wav	184.933	4031.4	5988.2	WCSP	
291	Spectrogram 1	1	185.585	185.585466284	185.824026492	0.239	4218.8	5437.5	4781.2	33.5	50.6	59.8	185.585	/Users/mary/Desktop/listens_20180309/file5e57510803fc.wav	file5e57510803fc.wav	185.585	4007.9	5776.0	WCSP	
292	Spectrogram 1	1	186.615	186.615041918	186.828490525	0.213	4687.5	5343.8	4875.0	31.9	49.1	55.3	186.615	/Users/mary/Desktop/listens_20180309/file5e57510803fc.wav	file5e57510803fc.wav	186.615	4526.5	5563.9	WCSP	
293	Spectrogram 1	1	187.283	187.283101654	194.151124477	6.868	4218.8	5625.0	4875.0	29.6	54.6	70.7	187.283	/Users/mary/Desktop/listens_20180309/file5e57510803fc.wav	file5e57510803fc.wav	187.283	3984.3	5870.3	WCSP	
294	Spectrogram 1	1	194.867	194.866805100	195.105365308	0.239	4500.0	5718.8	4968.8	32.7	50.8	59.1	194.867	/Users/mary/Desktop/listens_20180309/file5e57510803fc.wav	file5e57510803fc.wav	194.867	4196.5	5988.2	WCSP	
295	Spectrogram 1	1	195.846	195.846157532	196.034494538	0.188	4500.0	5531.2	4781.2	33.6	50.6	58.6	195.846	/Users/mary/Desktop/listens_20180309/file5e57510803fc.wav	file5e57510803fc.wav	195.846	4290.8	5917.5	WCSP	
296	Spectrogram 1	1	196.838	196.838065764	197.026402771	0.188	4687.5	5718.8	4875.0	34.4	51.1	59.3	196.838	/Users/mary/Desktop/listens_20180309/file5e57510803fc.wav	file5e57510803fc.wav	196.838	4432.2	6153.2	WCSP	
297	Spectrogram 1	1	197.792	197.792306595	198.005755202	0.213	4593.8	5343.8	4781.2	33.2	49.6	58.0	197.792	/Users/mary/Desktop/listens_20180309/file5e57510803fc.wav	file5e57510803fc.wav	197.792	4290.8	5634.6	WCSP	
298	Spectrogram 1	1	198.696	198.696324225	198.884661231	0.188	4593.8	5531.2	4781.2	32.0	48.4	56.2	198.696	/Users/mary/Desktop/listens_20180309/file5e57510803fc.wav	file5e57510803fc.wav	198.696	4385.1	5776.0	WCSP	
299	Spectrogram 1	1	199.663	199.663120856	199.901681064	0.239	4312.5	5531.2	4781.2	31.2	49.6	57.0	199.663	/Users/mary/Desktop/listens_20180309/file5e57510803fc.wav	file5e57510803fc.wav	199.663	4196.5	5728.9	WCSP	
300	Spectrogram 1	1	200.642	200.642473288	200.843366095	0.201	4593.8	5343.8	4781.2	34.2	53.6	59.1	200.642	/Users/mary/Desktop/listens_20180309/file5e57510803fc.wav	file5e57510803fc.wav	200.642	4243.6	5752.5	WCSP	
301	Spectrogram 1	1	201.597	201.596714119	201.810162726	0.213	4500.0	5343.8	4875.0	30.4	48.9	54.2	201.597	/Users/mary/Desktop/listens_20180309/file5e57510803fc.wav	file5e57510803fc.wav	201.597	4361.5	5516.7	WCSP	
302	Spectrogram 1	1	202.250	202.249615740	202.412841146	0.163	4781.2	5437.5	4968.8	36.6	55.7	59.9	202.250	/Users/mary/Desktop/listens_20180309/file5e57510803fc.wav	file5e57510803fc.wav	202.250	4455.8	5776.0	WCSP	
303	Spectrogram 1	1	202.928	202.927628962	203.053186966	0.126	4593.8	5250.0	4781.2	33.1	46.9	53.9	202.928	/Users/mary/Desktop/listens_20180309/file5e57510803fc.wav	file5e57510803fc.wav	202.928	4526.5	5469.5	WCSP	
304	Spectrogram 1	1	203.781	203.781423390	203.906981394	0.126	4781.2	5156.2	4875.0	31.5	41.4	50.6	203.781	/Users/mary/Desktop/listens_20180309/file5e57510803fc.wav	file5e57510803fc.wav	203.781	4597.2	5304.5	WCSP	
305	Spectrogram 1	1	204.572	204.572438816	204.748220021	0.176	4406.2	5625.0	4781.2	30.3	47.2	55.0	204.572	/Users/mary/Desktop/listens_20180309/file5e57510803fc.wav	file5e57510803fc.wav	204.572	4149.3	5823.2	WCSP	
306	Spectrogram 1	1	205.414	205.413677443	205.564347048	0.151	4500.0	5250.0	4781.2	31.8	46.9	53.7	205.414	/Users/mary/Desktop/listens_20180309/file5e57510803fc.wav	file5e57510803fc.wav	205.414	4361.5	5422.4	WCSP	
307	Spectrogram 1	1	205.979	205.978688461	206.217248669	0.239	4406.2	6000.0	4968.8	28.9	45.9	55.5	205.979	/Users/mary/Desktop/listens_20180309/file5e57510803fc.wav	file5e57510803fc.wav	205.979	4290.8	6271.1	WCSP	
308	Spectrogram 1	1	206.782	206.782259688	206.932929292	0.151	4687.5	5062.5	4781.2	32.1	45.0	52.0	206.782	/Users/mary/Desktop/listens_20180309/file5e57510803fc.wav	file5e57510803fc.wav	206.782	4526.5	5163.1	WCSP	
309	Spectrogram 1	1	207.649	207.648609916	207.874614323	0.226	4218.8	5062.5	4781.2	30.8	46.9	54.5	207.649	/Users/mary/Desktop/listens_20180309/file5e57510803fc.wav	file5e57510803fc.wav	207.649	4125.7	5233.8	WCSP	
310	Spectrogram 1	1	208.540	208.539594782	208.727931788	0.188	4500.0	5062.5	4781.2	32.2	46.9	54.2	208.540	/Users/mary/Desktop/listens_20180309/file5e57510803fc.wav	file5e57510803fc.wav	208.540	4337.9	5186.6	WCSP	
311	Spectrogram 1	1	209.632	209.631949417	209.807730623	0.176	4406.2	5343.8	4781.2	29.5	44.8	52.8	209.632	/Users/mary/Desktop/listens_20180309/file5e57510803fc.wav	file5e57510803fc.wav	209.632	4220.0	5446.0	WCSP	
312	Spectrogram 1	1	210.636	210.636413450	210.761971454	0.126	4312.5	5343.8	4781.2	32.6	46.5	55.0	210.636	/Users/mary/Desktop/listens_20180309/file5e57510803fc.wav	file5e57510803fc.wav	210.636	4172.9	5563.9	WCSP	
313	Spectrogram 1	1	213.122	213.122461931	213.298243137	0.176	4781.2	5531.2	4968.8	33.1	50.3	56.7	213.122	/Users/mary/Desktop/listens_20180309/file5e57510803fc.wav	file5e57510803fc.wav	213.122	4455.8	5752.5	WCSP	
314	Spectrogram 1	1	213.876	213.875809955	214.039035361	0.163	4687.5	5437.5	4875.0	31.1	47.1	53.8	213.876	/Users/mary/Desktop/listens_20180309/file5e57510803fc.wav	file5e57510803fc.wav	213.876	4455.8	5587.4	WCSP	
315	Spectrogram 1	1	214.541	214.541267377	214.742160184	0.201	4781.2	5531.2	4968.8	31.1	47.4	54.3	214.541	/Users/mary/Desktop/listens_20180309/file5e57510803fc.wav	file5e57510803fc.wav	214.541	4597.2	5658.2	WCSP	
316	Spectrogram 1	1	216.023	216.022851825	216.198633031	0.176	4781.2	6187.5	5156.2	30.1	48.6	55.3	216.023	/Users/mary/Desktop/listens_20180309/file5e57510803fc.wav	file5e57510803fc.wav	216.023	4479.4	6318.3	WCSP	
317	Spectrogram 1	1	216.638	216.638086045	227.461185997	10.823	4218.8	5625.0	4875.0	27.5	52.0	70.1	216.638	/Users/mary/Desktop/listens_20180309/file5e57510803fc.wav	file5e57510803fc.wav	216.638	4031.4	5776.0	WCSP	
318	Spectrogram 1	1	228.498	228.498271154	228.925168368	0.427	4593.8	5812.5	5062.5	30.3	49.0	58.9	228.498	/Users/mary/Desktop/listens_20180309/file5e57510803fc.wav	file5e57510803fc.wav	228.498	4385.1	6082.5	WCSP	
319	Spectrogram 1	1	229.352	229.352065582	229.552958388	0.201	4593.8	5625.0	4875.0	34.5	52.8	60.0	229.352	/Users/mary/Desktop/listens_20180309/file5e57510803fc.wav	file5e57510803fc.wav	229.352	4220.0	6035.4	WCSP	
320	Spectrogram 1	1	229.942	229.942188201	230.130525207	0.188	4500.0	5437.5	4781.2	35.1	51.8	59.8	229.942	/Users/mary/Desktop/listens_20180309/file5e57510803fc.wav	file5e57510803fc.wav	229.942	4220.0	5823.2	WCSP	
321	Spectrogram 1	1	230.545	230.544866621	230.720647826	0.176	4593.8	5250.0	4781.2	37.0	52.2	60.3	230.545	/Users/mary/Desktop/listens_20180309/file5e57510803fc.wav	file5e57510803fc.wav	230.545	4314.3	5563.9	WCSP	
322	Spectrogram 1	1	231.210	231.210324042	231.398661048	0.188	4593.8	5437.5	4875.0	33.7	49.7	58.0	231.210	/Users/mary/Desktop/listens_20180309/file5e57510803fc.wav	file5e57510803fc.wav	231.210	4337.9	5752.5	WCSP	
323	Spectrogram 1	1	232.177	232.177120674	232.365457680	0.188	4781.2	5625.0	5156.2	31.0	46.1	54.2	232.177	/Users/mary/Desktop/listens_20180309/file5e57510803fc.wav	file5e57510803fc.wav	232.177	4597.2	5728.9	WCSP	
324	Spectrogram 1	1	232.780	232.779799093	232.955580299	0.176	4500.0	5625.0	5156.2	28.4	41.0	52.4	232.780	/Users/mary/Desktop/listens_20180309/file5e57510803fc.wav	file5e57510803fc.wav	232.780	4337.9	5799.6	WCSP	
325	Spectrogram 1	1	234.249	234.248827741	248.399214801	14.150	4218.8	5718.8	4781.2	28.5	52.2	72.5	234.249	/Users/mary/Desktop/listens_20180309/file5e57510803fc.wav	file5e57510803fc.wav	234.249	4078.6	5870.3	WCSP	
326	Spectrogram 1	1	249.392	249.392473680	261.759937082	12.367	4218.8	5531.2	4781.2	28.0	51.7	70.9	249.392	/Users/mary/Desktop/listens_20180309/file5e57510803fc.wav	file5e57510803fc.wav	249.392	4031.4	5705.3	WCSP	
327	Spectrogram 1	1	263.103	263.103407725	263.341967933	0.239	4500.0	5625.0	4781.2	28.9	43.7	54.2	263.103	/Users/mary/Desktop/listens_20180309/file5e57510803fc.wav	file5e57510803fc.wav	263.103	4314.3	5752.5	WCSP	
328	Spectrogram 1	1	263.769	263.768865147	264.007425355	0.239	4500.0	5812.5	4875.0	30.6	47.8	57.1	263.769	/Users/mary/Desktop/listens_20180309/file5e57510803fc.wav	file5e57510803fc.wav	263.769	4267.2	6106.1	WCSP	
329	Spectrogram 1	1	264.397	264.396655167	264.660326976	0.264	4500.0	5437.5	4781.2	33.9	50.4	59.8	264.397	/Users/mary/Desktop/listens_20180309/file5e57510803fc.wav	file5e57510803fc.wav	264.397	4267.2	5728.9	WCSP	
330	Spectrogram 1	1	265.527	265.526677204	265.752681611	0.226	4406.2	5718.8	4781.2	32.6	50.6	58.8	265.527	/Users/mary/Desktop/listens_20180309/file5e57510803fc.wav	file5e57510803fc.wav	265.527	4125.7	6035.4	WCSP	
331	Spectrogram 1	1	266.217	266.217246227	266.493473836	0.276	4312.5	5531.2	4687.5	32.6	50.9	59.5	266.217	/Users/mary/Desktop/listens_20180309/file5e57510803fc.wav	file5e57510803fc.wav	266.217	4055.0	5870.3	WCSP	
332	Spectrogram 1	1	267.561	267.560716870	267.799277078	0.239	4218.8	5437.5	4781.2	31.7	48.1	57.3	267.561	/Users/mary/Desktop/listens_20180309/file5e57510803fc.wav	file5e57510803fc.wav	267.561	4196.5	5658.2	WCSP	
333	Spectrogram 1	1	268.866	268.866042860	269.104603068	0.239	4500.0	5531.2	4781.2	30.5	45.6	55.7	268.866	/Users/mary/Desktop/listens_20180309/file5e57510803fc.wav	file5e57510803fc.wav	268.866	4361.5	5799.6	WCSP	
334	Spectrogram 1	1	269.758	269.757504689	269.945841695	0.188	4500.0	5343.8	4781.2	32.7	49.4	56.9	269.758	/Users/mary/Desktop/listens_20180309/file5e57510803fc.wav	file5e57510803fc.wav	269.758	4290.8	5681.7	WCSP	
335	Spectrogram 1	1	270.611	270.611299117	270.812191923	0.201	4406.2	5343.8	4781.2	32.4	49.7	57.2	270.611	/Users/mary/Desktop/listens_20180309/file5e57510803fc.wav	file5e57510803fc.wav	270.611	4125.7	5658.2	WCSP	
336	Spectrogram 1	1	271.164	271.163754335	271.389758742	0.226	4500.0	5531.2	4687.5	34.0	53.2	59.6	271.164	/Users/mary/Desktop/listens_20180309/file5e57510803fc.wav	file5e57510803fc.wav	271.164	4267.2	5893.9	WCSP	
337	Spectrogram 1	1	271.792	271.791544355	272.004992962	0.213	4312.5	5531.2	4781.2	32.0	49.2	57.8	271.792	/Users/mary/Desktop/listens_20180309/file5e57510803fc.wav	file5e57510803fc.wav	271.792	4055.0	5846.8	WCSP	
338	Spectrogram 1	1	272.331	272.331443773	272.544892380	0.213	4312.5	5343.8	4781.2	32.4	50.7	58.4	272.331	/Users/mary/Desktop/listens_20180309/file5e57510803fc.wav	file5e57510803fc.wav	272.331	3866.4	5752.5	WCSP	
339	Spectrogram 1	1	273.035	273.034568595	273.248017202	0.213	4218.8	5343.8	4781.2	33.5	52.4	59.7	273.035	/Users/mary/Desktop/listens_20180309/file5e57510803fc.wav	file5e57510803fc.wav	273.035	3913.6	5776.0	WCSP	
340	Spectrogram 1	1	273.725	273.725137618	273.926030424	0.201	4406.2	5343.8	4687.5	33.8	52.3	59.1	273.725	/Users/mary/Desktop/listens_20180309/file5e57510803fc.wav	file5e57510803fc.wav	273.725	4102.2	5776.0	WCSP	
341	Spectrogram 1	1	274.202	274.202258033	274.453374042	0.251	4218.8	5437.5	4781.2	32.7	52.4	59.7	274.202	/Users/mary/Desktop/listens_20180309/file5e57510803fc.wav	file5e57510803fc.wav	274.202	3890.0	5823.2	WCSP	
342	Spectrogram 1	1	275.069	275.068608262	275.307168469	0.239	4312.5	5343.8	4781.2	33.8	52.2	59.6	275.069	/Users/mary/Desktop/listens_20180309/file5e57510803fc.wav	file5e57510803fc.wav	275.069	4055.0	5634.6	WCSP	
343	Spectrogram 1	1	275.809	275.809400486	276.073072294	0.264	4218.8	5250.0	4687.5	32.1	51.1	58.6	275.809	/Users/mary/Desktop/listens_20180309/file5e57510803fc.wav	file5e57510803fc.wav	275.809	3937.1	5587.4	WCSP	
344	Spectrogram 1	1	276.550	276.550192710	276.776197117	0.226	4125.0	5343.8	4781.2	31.7	48.4	57.8	276.550	/Users/mary/Desktop/listens_20180309/file5e57510803fc.wav	file5e57510803fc.wav	276.550	3937.1	5681.7	WCSP	
345	Spectrogram 1	1	277.216	277.215650131	277.429098738	0.213	4312.5	5343.8	4781.2	33.5	49.9	58.8	277.216	/Users/mary/Desktop/listens_20180309/file5e57510803fc.wav	file5e57510803fc.wav	277.216	4078.6	5658.2	WCSP	
346	Spectrogram 1	1	277.881	277.881107553	278.107111960	0.226	4218.8	5250.0	4781.2	33.8	51.8	59.6	277.881	/Users/mary/Desktop/listens_20180309/file5e57510803fc.wav	file5e57510803fc.wav	277.881	3866.4	5611.0	WCSP	
347	Spectrogram 1	1	278.647	278.647011378	278.898127386	0.251	4125.0	5343.8	4781.2	32.5	50.4	59.0	278.647	/Users/mary/Desktop/listens_20180309/file5e57510803fc.wav	file5e57510803fc.wav	278.647	3890.0	5634.6	WCSP	
348	Spectrogram 1	1	279.714	279.714254413	279.977926221	0.264	4125.0	5437.5	4781.2	31.0	46.6	57.4	279.714	/Users/mary/Desktop/listens_20180309/file5e57510803fc.wav	file5e57510803fc.wav	279.714	3960.7	5681.7	WCSP	
349	Spectrogram 1	1	280.392	280.392267635	280.605716241	0.213	4312.5	5437.5	4781.2	32.2	48.3	57.7	280.392	/Users/mary/Desktop/listens_20180309/file5e57510803fc.wav	file5e57510803fc.wav	280.392	4078.6	5728.9	WCSP	
350	Spectrogram 1	1	281.058	281.057725056	281.271173663	0.213	4406.2	5531.2	4781.2	32.3	49.8	57.6	281.058	/Users/mary/Desktop/listens_20180309/file5e57510803fc.wav	file5e57510803fc.wav	281.058	4125.7	5776.0	WCSP	
351	Spectrogram 1	1	281.723	281.723182478	281.936631085	0.213	4406.2	5343.8	4781.2	31.9	48.4	56.9	281.723	/Users/mary/Desktop/listens_20180309/file5e57510803fc.wav	file5e57510803fc.wav	281.723	4125.7	5658.2	WCSP	
352	Spectrogram 1	1	282.451	282.451418901	282.627200107	0.176	4406.2	5250.0	4781.2	33.8	50.8	58.1	282.451	/Users/mary/Desktop/listens_20180309/file5e57510803fc.wav	file5e57510803fc.wav	282.451	4125.7	5634.6	WCSP	
353	Spectrogram 1	1	283.142	283.141987924	283.342880730	0.201	4500.0	5250.0	4781.2	35.3	52.5	60.0	283.142	/Users/mary/Desktop/listens_20180309/file5e57510803fc.wav	file5e57510803fc.wav	283.142	4055.0	5611.0	WCSP	
354	Spectrogram 1	1	283.770	283.769777944	283.995782352	0.226	4312.5	5437.5	4781.2	33.3	50.5	59.2	283.770	/Users/mary/Desktop/listens_20180309/file5e57510803fc.wav	file5e57510803fc.wav	283.770	4102.2	5776.0	WCSP	
355	Spectrogram 1	1	284.310	284.309677362	284.485458568	0.176	4593.8	5718.8	4781.2	34.0	51.0	58.8	284.310	/Users/mary/Desktop/listens_20180309/file5e57510803fc.wav	file5e57510803fc.wav	284.310	4314.3	6011.8	WCSP	
356	Spectrogram 1	1	285.000	285.000246384	285.176027590	0.176	4500.0	6000.0	4781.2	30.4	45.5	55.6	285.000	/Users/mary/Desktop/listens_20180309/file5e57510803fc.wav	file5e57510803fc.wav	285.000	4220.0	6176.8	WCSP	
357	Spectrogram 1	1	285.603	285.602924804	285.941931415	0.339	4500.0	5625.0	4875.0	32.3	52.1	59.9	285.603	/Users/mary/Desktop/listens_20180309/file5e57510803fc.wav	file5e57510803fc.wav	285.603	4267.2	5941.1	WCSP	
358	Spectrogram 1	1	286.545	286.544609834	286.783170042	0.239	4593.8	5437.5	4875.0	33.0	50.0	58.2	286.545	/Users/mary/Desktop/listens_20180309/file5e57510803fc.wav	file5e57510803fc.wav	286.545	4385.1	5799.6	WCSP	
359	Spectrogram 1	1	287.285	287.285402059	287.473739065	0.188	4312.5	5718.8	4875.0	31.0	46.4	56.2	287.285	/Users/mary/Desktop/listens_20180309/file5e57510803fc.wav	file5e57510803fc.wav	287.285	4149.3	5917.5	WCSP	
360	Spectrogram 1	1	288.014	288.014075324	288.277747133	0.264	4218.8	5437.5	4875.0	30.2	46.4	56.7	288.014	/Users/mary/Desktop/listens_20180309/file5e57510803fc.wav	file5e57510803fc.wav	288.014	4007.9	5634.6	WCSP	
361	Spectrogram 1	1	288.906	288.905537153	289.131541561	0.226	4312.5	5437.5	4687.5	29.4	46.4	54.5	288.906	/Users/mary/Desktop/listens_20180309/file5e57510803fc.wav	file5e57510803fc.wav	288.906	4149.3	5563.9	WCSP	
362	Spectrogram 1	1	289.822	289.822110583	290.085782392	0.264	4500.0	5531.2	4781.2	31.0	47.7	57.0	289.822	/Users/mary/Desktop/listens_20180309/file5e57510803fc.wav	file5e57510803fc.wav	289.822	4243.6	5752.5	WCSP	
363	Spectrogram 1	1	290.889	290.889353618	291.215804428	0.326	4312.5	5437.5	4875.0	32.2	51.2	59.6	290.889	/Users/mary/Desktop/listens_20180309/file5e57510803fc.wav	file5e57510803fc.wav	290.889	4102.2	5799.6	WCSP	
364	Spectrogram 1	1	291.944	291.944040852	293.902745716	1.959	4218.8	5718.8	4968.8	28.4	48.0	63.8	291.944	/Users/mary/Desktop/listens_20180309/file5e57510803fc.wav	file5e57510803fc.wav	291.944	4102.2	5823.2	WCSP	
365	Spectrogram 1	1	294.556	294.555647337	294.769095944	0.213	4500.0	5718.8	4968.8	30.3	46.1	55.3	294.556	/Users/mary/Desktop/listens_20180309/file5e57510803fc.wav	file5e57510803fc.wav	294.556	4337.9	5893.9	WCSP	
366	Spectrogram 1	1	296.339	296.338570995	296.552019602	0.213	4687.5	5625.0	4875.0	30.9	49.4	55.6	296.339	/Users/mary/Desktop/listens_20180309/file5e57510803fc.wav	file5e57510803fc.wav	296.339	4408.6	5846.8	WCSP	
367	Spectrogram 1	1	296.991	296.991472616	297.204921223	0.213	4781.2	5625.0	5062.5	31.8	48.4	56.2	296.991	/Users/mary/Desktop/listens_20180309/file5e57510803fc.wav	file5e57510803fc.wav	296.991	4502.9	5823.2	WCSP	
368	Spectrogram 1	1	298.385	298.385166461	298.636282469	0.251	4687.5	5625.0	4968.8	28.8	45.5	53.7	298.385	/Users/mary/Desktop/listens_20180309/file5e57510803fc.wav	file5e57510803fc.wav	298.385	4502.9	5752.5	WCSP	
369	Spectrogram 1	1	299.766	299.766304506	300.017420514	0.251	4687.5	5531.2	4968.8	28.0	43.0	52.1	299.766	/Users/mary/Desktop/listens_20180309/file5e57510803fc.wav	file5e57510803fc.wav	299.766	4502.9	5540.3	WCSP	
370	Spectrogram 1	1	300.796	300.795880140	302.139350783	1.343	4406.2	5812.5	5062.5	27.1	46.2	60.6	300.796	/Users/mary/Desktop/listens_20180309/file5e57510803fc.wav	file5e57510803fc.wav	300.796	4290.8	5988.2	WCSP	
371	Spectrogram 1	1	303.006	303.005701011	303.219149618	0.213	4593.8	5531.2	4875.0	29.5	45.7	54.0	303.006	/Users/mary/Desktop/listens_20180309/file5e57510803fc.wav	file5e57510803fc.wav	303.006	4408.6	5776.0	WCSP	
372	Spectrogram 1	1	303.847	303.846939639	304.135723048	0.289	4406.2	5437.5	4875.0	30.1	46.9	55.9	303.847	/Users/mary/Desktop/listens_20180309/file5e57510803fc.wav	file5e57510803fc.wav	303.847	4290.8	5611.0	WCSP	
373	Spectrogram 1	1	305.194	305.193588829	305.369370034	0.176	4687.5	5531.2	5062.5	27.6	39.1	49.8	305.194	/Users/mary/Desktop/listens_20180309/file5e57510803fc.wav	file5e57510803fc.wav	305.194	4644.4	5563.9	WCSP	
374	Spectrogram 1	1	305.997	305.997160055	306.260831863	0.264	4500.0	5437.5	4968.8	27.9	42.0	52.9	305.997	/Users/mary/Desktop/listens_20180309/file5e57510803fc.wav	file5e57510803fc.wav	305.997	4361.5	5563.9	WCSP	
375	Spectrogram 1	1	306.751	306.750508079	306.963956686	0.213	4593.8	5531.2	5156.2	26.4	38.5	49.8	306.751	/Users/mary/Desktop/listens_20180309/file5e57510803fc.wav	file5e57510803fc.wav	306.751	4526.5	5611.0	WCSP	
376	Spectrogram 1	1	307.454	307.453632902	307.641969908	0.188	4500.0	5531.2	5062.5	27.9	41.6	51.5	307.454	/Users/mary/Desktop/listens_20180309/file5e57510803fc.wav	file5e57510803fc.wav	307.454	4479.4	5705.3	WCSP	
377	Spectrogram 1	1	343.471	343.471277249	346.471277249	3.000	1687.5	10875.0	6187.5	27.0	39.6	71.7	343.471	/Users/mary/Desktop/listens_20180309/file5e57510803fc.wav	file5e57510803fc.wav	343.471	1413.0	11220.0	background	
