Selection	View	Channel	Begin Clock Time	Begin Time (s)	End Time (s)	Delta Time (s)	Freq 5% (Hz)	Freq 95% (Hz)	Center Freq (Hz)	Avg Power (dB)	Max Power (dB)	Energy (dB)	Begin Date Time	Begin Path	Begin File	File Offset (s)	Low Freq (Hz)	High Freq (Hz)	ID	NOTES
1	Spectrogram 1	1	8.387	8.386582853	8.823134947	0.437	4968.8	6843.8	6000.0	27.6	44.0	57.3	8.387	/Users/mary/Desktop/listens_20180309/completed_listens/file5e5739d6b62f.wav	file5e5739d6b62f.wav	8.387	4823.2	6945.3	AMPI	
2	Spectrogram 1	1	9.502	9.502215984	14.595323757	5.093	4593.8	6750.0	5906.2	27.0	44.9	67.9	9.502	/Users/mary/Desktop/listens_20180309/completed_listens/file5e5739d6b62f.wav	file5e5739d6b62f.wav	9.502	4437.3	6868.2	AMPI	
3	Spectrogram 1	1	1.167	1.166669048	1.706874704	0.540	3187.5	5718.8	4312.5	26.9	39.6	58.7	1.167	/Users/mary/Desktop/listens_20180309/completed_listens/file5e5739d6b62f.wav	file5e5739d6b62f.wav	1.167	3048.2	5826.4	MOCH	
4	Spectrogram 1	1	3.659	3.658643432	4.018780536	0.360	3281.2	5156.2	3937.5	27.3	39.0	56.2	3.659	/Users/mary/Desktop/listens_20180309/completed_listens/file5e5739d6b62f.wav	file5e5739d6b62f.wav	3.659	3164.0	5324.8	PIKA	
5	Spectrogram 1	1	5.581	5.581060669	6.104116940	0.523	4875.0	6843.8	5906.2	26.9	38.5	57.6	5.581	/Users/mary/Desktop/listens_20180309/completed_listens/file5e5739d6b62f.wav	file5e5739d6b62f.wav	5.581	4746.0	6945.3		
6	Spectrogram 1	1	16.257	16.257465546	22.139704918	5.882	3843.8	6937.5	5343.8	26.7	44.4	69.8	16.257	/Users/mary/Desktop/listens_20180309/completed_listens/file5e5739d6b62f.wav	file5e5739d6b62f.wav	16.257	3627.0	7061.1	AMPI	
7	Spectrogram 1	1	23.369	23.369286930	23.908913825	0.540	1781.2	3843.8	2531.2	29.4	41.5	60.5	23.369	/Users/mary/Desktop/listens_20180309/completed_listens/file5e5739d6b62f.wav	file5e5739d6b62f.wav	23.369	1774.9	4051.4	PIKA	
8	Spectrogram 1	1	24.717	24.717055420	24.929268244	0.212	4875.0	7031.2	6000.0	27.1	40.6	54.3	24.717	/Users/mary/Desktop/listens_20180309/completed_listens/file5e5739d6b62f.wav	file5e5739d6b62f.wav	24.717	4746.0	7138.3	AMPI	
9	Spectrogram 1	1	25.887	25.887257563	26.141912952	0.255	4687.5	6937.5	6000.0	27.1	40.3	55.2	25.887	/Users/mary/Desktop/listens_20180309/completed_listens/file5e5739d6b62f.wav	file5e5739d6b62f.wav	25.887	4591.6	7099.7	AMPI	
10	Spectrogram 1	1	26.300	26.299556764	26.517832811	0.218	4875.0	7218.8	6093.8	26.8	39.8	54.6	26.300	/Users/mary/Desktop/listens_20180309/completed_listens/file5e5739d6b62f.wav	file5e5739d6b62f.wav	26.300	4668.8	7331.2	AMPI	
11	Spectrogram 1	1	27.051	27.051396483	27.257546083	0.206	4781.2	7218.8	6093.8	26.9	38.9	54.3	27.051	/Users/mary/Desktop/listens_20180309/completed_listens/file5e5739d6b62f.wav	file5e5739d6b62f.wav	27.051	4668.8	7369.8	AMPI	
12	Spectrogram 1	1	27.621	27.621339496	27.785046531	0.164	5062.5	7406.2	6187.5	26.4	37.8	52.7	27.621	/Users/mary/Desktop/listens_20180309/completed_listens/file5e5739d6b62f.wav	file5e5739d6b62f.wav	27.621	4938.9	7562.7	AMPI	
13	Spectrogram 1	1	28.842	28.842399928	29.169813999	0.327	1875.0	3000.0	2437.5	29.5	39.1	55.8	28.842	/Users/mary/Desktop/listens_20180309/completed_listens/file5e5739d6b62f.wav	file5e5739d6b62f.wav	28.842	1852.1	3164.0	PIKA	
16	Spectrogram 1	1	29.894	29.893826552	31.409632437	1.516	3093.8	5343.8	4218.8	28.1	48.3	64.1	29.894	/Users/mary/Desktop/listens_20180309/completed_listens/file5e5739d6b62f.wav	file5e5739d6b62f.wav	29.894	2932.5	5594.9	WCSP	song
17	Spectrogram 1	1	29.918	29.918079446	30.178798058	0.261	4781.2	7031.2	6093.8	27.9	42.8	56.5	29.918	/Users/mary/Desktop/listens_20180309/completed_listens/file5e5739d6b62f.wav	file5e5739d6b62f.wav	29.918	4553.1	7254.0	AMPI	
18	Spectrogram 1	1	32.210	32.209977944	32.476759780	0.267	4500.0	7125.0	6187.5	28.6	44.5	57.9	32.210	/Users/mary/Desktop/listens_20180309/completed_listens/file5e5739d6b62f.wav	file5e5739d6b62f.wav	32.210	4205.8	7369.8	AMPI	
19	Spectrogram 1	1	32.998	32.998197004	33.240725946	0.243	4875.0	7125.0	6375.0	30.5	48.0	58.8	32.998	/Users/mary/Desktop/listens_20180309/completed_listens/file5e5739d6b62f.wav	file5e5739d6b62f.wav	32.998	4514.5	7331.2	AMPI	
20	Spectrogram 1	1	33.677	33.677278041	33.828858629	0.152	5156.2	7312.5	6281.2	28.0	43.0	54.1	33.677	/Users/mary/Desktop/listens_20180309/completed_listens/file5e5739d6b62f.wav	file5e5739d6b62f.wav	33.677	4784.6	7562.7	AMPI	
21	Spectrogram 1	1	35.059	35.059428870	35.283768141	0.224	5156.2	7218.8	6375.0	27.1	39.5	54.4	35.059	/Users/mary/Desktop/listens_20180309/completed_listens/file5e5739d6b62f.wav	file5e5739d6b62f.wav	35.059	5054.7	7408.4	AMPI	
22	Spectrogram 1	1	39.055	39.054829044	42.054829044	3.000	1687.5	10968.8	6843.8	27.6	40.5	72.3	39.055	/Users/mary/Desktop/listens_20180309/completed_listens/file5e5739d6b62f.wav	file5e5739d6b62f.wav	39.055	1413.0	11220.0	background	
23	Spectrogram 1	1	45.204	45.204004968	45.301016544	0.097	4500.0	5812.5	5250.0	28.8	40.5	50.9	45.204	/Users/mary/Desktop/listens_20180309/completed_listens/file5e5739d6b62f.wav	file5e5739d6b62f.wav	45.204	4321.5	6019.3	WCSP	call
24	Spectrogram 1	1	47.102	47.102243242	47.393277972	0.291	4500.0	8156.2	6468.8	29.0	47.9	60.0	47.102	/Users/mary/Desktop/listens_20180309/completed_listens/file5e5739d6b62f.wav	file5e5739d6b62f.wav	47.102	4128.6	8450.2	AMPI	
25	Spectrogram 1	1	46.975	46.974915547	47.077990348	0.103	4781.2	5906.2	5250.0	29.4	42.9	51.4	46.975	/Users/mary/Desktop/listens_20180309/completed_listens/file5e5739d6b62f.wav	file5e5739d6b62f.wav	46.975	4553.1	6057.9	WCSP	call
26	Spectrogram 1	1	49.897	49.896744516	50.054388328	0.158	2625.0	3562.5	3281.2	29.7	40.8	52.3	49.897	/Users/mary/Desktop/listens_20180309/completed_listens/file5e5739d6b62f.wav	file5e5739d6b62f.wav	49.897	2585.2	3742.8	PIKA	
27	Spectrogram 1	1	51.261	51.260969813	51.400423954	0.139	4875.0	5906.2	5343.8	27.9	38.3	49.9	51.261	/Users/mary/Desktop/listens_20180309/completed_listens/file5e5739d6b62f.wav	file5e5739d6b62f.wav	51.261	4823.2	5980.7	WCSP	call
28	Spectrogram 1	1	61.151	61.150728047	61.241676400	0.091	2718.8	3468.8	3187.5	30.3	43.6	50.0	61.151	/Users/mary/Desktop/listens_20180309/completed_listens/file5e5739d6b62f.wav	file5e5739d6b62f.wav	61.151	2623.8	3627.0	MARMOT	*
29	Spectrogram 1	1	62.096	62.096339488	63.331095274	1.235	3093.8	5062.5	4125.0	32.6	52.6	68.1	62.096	/Users/mary/Desktop/listens_20180309/completed_listens/file5e5739d6b62f.wav	file5e5739d6b62f.wav	62.096	2778.1	5633.4	AMPI	
30	Spectrogram 1	1	63.365	63.365394046	65.389021585	2.024	3000.0	7593.8	5343.8	29.2	50.7	69.7	63.365	/Users/mary/Desktop/listens_20180309/completed_listens/file5e5739d6b62f.wav	file5e5739d6b62f.wav	63.365	2585.2	7987.1	AMPI	
31	Spectrogram 1	1	65.792	65.792032154	66.478007591	0.686	2906.2	6468.8	4593.8	31.5	50.1	66.4	65.792	/Users/mary/Desktop/listens_20180309/completed_listens/file5e5739d6b62f.wav	file5e5739d6b62f.wav	65.792	2508.0	7061.1	AMPI	
32	Spectrogram 1	1	67.087	67.086810791	67.755636842	0.669	2906.2	7312.5	5812.5	29.7	50.0	65.1	67.087	/Users/mary/Desktop/listens_20180309/completed_listens/file5e5739d6b62f.wav	file5e5739d6b62f.wav	67.087	2585.2	7755.6	AMPI	
33	Spectrogram 1	1	68.484	68.484485744	68.930369778	0.446	3750.0	5437.5	4687.5	32.3	48.5	62.5	68.484	/Users/mary/Desktop/listens_20180309/completed_listens/file5e5739d6b62f.wav	file5e5739d6b62f.wav	68.484	3434.1	5749.2	AMPI	
34	Spectrogram 1	1	69.368	69.367679119	69.684942759	0.317	3187.5	4781.2	4125.0	33.9	51.0	62.9	69.368	/Users/mary/Desktop/listens_20180309/completed_listens/file5e5739d6b62f.wav	file5e5739d6b62f.wav	69.368	2778.1	5286.2	AMPI	
35	Spectrogram 1	1	70.288	70.287620492	70.836400842	0.549	3375.0	6937.5	5156.2	27.1	40.9	60.4	70.288	/Users/mary/Desktop/listens_20180309/completed_listens/file5e5739d6b62f.wav	file5e5739d6b62f.wav	70.288	3279.7	7138.3	AMPI	
36	Spectrogram 1	1	71.531	71.530950972	71.822490532	0.292	3750.0	5718.8	4593.8	28.8	45.3	56.9	71.531	/Users/mary/Desktop/listens_20180309/completed_listens/file5e5739d6b62f.wav	file5e5739d6b62f.wav	71.531	3588.4	5865.0	AMPI	
37	Spectrogram 1	1	72.337	72.336972110	72.791430837	0.454	3093.8	6937.5	4406.2	28.0	46.9	61.0	72.337	/Users/mary/Desktop/listens_20180309/completed_listens/file5e5739d6b62f.wav	file5e5739d6b62f.wav	72.337	2893.9	7292.6	AMPI	
38	Spectrogram 1	1	74.695	74.695195845	74.823816239	0.129	4125.0	7031.2	5531.2	27.0	39.6	53.1	74.695	/Users/mary/Desktop/listens_20180309/completed_listens/file5e5739d6b62f.wav	file5e5739d6b62f.wav	74.695	3974.3	7176.8	AMPI	
42	Spectrogram 1	1	75.331	75.330812775	75.485157248	0.154	4125.0	6843.8	5156.2	27.5	41.7	54.4	75.331	/Users/mary/Desktop/listens_20180309/completed_listens/file5e5739d6b62f.wav	file5e5739d6b62f.wav	75.331	3897.1	7061.1	AMPI	
43	Spectrogram 1	1	76.188	76.188282071	76.608442026	0.420	3843.8	5718.8	4875.0	27.5	44.9	57.1	76.188	/Users/mary/Desktop/listens_20180309/completed_listens/file5e5739d6b62f.wav	file5e5739d6b62f.wav	76.188	3742.8	5903.5	AMPI	
44	Spectrogram 1	1	76.823	76.822809350	77.320141542	0.497	5437.5	7031.2	6281.2	27.2	40.6	56.9	76.823	/Users/mary/Desktop/listens_20180309/completed_listens/file5e5739d6b62f.wav	file5e5739d6b62f.wav	76.823	5324.8	7176.8	AMPI	
45	Spectrogram 1	1	77.629	77.628830489	77.903220663	0.274	4312.5	7312.5	6093.8	28.1	46.0	57.8	77.629	/Users/mary/Desktop/listens_20180309/completed_listens/file5e5739d6b62f.wav	file5e5739d6b62f.wav	77.629	4090.0	7524.1	AMPI	
46	Spectrogram 1	1	78.349	78.349104697	78.623494872	0.274	4125.0	5531.2	4687.5	28.5	41.3	54.8	78.349	/Users/mary/Desktop/listens_20180309/completed_listens/file5e5739d6b62f.wav	file5e5739d6b62f.wav	78.349	4051.4	5633.4	AMPI	
47	Spectrogram 1	1	79.249	79.249447458	79.523837633	0.274	3375.0	4593.8	3937.5	30.0	44.5	56.1	79.249	/Users/mary/Desktop/listens_20180309/completed_listens/file5e5739d6b62f.wav	file5e5739d6b62f.wav	79.249	3241.2	4707.4	AMPI	
48	Spectrogram 1	1	106.098	106.098239046	106.321181063	0.223	4500.0	6093.8	5437.5	27.0	39.5	53.3	106.098	/Users/mary/Desktop/listens_20180309/completed_listens/file5e5739d6b62f.wav	file5e5739d6b62f.wav	106.098	4398.7	6250.8	AMPI	
49	Spectrogram 1	1	95.558	95.558261893	98.558261893	3.000	1687.5	10968.8	7125.0	27.6	41.2	72.3	95.558	/Users/mary/Desktop/listens_20180309/completed_listens/file5e5739d6b62f.wav	file5e5739d6b62f.wav	95.558	1413.0	11220.0	background	
50	Spectrogram 1	1	109.828	109.827546459	109.981890932	0.154	5812.5	6937.5	6468.8	27.6	39.4	50.3	109.828	/Users/mary/Desktop/listens_20180309/completed_listens/file5e5739d6b62f.wav	file5e5739d6b62f.wav	109.828	5749.2	6945.3	UNK5	teeny high pitched tik
51	Spectrogram 1	1	110.308	110.307729265	110.462073738	0.154	5906.2	7031.2	6656.2	28.0	40.8	51.0	110.308	/Users/mary/Desktop/listens_20180309/completed_listens/file5e5739d6b62f.wav	file5e5739d6b62f.wav	110.308	5903.5	7176.8	UNK5	teeny high pitched tik
52	Spectrogram 1	1	111.945	111.945357512	112.965745974	1.020	3750.0	5718.8	4687.5	26.3	40.9	60.0	111.945	/Users/mary/Desktop/listens_20180309/completed_listens/file5e5739d6b62f.wav	file5e5739d6b62f.wav	111.945	3627.0	5903.5	WCSP	
53	Spectrogram 1	1	113.883	113.882554095	116.609306457	2.727	3843.8	7218.8	5718.8	26.9	42.6	67.2	113.883	/Users/mary/Desktop/listens_20180309/completed_listens/file5e5739d6b62f.wav	file5e5739d6b62f.wav	113.883	3627.0	7485.5	WCSP	fledgling
54	Spectrogram 1	1	118.023	118.022921685	118.211564930	0.189	5437.5	7500.0	6562.5	31.0	47.7	58.2	118.023	/Users/mary/Desktop/listens_20180309/completed_listens/file5e5739d6b62f.wav	file5e5739d6b62f.wav	118.023	5016.1	7832.8	WCSP	
55	Spectrogram 1	1	118.503	118.503104491	118.640299578	0.137	5156.2	7125.0	6281.2	34.2	51.4	60.5	118.503	/Users/mary/Desktop/listens_20180309/completed_listens/file5e5739d6b62f.wav	file5e5739d6b62f.wav	118.503	4668.8	7717.0	WCSP	
56	Spectrogram 1	1	119.266	119.266252164	119.437746024	0.171	5250.0	7125.0	6000.0	33.2	52.0	60.1	119.266	/Users/mary/Desktop/listens_20180309/completed_listens/file5e5739d6b62f.wav	file5e5739d6b62f.wav	119.266	4746.0	7639.9	WCSP	
57	Spectrogram 1	1	120.072	120.072273303	120.243767162	0.171	4687.5	6656.2	5718.8	30.5	47.6	56.9	120.072	/Users/mary/Desktop/listens_20180309/completed_listens/file5e5739d6b62f.wav	file5e5739d6b62f.wav	120.072	4398.7	6868.2	WCSP	
58	Spectrogram 1	1	120.818	120.818271591	121.598568650	0.780	4593.8	8156.2	6187.5	28.3	48.7	63.5	120.818	/Users/mary/Desktop/listens_20180309/completed_listens/file5e5739d6b62f.wav	file5e5739d6b62f.wav	120.818	4244.4	8450.2	WCSP	
59	Spectrogram 1	1	123.385	123.385224187	133.134650084	9.749	5062.5	7687.5	6281.2	28.4	51.4	73.3	123.385	/Users/mary/Desktop/listens_20180309/completed_listens/file5e5739d6b62f.wav	file5e5739d6b62f.wav	123.385	4746.0	7910.0	WCSP	
60	Spectrogram 1	1	133.842	133.842477159	134.116867333	0.274	5343.8	7875.0	6656.2	29.0	43.3	58.0	133.842	/Users/mary/Desktop/listens_20180309/completed_listens/file5e5739d6b62f.wav	file5e5739d6b62f.wav	133.842	5093.2	7987.1	WCSP	
61	Spectrogram 1	1	141.352	141.351648913	141.583165623	0.232	5531.2	7593.8	6562.5	27.8	40.1	55.3	141.352	/Users/mary/Desktop/listens_20180309/completed_listens/file5e5739d6b62f.wav	file5e5739d6b62f.wav	141.352	5324.8	7717.0	WCSP	
62	Spectrogram 1	1	135.953	135.952695205	137.890575814	1.938	5250.0	7687.5	6468.8	26.7	42.2	63.9	135.953	/Users/mary/Desktop/listens_20180309/completed_listens/file5e5739d6b62f.wav	file5e5739d6b62f.wav	135.953	5093.2	7794.2	WCSP	
63	Spectrogram 1	1	142.935	142.935092819	144.590008561	1.655	3187.5	5062.5	4125.0	26.7	43.6	62.3	142.935	/Users/mary/Desktop/listens_20180309/completed_listens/file5e5739d6b62f.wav	file5e5739d6b62f.wav	142.935	3048.2	5209.0	WCSP	song
64	Spectrogram 1	1	142.652	142.652127952	144.427089395	1.775	5156.2	7218.8	6187.5	26.3	41.2	62.5	142.652	/Users/mary/Desktop/listens_20180309/completed_listens/file5e5739d6b62f.wav	file5e5739d6b62f.wav	142.652	5054.7	7369.8	WCSP	
65	Spectrogram 1	1	150.205	150.204698256	150.607708825	0.403	1968.8	4125.0	2906.2	28.6	41.1	58.5	150.205	/Users/mary/Desktop/listens_20180309/completed_listens/file5e5739d6b62f.wav	file5e5739d6b62f.wav	150.205	1890.7	4360.1	PIKA	
66	Spectrogram 1	1	155.018	155.017622470	157.126996939	2.109	2906.2	5531.2	4125.0	27.1	44.6	65.1	155.018	/Users/mary/Desktop/listens_20180309/completed_listens/file5e5739d6b62f.wav	file5e5739d6b62f.wav	155.018	2739.5	5787.8	WCSP	song
67	Spectrogram 1	1	157.915	157.914818522	159.029528607	1.115	5531.2	7593.8	6562.5	26.6	39.8	60.8	157.915	/Users/mary/Desktop/listens_20180309/completed_listens/file5e5739d6b62f.wav	file5e5739d6b62f.wav	157.915	5363.3	7717.0	WCSP	
68	Spectrogram 1	1	166.834	166.833729225	169.097448167	2.264	3000.0	5250.0	4125.0	27.7	46.4	65.5	166.834	/Users/mary/Desktop/listens_20180309/completed_listens/file5e5739d6b62f.wav	file5e5739d6b62f.wav	166.834	2893.9	5517.7	WCSP	song
69	Spectrogram 1	1	182.510	182.510479137	184.619853605	2.109	3281.2	5343.8	4218.8	29.0	49.0	66.3	182.510	/Users/mary/Desktop/listens_20180309/completed_listens/file5e5739d6b62f.wav	file5e5739d6b62f.wav	182.510	3086.8	5594.9	WCSP	song
74	Spectrogram 1	1	190.591	190.590930744	190.685252366	0.094	5718.8	7406.2	6375.0	30.3	44.4	53.6	190.591	/Users/mary/Desktop/listens_20180309/completed_listens/file5e5739d6b62f.wav	file5e5739d6b62f.wav	190.591	5363.3	7678.5	WCSP	
75	Spectrogram 1	1	191.796	191.795675105	191.885709381	0.090	5718.8	7218.8	6281.2	29.7	43.4	52.2	191.796	/Users/mary/Desktop/listens_20180309/completed_listens/file5e5739d6b62f.wav	file5e5739d6b62f.wav	191.796	5440.5	7485.5	WCSP	
76	Spectrogram 1	1	193.472	193.472027579	193.587785934	0.116	5437.5	7406.2	6375.0	28.2	41.1	52.2	193.472	/Users/mary/Desktop/listens_20180309/completed_listens/file5e5739d6b62f.wav	file5e5739d6b62f.wav	193.472	5286.2	7562.7	WCSP	
77	Spectrogram 1	1	195.060	195.059715787	196.624597253	1.565	5343.8	7500.0	6468.8	27.1	42.0	63.0	195.060	/Users/mary/Desktop/listens_20180309/completed_listens/file5e5739d6b62f.wav	file5e5739d6b62f.wav	195.060	5209.0	7639.9	AMPI	
78	Spectrogram 1	1	196.989	196.989021704	199.162706370	2.174	2812.5	5812.5	4218.8	28.2	47.5	67.0	196.989	/Users/mary/Desktop/listens_20180309/completed_listens/file5e5739d6b62f.wav	file5e5739d6b62f.wav	196.989	2623.8	6019.3	WCSP	song
79	Spectrogram 1	1	198.058	198.057984033	198.148018309	0.090	5531.2	7125.0	6281.2	29.3	42.4	52.1	198.058	/Users/mary/Desktop/listens_20180309/completed_listens/file5e5739d6b62f.wav	file5e5739d6b62f.wav	198.058	5324.8	7369.8	AMPI	
80	Spectrogram 1	1	199.130	199.129820653	199.228429622	0.099	5906.2	7312.5	6562.5	31.6	44.0	54.2	199.130	/Users/mary/Desktop/listens_20180309/completed_listens/file5e5739d6b62f.wav	file5e5739d6b62f.wav	199.130	5672.0	7485.5	AMPI	
81	Spectrogram 1	1	197.363	197.363433903	197.835042016	0.472	5812.5	7875.0	6843.8	27.1	39.1	57.5	197.363	/Users/mary/Desktop/listens_20180309/completed_listens/file5e5739d6b62f.wav	file5e5739d6b62f.wav	197.363	5672.0	8025.7	AMPI	
82	Spectrogram 1	1	196.799	196.798840482	196.897449451	0.099	5062.5	6843.8	5718.8	28.8	40.5	52.1	196.799	/Users/mary/Desktop/listens_20180309/completed_listens/file5e5739d6b62f.wav	file5e5739d6b62f.wav	196.799	4861.7	6983.9	AMPI	
83	Spectrogram 1	1	200.534	200.534209927	201.241622097	0.707	5625.0	8062.5	6750.0	27.7	46.4	60.7	200.534	/Users/mary/Desktop/listens_20180309/completed_listens/file5e5739d6b62f.wav	file5e5739d6b62f.wav	200.534	5401.9	8180.1	AMPI	
84	Spectrogram 1	1	202.864	202.863696096	204.831588130	1.968	4125.0	7406.2	5718.8	27.9	46.1	66.5	202.864	/Users/mary/Desktop/listens_20180309/completed_listens/file5e5739d6b62f.wav	file5e5739d6b62f.wav	202.864	3897.1	7678.5	AMPI	
85	Spectrogram 1	1	206.962	206.962399331	207.048146261	0.086	5812.5	7500.0	6562.5	33.1	46.5	56.6	206.962	/Users/mary/Desktop/listens_20180309/completed_listens/file5e5739d6b62f.wav	file5e5739d6b62f.wav	206.962	5324.8	7948.6	WCSP	
86	Spectrogram 1	1	207.292	207.292239317	207.575204185	0.283	5062.5	7687.5	6562.5	27.6	41.6	56.8	207.292	/Users/mary/Desktop/listens_20180309/completed_listens/file5e5739d6b62f.wav	file5e5739d6b62f.wav	207.292	4823.2	7871.4	AMPI	
87	Spectrogram 1	1	207.867	207.866743746	207.973927408	0.107	5625.0	6937.5	6375.0	30.2	46.9	52.8	207.867	/Users/mary/Desktop/listens_20180309/completed_listens/file5e5739d6b62f.wav	file5e5739d6b62f.wav	207.867	5479.1	7176.8	AMPI	
88	Spectrogram 1	1	208.450	208.449822867	208.548431836	0.099	5812.5	7031.2	6375.0	27.6	39.5	49.2	208.450	/Users/mary/Desktop/listens_20180309/completed_listens/file5e5739d6b62f.wav	file5e5739d6b62f.wav	208.450	5710.6	7176.8	AMPI	
89	Spectrogram 1	1	209.123	209.122936265	209.384464400	0.262	4500.0	7312.5	6093.8	27.6	41.8	56.8	209.123	/Users/mary/Desktop/listens_20180309/completed_listens/file5e5739d6b62f.wav	file5e5739d6b62f.wav	209.123	4244.4	7446.9	AMPI	
90	Spectrogram 1	1	209.571	209.570767915	211.705866463	2.135	2718.8	7687.5	4406.2	28.6	51.5	69.4	209.571	/Users/mary/Desktop/listens_20180309/completed_listens/file5e5739d6b62f.wav	file5e5739d6b62f.wav	209.571	2430.9	8141.5	WCSP	song
91	Spectrogram 1	1	212.885	212.884886745	212.996357753	0.111	5718.8	7593.8	6187.5	30.2	45.3	54.6	212.885	/Users/mary/Desktop/listens_20180309/completed_listens/file5e5739d6b62f.wav	file5e5739d6b62f.wav	212.885	5363.3	7794.2	WCSP	
92	Spectrogram 1	1	213.712	213.712344616	213.810953585	0.099	5906.2	7875.0	6750.0	30.0	42.4	53.9	213.712	/Users/mary/Desktop/listens_20180309/completed_listens/file5e5739d6b62f.wav	file5e5739d6b62f.wav	213.712	5594.9	8102.9	WCSP	
93	Spectrogram 1	1	220.486	220.485788473	220.888799043	0.403	4968.8	7593.8	6281.2	27.9	43.0	58.7	220.486	/Users/mary/Desktop/listens_20180309/completed_listens/file5e5739d6b62f.wav	file5e5739d6b62f.wav	220.486	4746.0	7717.0	WCSP	
94	Spectrogram 1	1	221.163	221.163189217	221.982072395	0.819	5812.5	7875.0	6843.8	27.6	41.7	60.4	221.163	/Users/mary/Desktop/listens_20180309/completed_listens/file5e5739d6b62f.wav	file5e5739d6b62f.wav	221.163	5710.6	8025.7	WCSP	
95	Spectrogram 1	1	222.385	222.385082964	222.513703359	0.129	5812.5	7593.8	7031.2	29.1	42.4	53.7	222.385	/Users/mary/Desktop/listens_20180309/completed_listens/file5e5739d6b62f.wav	file5e5739d6b62f.wav	222.385	5556.3	7832.8	WCSP	
96	Spectrogram 1	1	222.677	222.676622525	222.813817613	0.137	6093.8	7968.8	7031.2	29.2	42.7	54.1	222.677	/Users/mary/Desktop/listens_20180309/completed_listens/file5e5739d6b62f.wav	file5e5739d6b62f.wav	222.677	5826.4	8102.9	WCSP	
97	Spectrogram 1	1	222.814	222.813817613	222.946725353	0.133	4125.0	5437.5	4781.2	34.9	51.6	60.2	222.814	/Users/mary/Desktop/listens_20180309/completed_listens/file5e5739d6b62f.wav	file5e5739d6b62f.wav	222.814	3549.8	6057.9	WCSP	*
98	Spectrogram 1	1	223.045	223.045334322	223.191104103	0.146	6187.5	7968.8	6937.5	28.5	43.8	53.5	223.045	/Users/mary/Desktop/listens_20180309/completed_listens/file5e5739d6b62f.wav	file5e5739d6b62f.wav	223.045	5942.1	8102.9	WCSP	
99	Spectrogram 1	1	223.564	223.564103247	223.692723641	0.129	5906.2	7875.0	6937.5	28.7	43.1	53.7	223.564	/Users/mary/Desktop/listens_20180309/completed_listens/file5e5739d6b62f.wav	file5e5739d6b62f.wav	223.564	5710.6	8064.3	WCSP	
100	Spectrogram 1	1	224.061	224.061435438	224.185768486	0.124	5812.5	7968.8	6656.2	30.0	46.3	55.4	224.061	/Users/mary/Desktop/listens_20180309/completed_listens/file5e5739d6b62f.wav	file5e5739d6b62f.wav	224.061	5479.1	8295.8	WCSP	
101	Spectrogram 1	1	224.730	224.730261489	224.816008419	0.086	6656.2	8343.8	7500.0	29.0	43.2	51.7	224.730	/Users/mary/Desktop/listens_20180309/completed_listens/file5e5739d6b62f.wav	file5e5739d6b62f.wav	224.730	6443.7	8527.3	WCSP	
102	Spectrogram 1	1	224.189	224.188900414	226.161079795	1.972	3000.0	6281.2	4312.5	28.5	49.3	67.2	224.189	/Users/mary/Desktop/listens_20180309/completed_listens/file5e5739d6b62f.wav	file5e5739d6b62f.wav	224.189	2778.1	6520.9	WCSP	song
103	Spectrogram 1	1	225.767	225.766737693	225.856771970	0.090	4781.2	7406.2	6093.8	34.2	49.3	59.3	225.767	/Users/mary/Desktop/listens_20180309/completed_listens/file5e5739d6b62f.wav	file5e5739d6b62f.wav	225.767	4398.7	7948.6	AMPI	*AMPI?
104	Spectrogram 1	1	227.405	227.404504049	227.606009334	0.202	4875.0	7312.5	6187.5	28.3	43.7	55.9	227.405	/Users/mary/Desktop/listens_20180309/completed_listens/file5e5739d6b62f.wav	file5e5739d6b62f.wav	227.405	4630.2	7446.9	AMPI	*AMPI?
105	Spectrogram 1	1	228.073	228.073330100	228.167651723	0.094	5437.5	6843.8	6281.2	29.1	42.7	51.4	228.073	/Users/mary/Desktop/listens_20180309/completed_listens/file5e5739d6b62f.wav	file5e5739d6b62f.wav	228.073	5247.6	6983.9	AMPI	*AMPI?
106	Spectrogram 1	1	228.969	228.969385515	229.063707137	0.094	5812.5	7781.2	6468.8	30.7	45.2	54.6	228.969	/Users/mary/Desktop/listens_20180309/completed_listens/file5e5739d6b62f.wav	file5e5739d6b62f.wav	228.969	5556.3	8141.5	AMPI	*AMPI?
107	Spectrogram 1	1	228.982	228.982339361	229.475384206	0.493	1781.2	4125.0	2531.2	28.6	42.3	59.7	228.982	/Users/mary/Desktop/listens_20180309/completed_listens/file5e5739d6b62f.wav	file5e5739d6b62f.wav	228.982	1697.7	4360.1	PIKA	
108	Spectrogram 1	1	230.371	230.371439620	230.435749818	0.064	5531.2	6656.2	6000.0	30.2	42.8	50.0	230.371	/Users/mary/Desktop/listens_20180309/completed_listens/file5e5739d6b62f.wav	file5e5739d6b62f.wav	230.371	5324.8	6829.6	AMPI	*AMPI?
109	Spectrogram 1	1	240.293	240.292675459	242.380613195	2.088	2906.2	5718.8	4125.0	29.4	51.6	67.9	240.293	/Users/mary/Desktop/listens_20180309/completed_listens/file5e5739d6b62f.wav	file5e5739d6b62f.wav	240.293	2662.4	6019.3	WCSP	song
110	Spectrogram 1	1	246.990	246.989893880	247.088502849	0.099	1500.0	4125.0	2250.0	30.9	41.4	56.2	246.990	/Users/mary/Desktop/listens_20180309/completed_listens/file5e5739d6b62f.wav	file5e5739d6b62f.wav	246.990	1389.1	4630.2	GCRF	
111	Spectrogram 1	1	248.971	248.970647954	249.107843041	0.137	1406.2	4500.0	2437.5	31.2	44.4	58.3	248.971	/Users/mary/Desktop/listens_20180309/completed_listens/file5e5739d6b62f.wav	file5e5739d6b62f.wav	248.971	1389.1	5016.1	GCRF	
112	Spectrogram 1	1	244.706	244.705507892	244.816978901	0.111	1500.0	3656.2	2156.2	29.7	41.4	54.1	244.706	/Users/mary/Desktop/listens_20180309/completed_listens/file5e5739d6b62f.wav	file5e5739d6b62f.wav	244.706	1427.7	3897.1	GCRF	
113	Spectrogram 1	1	250.217	250.217404360	250.830494907	0.613	4031.2	7312.5	5718.8	30.5	52.2	64.6	250.217	/Users/mary/Desktop/listens_20180309/completed_listens/file5e5739d6b62f.wav	file5e5739d6b62f.wav	250.217	3588.4	7755.6	WCSP	
114	Spectrogram 1	1	253.058	253.057575347	253.730688744	0.673	2531.2	4312.5	3281.2	29.7	42.6	61.3	253.058	/Users/mary/Desktop/listens_20180309/completed_listens/file5e5739d6b62f.wav	file5e5739d6b62f.wav	253.058	2353.7	4591.6	PIKA	
115	Spectrogram 1	1	256.956	256.956300371	257.217828506	0.262	5906.2	8437.5	7125.0	28.0	39.6	56.8	256.956	/Users/mary/Desktop/listens_20180309/completed_listens/file5e5739d6b62f.wav	file5e5739d6b62f.wav	256.956	5672.0	8604.5	WCSP	
116	Spectrogram 1	1	257.604	257.603689689	257.719448044	0.116	6000.0	7968.8	7031.2	29.1	40.7	53.5	257.604	/Users/mary/Desktop/listens_20180309/completed_listens/file5e5739d6b62f.wav	file5e5739d6b62f.wav	257.604	5787.8	8064.3	WCSP	
117	Spectrogram 1	1	258.024	258.023849644	258.143895346	0.120	5812.5	7687.5	6656.2	28.5	41.7	52.5	258.024	/Users/mary/Desktop/listens_20180309/completed_listens/file5e5739d6b62f.wav	file5e5739d6b62f.wav	258.024	5672.0	7794.2	WCSP	
118	Spectrogram 1	1	258.590	258.589779380	258.705537735	0.116	6000.0	7875.0	7031.2	31.5	46.8	56.2	258.590	/Users/mary/Desktop/listens_20180309/completed_listens/file5e5739d6b62f.wav	file5e5739d6b62f.wav	258.590	5594.9	8102.9	WCSP	
119	Spectrogram 1	1	259.143	259.142847076	259.267180124	0.124	5625.0	7968.8	7031.2	29.9	44.7	55.5	259.143	/Users/mary/Desktop/listens_20180309/completed_listens/file5e5739d6b62f.wav	file5e5739d6b62f.wav	259.143	5286.2	8180.1	WCSP	
120	Spectrogram 1	1	259.666	259.665903346	259.777374355	0.111	6093.8	7875.0	7031.2	30.3	46.6	54.3	259.666	/Users/mary/Desktop/listens_20180309/completed_listens/file5e5739d6b62f.wav	file5e5739d6b62f.wav	259.666	5903.5	8141.5	WCSP	
121	Spectrogram 1	1	260.056	260.056051876	260.146086152	0.090	6468.8	7968.8	7125.0	30.9	42.4	53.5	260.056	/Users/mary/Desktop/listens_20180309/completed_listens/file5e5739d6b62f.wav	file5e5739d6b62f.wav	260.056	6250.8	8218.6	WCSP	
122	Spectrogram 1	1	260.609	260.609119572	260.703441195	0.094	6375.0	8062.5	7312.5	31.1	44.5	54.5	260.609	/Users/mary/Desktop/listens_20180309/completed_listens/file5e5739d6b62f.wav	file5e5739d6b62f.wav	260.609	5942.1	8411.6	WCSP	
123	Spectrogram 1	1	261.141	261.140750536	261.230784812	0.090	6281.2	7593.8	6843.8	30.6	44.0	52.5	261.141	/Users/mary/Desktop/listens_20180309/completed_listens/file5e5739d6b62f.wav	file5e5739d6b62f.wav	261.141	6057.9	7755.6	WCSP	
124	Spectrogram 1	1	258.928	258.928479752	261.132175843	2.204	2718.8	5343.8	4031.2	28.2	47.5	66.4	258.928	/Users/mary/Desktop/listens_20180309/completed_listens/file5e5739d6b62f.wav	file5e5739d6b62f.wav	258.928	2585.2	5594.9	WCSP	song
125	Spectrogram 1	1	261.498	261.498432013	261.588466289	0.090	6375.0	7968.8	7125.0	32.0	46.8	55.1	261.498	/Users/mary/Desktop/listens_20180309/completed_listens/file5e5739d6b62f.wav	file5e5739d6b62f.wav	261.498	6019.3	8257.2	WCSP	
126	Spectrogram 1	1	262.360	262.360188656	262.445935586	0.086	6187.5	7687.5	6843.8	33.5	47.2	56.5	262.360	/Users/mary/Desktop/listens_20180309/completed_listens/file5e5739d6b62f.wav	file5e5739d6b62f.wav	262.360	5749.2	8141.5	WCSP	
127	Spectrogram 1	1	262.999	262.999003282	263.106186944	0.107	6000.0	7406.2	6468.8	31.3	47.6	54.8	262.999	/Users/mary/Desktop/listens_20180309/completed_listens/file5e5739d6b62f.wav	file5e5739d6b62f.wav	262.999	5556.3	7601.3	WCSP	
128	Spectrogram 1	1	263.574	263.573507710	263.680691372	0.107	5906.2	7781.2	6468.8	33.0	50.5	57.3	263.574	/Users/mary/Desktop/listens_20180309/completed_listens/file5e5739d6b62f.wav	file5e5739d6b62f.wav	263.574	5517.7	8025.7	WCSP	
129	Spectrogram 1	1	263.904	263.903633389	264.002242358	0.099	5906.2	8437.5	7218.8	29.7	42.1	54.8	263.904	/Users/mary/Desktop/listens_20180309/completed_listens/file5e5739d6b62f.wav	file5e5739d6b62f.wav	263.904	5594.9	8758.8	WCSP	
130	Spectrogram 1	1	264.213	264.212634580	264.341254974	0.129	5531.2	7968.8	6843.8	29.8	44.0	55.6	264.213	/Users/mary/Desktop/listens_20180309/completed_listens/file5e5739d6b62f.wav	file5e5739d6b62f.wav	264.213	5209.0	8180.1	WCSP	
131	Spectrogram 1	1	264.641	264.641369228	264.744265543	0.103	5718.8	7968.8	6937.5	30.8	45.7	55.7	264.641	/Users/mary/Desktop/listens_20180309/completed_listens/file5e5739d6b62f.wav	file5e5739d6b62f.wav	264.641	5286.2	8334.4	WCSP	
132	Spectrogram 1	1	265.083	265.082965915	265.168712845	0.086	5718.8	7687.5	6750.0	30.9	46.5	54.7	265.083	/Users/mary/Desktop/listens_20180309/completed_listens/file5e5739d6b62f.wav	file5e5739d6b62f.wav	265.083	5324.8	8102.9	WCSP	
133	Spectrogram 1	1	265.423	265.423323572	268.591672622	3.168	5343.8	8437.5	6937.5	29.3	51.0	70.2	265.423	/Users/mary/Desktop/listens_20180309/completed_listens/file5e5739d6b62f.wav	file5e5739d6b62f.wav	265.423	4938.9	8720.3	WCSP	
134	Spectrogram 1	1	269.008	269.007545230	269.149027664	0.141	5718.8	8062.5	7218.8	31.3	49.7	58.0	269.008	/Users/mary/Desktop/listens_20180309/completed_listens/file5e5739d6b62f.wav	file5e5739d6b62f.wav	269.008	5209.0	8527.3	WCSP	
135	Spectrogram 1	1	269.625	269.624923124	269.762118211	0.137	5625.0	7687.5	6750.0	31.7	50.7	57.8	269.625	/Users/mary/Desktop/listens_20180309/completed_listens/file5e5739d6b62f.wav	file5e5739d6b62f.wav	269.625	5131.8	7987.1	WCSP	
136	Spectrogram 1	1	270.143	270.142502189	270.275409930	0.133	5718.8	7593.8	6656.2	27.6	38.6	52.3	270.143	/Users/mary/Desktop/listens_20180309/completed_listens/file5e5739d6b62f.wav	file5e5739d6b62f.wav	270.143	5440.5	7717.0	WCSP	
137	Spectrogram 1	1	270.854	270.854201705	270.961385367	0.107	5625.0	7875.0	6468.8	29.0	42.7	53.6	270.854	/Users/mary/Desktop/listens_20180309/completed_listens/file5e5739d6b62f.wav	file5e5739d6b62f.wav	270.854	5286.2	8025.7	WCSP	
138	Spectrogram 1	1	271.347	271.347246550	271.441568173	0.094	6187.5	8250.0	7406.2	31.4	48.9	55.8	271.347	/Users/mary/Desktop/listens_20180309/completed_listens/file5e5739d6b62f.wav	file5e5739d6b62f.wav	271.347	5749.2	8565.9	WCSP	
139	Spectrogram 1	1	271.935	271.934613018	272.058946066	0.124	6281.2	7781.2	7031.2	32.4	46.0	56.8	271.935	/Users/mary/Desktop/listens_20180309/completed_listens/file5e5739d6b62f.wav	file5e5739d6b62f.wav	271.935	5903.5	8025.7	WCSP	
140	Spectrogram 1	1	272.475	272.474818675	272.560565604	0.086	6000.0	7875.0	7125.0	29.2	38.9	51.8	272.475	/Users/mary/Desktop/listens_20180309/completed_listens/file5e5739d6b62f.wav	file5e5739d6b62f.wav	272.475	5826.4	8025.7	WCSP	
141	Spectrogram 1	1	272.878	272.877829244	272.989300252	0.111	6187.5	7968.8	7125.0	28.4	40.6	52.3	272.878	/Users/mary/Desktop/listens_20180309/completed_listens/file5e5739d6b62f.wav	file5e5739d6b62f.wav	272.878	5980.7	8064.3	WCSP	
142	Spectrogram 1	1	273.294	273.293701853	273.375161436	0.081	6187.5	7968.8	7031.2	29.7	41.4	52.2	273.294	/Users/mary/Desktop/listens_20180309/completed_listens/file5e5739d6b62f.wav	file5e5739d6b62f.wav	273.294	5903.5	8064.3	WCSP	
143	Spectrogram 1	1	273.237	273.236527323	275.483096879	2.247	3000.0	5343.8	3937.5	29.7	53.4	68.0	273.237	/Users/mary/Desktop/listens_20180309/completed_listens/file5e5739d6b62f.wav	file5e5739d6b62f.wav	273.237	2701.0	5633.4	WCSP	song
144	Spectrogram 1	1	274.351	274.351237408	276.880771832	2.530	6000.0	8062.5	7125.0	27.5	45.2	65.2	274.351	/Users/mary/Desktop/listens_20180309/completed_listens/file5e5739d6b62f.wav	file5e5739d6b62f.wav	274.351	5865.0	8218.6	WCSP	
145	Spectrogram 1	1	277.305	277.305219133	277.433839528	0.129	6375.0	7968.8	7218.8	28.9	42.1	53.0	277.305	/Users/mary/Desktop/listens_20180309/completed_listens/file5e5739d6b62f.wav	file5e5739d6b62f.wav	277.305	6212.2	8218.6	WCSP	
146	Spectrogram 1	1	277.755	277.755390514	277.892585601	0.137	6375.0	8062.5	7218.8	29.4	40.9	53.6	277.755	/Users/mary/Desktop/listens_20180309/completed_listens/file5e5739d6b62f.wav	file5e5739d6b62f.wav	277.755	6250.8	8218.6	WCSP	
147	Spectrogram 1	1	277.489	277.488975215	277.801951508	0.313	2250.0	3937.5	3000.0	30.1	44.8	58.1	277.489	/Users/mary/Desktop/listens_20180309/completed_listens/file5e5739d6b62f.wav	file5e5739d6b62f.wav	277.489	2122.2	4128.6	PIKA	*GCRF
148	Spectrogram 1	1	278.076	278.076341683	278.200674731	0.124	5718.8	7875.0	6937.5	28.1	41.2	53.1	278.076	/Users/mary/Desktop/listens_20180309/completed_listens/file5e5739d6b62f.wav	file5e5739d6b62f.wav	278.076	5479.1	8064.3	WCSP	
149	Spectrogram 1	1	278.458	278.457915520	278.590823261	0.133	5437.5	7687.5	6843.8	27.4	40.2	52.7	278.458	/Users/mary/Desktop/listens_20180309/completed_listens/file5e5739d6b62f.wav	file5e5739d6b62f.wav	278.458	5324.8	7832.8	WCSP	
150	Spectrogram 1	1	278.865	278.865213435	278.985259137	0.120	6000.0	7500.0	6937.5	31.7	49.8	55.9	278.865	/Users/mary/Desktop/listens_20180309/completed_listens/file5e5739d6b62f.wav	file5e5739d6b62f.wav	278.865	5633.4	7948.6	WCSP	
151	Spectrogram 1	1	279.200	279.199626461	279.765556196	0.566	5343.8	8250.0	7125.0	27.8	43.5	60.7	279.200	/Users/mary/Desktop/listens_20180309/completed_listens/file5e5739d6b62f.wav	file5e5739d6b62f.wav	279.200	5093.2	8527.3	WCSP	
152	Spectrogram 1	1	280.079	280.078532489	280.220014923	0.141	6562.5	8531.2	7312.5	28.9	43.6	54.2	280.079	/Users/mary/Desktop/listens_20180309/completed_listens/file5e5739d6b62f.wav	file5e5739d6b62f.wav	280.079	6289.4	8681.7	WCSP	
153	Spectrogram 1	1	282.075	282.074731946	282.177628262	0.103	5156.2	6468.8	5531.2	31.0	44.7	54.2	282.075	/Users/mary/Desktop/listens_20180309/completed_listens/file5e5739d6b62f.wav	file5e5739d6b62f.wav	282.075	4707.4	6829.6	WCSP	
154	Spectrogram 1	1	283.199	283.199107376	286.547524977	3.348	5250.0	8250.0	6750.0	27.3	45.6	67.9	283.199	/Users/mary/Desktop/listens_20180309/completed_listens/file5e5739d6b62f.wav	file5e5739d6b62f.wav	283.199	5016.1	8373.0	WCSP	
155	Spectrogram 1	1	287.327	287.326632562	287.450965610	0.124	5156.2	6843.8	5718.8	27.6	41.9	51.8	287.327	/Users/mary/Desktop/listens_20180309/completed_listens/file5e5739d6b62f.wav	file5e5739d6b62f.wav	287.327	4900.3	6983.9	WCSP	
156	Spectrogram 1	1	288.017	288.016895346	288.115504315	0.099	5718.8	7218.8	6375.0	28.2	40.6	50.5	288.017	/Users/mary/Desktop/listens_20180309/completed_listens/file5e5739d6b62f.wav	file5e5739d6b62f.wav	288.017	5594.9	7369.8	WCSP	
157	Spectrogram 1	1	288.651	288.651422625	288.741456901	0.090	6187.5	7500.0	7031.2	28.7	39.7	50.3	288.651	/Users/mary/Desktop/listens_20180309/completed_listens/file5e5739d6b62f.wav	file5e5739d6b62f.wav	288.651	6019.3	7639.9	WCSP	
158	Spectrogram 1	1	288.999	288.998697690	289.178766242	0.180	5625.0	7218.8	6468.8	28.6	41.4	53.9	288.999	/Users/mary/Desktop/listens_20180309/completed_listens/file5e5739d6b62f.wav	file5e5739d6b62f.wav	288.999	5479.1	7331.2	WCSP	
159	Spectrogram 1	1	298.358	298.357610873	298.704885938	0.347	2625.0	4593.8	3562.5	29.3	44.1	58.6	298.358	/Users/mary/Desktop/listens_20180309/completed_listens/file5e5739d6b62f.wav	file5e5739d6b62f.wav	298.358	2392.3	4784.6	PIKA	
160	Spectrogram 1	1	301.422	301.421981750	301.520590719	0.099	5343.8	6468.8	5906.2	30.2	44.0	52.0	301.422	/Users/mary/Desktop/listens_20180309/completed_listens/file5e5739d6b62f.wav	file5e5739d6b62f.wav	301.422	5131.8	6636.7	WCSP	
161	Spectrogram 1	1	304.066	304.065951400	304.173135062	0.107	5906.2	7687.5	6562.5	29.2	45.0	52.8	304.066	/Users/mary/Desktop/listens_20180309/completed_listens/file5e5739d6b62f.wav	file5e5739d6b62f.wav	304.066	5633.4	7832.8	WCSP	
162	Spectrogram 1	1	304.435	304.434663197	304.537559513	0.103	5812.5	8062.5	7031.2	28.4	40.7	52.7	304.435	/Users/mary/Desktop/listens_20180309/completed_listens/file5e5739d6b62f.wav	file5e5739d6b62f.wav	304.435	5594.9	8180.1	WCSP	
163	Spectrogram 1	1	304.773	304.773363569	304.871972538	0.099	5437.5	6468.8	5812.5	32.2	47.2	54.3	304.773	/Users/mary/Desktop/listens_20180309/completed_listens/file5e5739d6b62f.wav	file5e5739d6b62f.wav	304.773	5131.8	6752.4	WCSP	
164	Spectrogram 1	1	306.621	306.621209903	306.711244179	0.090	5343.8	7125.0	5812.5	31.4	47.0	54.7	306.621	/Users/mary/Desktop/listens_20180309/completed_listens/file5e5739d6b62f.wav	file5e5739d6b62f.wav	306.621	5054.7	7369.8	WCSP	
165	Spectrogram 1	1	307.749	307.748782027	307.843103650	0.094	5343.8	6750.0	6000.0	29.4	41.3	51.5	307.749	/Users/mary/Desktop/listens_20180309/completed_listens/file5e5739d6b62f.wav	file5e5739d6b62f.wav	307.749	5209.0	6906.8	WCSP	
166	Spectrogram 1	1	308.042	308.041807495	308.127554425	0.086	5437.5	6468.8	6187.5	30.1	42.7	51.2	308.042	/Users/mary/Desktop/listens_20180309/completed_listens/file5e5739d6b62f.wav	file5e5739d6b62f.wav	308.042	5324.8	6752.4	WCSP	
167	Spectrogram 1	1	309.489	309.488895523	309.574642453	0.086	5250.0	6375.0	5812.5	28.4	38.3	48.6	309.489	/Users/mary/Desktop/listens_20180309/completed_listens/file5e5739d6b62f.wav	file5e5739d6b62f.wav	309.489	5209.0	6443.7	WCSP	
168	Spectrogram 1	1	312.913	312.913162233	312.981759777	0.069	5625.0	6656.2	5906.2	29.0	40.8	48.9	312.913	/Users/mary/Desktop/listens_20180309/completed_listens/file5e5739d6b62f.wav	file5e5739d6b62f.wav	312.913	5363.3	6791.0	WCSP	
169	Spectrogram 1	1	314.718	314.718135101	314.838180803	0.120	5531.2	6843.8	6093.8	30.9	45.4	54.7	314.718	/Users/mary/Desktop/listens_20180309/completed_listens/file5e5739d6b62f.wav	file5e5739d6b62f.wav	314.718	5247.6	7176.8	WCSP	
170	Spectrogram 1	1	320.873	320.873219202	320.967540825	0.094	5718.8	7312.5	6187.5	32.9	47.2	56.8	320.873	/Users/mary/Desktop/listens_20180309/completed_listens/file5e5739d6b62f.wav	file5e5739d6b62f.wav	320.873	5247.6	7755.6	WCSP	
171	Spectrogram 1	1	322.523	322.522879354	322.685798520	0.163	5531.2	6656.2	5906.2	31.3	44.8	54.9	322.523	/Users/mary/Desktop/listens_20180309/completed_listens/file5e5739d6b62f.wav	file5e5739d6b62f.wav	322.523	5363.3	6829.6	WCSP	
172	Spectrogram 1	1	323.758	323.757635141	323.826232684	0.069	5437.5	6656.2	6281.2	30.5	43.1	51.0	323.758	/Users/mary/Desktop/listens_20180309/completed_listens/file5e5739d6b62f.wav	file5e5739d6b62f.wav	323.758	5170.4	6791.0	WCSP	
173	Spectrogram 1	1	324.646	324.646390809	324.727850392	0.081	5343.8	6562.5	6093.8	28.7	39.8	49.5	324.646	/Users/mary/Desktop/listens_20180309/completed_listens/file5e5739d6b62f.wav	file5e5739d6b62f.wav	324.646	5247.6	6675.2	WCSP	
174	Spectrogram 1	1	325.765	325.765388241	325.876859249	0.111	5718.8	7031.2	6375.0	28.4	39.9	50.7	325.765	/Users/mary/Desktop/listens_20180309/completed_listens/file5e5739d6b62f.wav	file5e5739d6b62f.wav	325.765	5556.3	7215.4	WCSP	
175	Spectrogram 1	1	326.070	326.069789841	326.164111463	0.094	5250.0	6562.5	5718.8	28.1	38.3	49.7	326.070	/Users/mary/Desktop/listens_20180309/completed_listens/file5e5739d6b62f.wav	file5e5739d6b62f.wav	326.070	5093.2	6713.8	WCSP	
176	Spectrogram 1	1	327.154	327.154488500	327.227373391	0.073	5437.5	6750.0	6000.0	32.7	45.5	54.6	327.154	/Users/mary/Desktop/listens_20180309/completed_listens/file5e5739d6b62f.wav	file5e5739d6b62f.wav	327.154	5016.1	7099.7	WCSP	
177	Spectrogram 1	1	328.852	328.852277707	328.929449943	0.077	5625.0	6562.5	5812.5	39.4	55.1	62.3	328.852	/Users/mary/Desktop/listens_20180309/completed_listens/file5e5739d6b62f.wav	file5e5739d6b62f.wav	328.852	5016.1	7446.9	WCSP	
178	Spectrogram 1	1	330.142	330.141646989	330.231681265	0.090	5625.0	6562.5	5906.2	36.5	51.2	59.0	330.142	/Users/mary/Desktop/listens_20180309/completed_listens/file5e5739d6b62f.wav	file5e5739d6b62f.wav	330.142	5093.2	7061.1	WCSP	
179	Spectrogram 1	1	330.931	330.930518742	331.033415057	0.103	5343.8	6562.5	5812.5	31.2	44.8	53.8	330.931	/Users/mary/Desktop/listens_20180309/completed_listens/file5e5739d6b62f.wav	file5e5739d6b62f.wav	330.931	4977.5	6791.0	WCSP	
180	Spectrogram 1	1	336.810	336.810100501	336.912996816	0.103	5156.2	6750.0	6000.0	28.6	40.2	51.6	336.810	/Users/mary/Desktop/listens_20180309/completed_listens/file5e5739d6b62f.wav	file5e5739d6b62f.wav	336.810	4977.5	6868.2	WCSP	
181	Spectrogram 1	1	337.513	337.513225323	337.603259599	0.090	5062.5	6656.2	5812.5	28.9	42.2	51.2	337.513	/Users/mary/Desktop/listens_20180309/completed_listens/file5e5739d6b62f.wav	file5e5739d6b62f.wav	337.513	4938.9	6791.0	WCSP	
182	Spectrogram 1	1	338.196	338.195907804	338.517458791	0.322	1968.8	5625.0	2906.2	30.7	44.8	62.0	338.196	/Users/mary/Desktop/listens_20180309/completed_listens/file5e5739d6b62f.wav	file5e5739d6b62f.wav	338.196	1736.3	5942.1	PIKA	
183	Spectrogram 1	1	338.457	338.457435940	338.526033484	0.069	5812.5	7125.0	6468.8	30.9	42.8	51.0	338.457	/Users/mary/Desktop/listens_20180309/completed_listens/file5e5739d6b62f.wav	file5e5739d6b62f.wav	338.457	5749.2	7254.0	WCSP	
184	Spectrogram 1	1	339.221	339.220583613	339.460675016	0.240	5343.8	6750.0	5906.2	32.2	49.3	59.3	339.221	/Users/mary/Desktop/listens_20180309/completed_listens/file5e5739d6b62f.wav	file5e5739d6b62f.wav	339.221	4977.5	7138.3	WCSP	
185	Spectrogram 1	1	341.600	341.600060910	341.861589046	0.262	4875.0	6750.0	5718.8	29.0	46.1	56.8	341.600	/Users/mary/Desktop/listens_20180309/completed_listens/file5e5739d6b62f.wav	file5e5739d6b62f.wav	341.600	4668.8	6983.9	WCSP	
186	Spectrogram 1	1	342.400	342.400471574	342.516229929	0.116	5531.2	6562.5	5812.5	37.8	53.2	61.6	342.400	/Users/mary/Desktop/listens_20180309/completed_listens/file5e5739d6b62f.wav	file5e5739d6b62f.wav	342.400	5054.7	7215.4	WCSP	
187	Spectrogram 1	1	343.747	343.746698369	343.828157952	0.081	5250.0	6656.2	6000.0	29.3	40.8	50.8	343.747	/Users/mary/Desktop/listens_20180309/completed_listens/file5e5739d6b62f.wav	file5e5739d6b62f.wav	343.747	5093.2	6906.8	WCSP	
188	Spectrogram 1	1	344.175	344.175433017	344.261179947	0.086	5625.0	6468.8	5812.5	41.2	57.1	64.7	344.175	/Users/mary/Desktop/listens_20180309/completed_listens/file5e5739d6b62f.wav	file5e5739d6b62f.wav	344.175	4591.6	7215.4	WCSP	
189	Spectrogram 1	1	344.600	344.599880319	344.711351327	0.111	5437.5	6750.0	5812.5	30.1	45.8	52.6	344.600	/Users/mary/Desktop/listens_20180309/completed_listens/file5e5739d6b62f.wav	file5e5739d6b62f.wav	344.600	5286.2	6906.8	WCSP	
190	Spectrogram 1	1	345.534	345.534456596	345.856007582	0.322	5531.2	6562.5	5812.5	34.3	53.8	62.9	345.534	/Users/mary/Desktop/listens_20180309/completed_listens/file5e5739d6b62f.wav	file5e5739d6b62f.wav	345.534	4861.7	7061.1	WCSP	
191	Spectrogram 1	1	348.257	348.256921611	348.355530580	0.099	5625.0	6468.8	5812.5	41.3	56.5	64.5	348.257	/Users/mary/Desktop/listens_20180309/completed_listens/file5e5739d6b62f.wav	file5e5739d6b62f.wav	348.257	5054.7	7138.3	WCSP	
192	Spectrogram 1	1	350.310	350.310388900	350.430434601	0.120	5625.0	6468.8	5906.2	38.6	53.8	62.2	350.310	/Users/mary/Desktop/listens_20180309/completed_listens/file5e5739d6b62f.wav	file5e5739d6b62f.wav	350.310	4977.5	7022.5	WCSP	
193	Spectrogram 1	1	350.808	350.807721092	350.910617407	0.103	5250.0	6656.2	6187.5	30.3	44.6	53.1	350.808	/Users/mary/Desktop/listens_20180309/completed_listens/file5e5739d6b62f.wav	file5e5739d6b62f.wav	350.808	5016.1	6868.2	WCSP	
194	Spectrogram 1	1	352.137	352.136798501	352.269706242	0.133	5625.0	6656.2	5812.5	34.1	48.8	58.9	352.137	/Users/mary/Desktop/listens_20180309/completed_listens/file5e5739d6b62f.wav	file5e5739d6b62f.wav	352.137	5016.1	7292.6	WCSP	
195	Spectrogram 1	1	353.228	353.228371226	353.541347519	0.313	4031.2	6281.2	5156.2	34.8	56.5	65.5	353.228	/Users/mary/Desktop/listens_20180309/completed_listens/file5e5739d6b62f.wav	file5e5739d6b62f.wav	353.228	3125.4	6906.8	WCSP	
196	Spectrogram 1	1	354.159	354.158725412	354.253047035	0.094	5625.0	6375.0	5812.5	39.7	54.5	62.3	354.159	/Users/mary/Desktop/listens_20180309/completed_listens/file5e5739d6b62f.wav	file5e5739d6b62f.wav	354.159	5016.1	6868.2	WCSP	
197	Spectrogram 1	1	354.253	354.253047035	354.368805389	0.116	3468.8	4406.2	4031.2	35.5	48.8	58.2	354.253	/Users/mary/Desktop/listens_20180309/completed_listens/file5e5739d6b62f.wav	file5e5739d6b62f.wav	354.253	3009.6	4630.2	WCSP	
198	Spectrogram 1	1	355.462	355.462078742	355.560687711	0.099	5718.8	6468.8	5906.2	43.5	58.1	66.5	355.462	/Users/mary/Desktop/listens_20180309/completed_listens/file5e5739d6b62f.wav	file5e5739d6b62f.wav	355.462	5131.8	7215.4	WCSP	
199	Spectrogram 1	1	356.967	356.966937357	357.074121019	0.107	5625.0	6468.8	5812.5	42.1	57.2	65.7	356.967	/Users/mary/Desktop/listens_20180309/completed_listens/file5e5739d6b62f.wav	file5e5739d6b62f.wav	356.967	4900.3	7061.1	WCSP	
200	Spectrogram 1	1	358.029	358.028571509	358.221502101	0.193	3937.5	7218.8	6187.5	36.6	56.3	67.1	358.029	/Users/mary/Desktop/listens_20180309/completed_listens/file5e5739d6b62f.wav	file5e5739d6b62f.wav	358.029	2778.1	8643.1	WCSP	
201	Spectrogram 1	1	358.307	358.307249030	358.405857999	0.099	5531.2	6468.8	5812.5	40.6	54.2	64.4	358.307	/Users/mary/Desktop/listens_20180309/completed_listens/file5e5739d6b62f.wav	file5e5739d6b62f.wav	358.307	4938.9	7254.0	WCSP	
202	Spectrogram 1	1	359.671	359.670625211	359.816394991	0.146	5625.0	6375.0	5812.5	41.4	58.7	67.0	359.671	/Users/mary/Desktop/listens_20180309/completed_listens/file5e5739d6b62f.wav	file5e5739d6b62f.wav	359.671	4707.4	7254.0	WCSP	
203	Spectrogram 1	1	360.974	360.973978541	361.154047093	0.180	4593.8	7593.8	6000.0	29.0	44.5	57.4	360.974	/Users/mary/Desktop/listens_20180309/completed_listens/file5e5739d6b62f.wav	file5e5739d6b62f.wav	360.974	4128.6	7910.0	AMPI	
204	Spectrogram 1	1	361.831	361.831162144	362.066966201	0.236	5531.2	6375.0	5812.5	38.7	57.7	66.6	361.831	/Users/mary/Desktop/listens_20180309/completed_listens/file5e5739d6b62f.wav	file5e5739d6b62f.wav	361.831	4514.5	7138.3	WCSP	
205	Spectrogram 1	1	363.575	363.574747869	363.707655610	0.133	5625.0	6281.2	5718.8	43.3	60.2	68.4	363.575	/Users/mary/Desktop/listens_20180309/completed_listens/file5e5739d6b62f.wav	file5e5739d6b62f.wav	363.575	4514.5	6945.3	WCSP	
206	Spectrogram 1	1	364.917	364.916687318	365.015296287	0.099	5625.0	6375.0	5718.8	44.7	61.0	68.3	364.917	/Users/mary/Desktop/listens_20180309/completed_listens/file5e5739d6b62f.wav	file5e5739d6b62f.wav	364.917	4977.5	7254.0	WCSP	
207	Spectrogram 1	1	366.379	366.378672467	366.477281437	0.099	5625.0	6375.0	5718.8	41.8	57.9	65.0	366.379	/Users/mary/Desktop/listens_20180309/completed_listens/file5e5739d6b62f.wav	file5e5739d6b62f.wav	366.379	4900.3	7061.1	WCSP	
208	Spectrogram 1	1	368.866	368.865566394	369.005020535	0.139	5625.0	6375.0	5718.8	41.3	57.2	65.0	368.866	/Users/mary/Desktop/listens_20180309/completed_listens/file5e5739d6b62f.wav	file5e5739d6b62f.wav	368.866	5093.2	6791.0	WCSP	
209	Spectrogram 1	1	374.455	374.454977341	374.558052142	0.103	5156.2	6468.8	5812.5	28.3	40.0	50.4	374.455	/Users/mary/Desktop/listens_20180309/completed_listens/file5e5739d6b62f.wav	file5e5739d6b62f.wav	374.455	4977.5	6598.1	WCSP	
210	Spectrogram 1	1	379.480	379.480270432	379.631851021	0.152	5156.2	6656.2	5906.2	28.3	40.2	52.5	379.480	/Users/mary/Desktop/listens_20180309/completed_listens/file5e5739d6b62f.wav	file5e5739d6b62f.wav	379.480	5016.1	6752.4	WCSP	
211	Spectrogram 1	1	380.657	380.656535799	380.771737046	0.115	5156.2	6468.8	5812.5	31.1	43.9	54.4	380.657	/Users/mary/Desktop/listens_20180309/completed_listens/file5e5739d6b62f.wav	file5e5739d6b62f.wav	380.657	4861.7	6713.8	WCSP	
212	Spectrogram 1	1	382.094	382.093519778	382.184468131	0.091	5343.8	6281.2	6000.0	31.1	41.9	51.8	382.094	/Users/mary/Desktop/listens_20180309/completed_listens/file5e5739d6b62f.wav	file5e5739d6b62f.wav	382.094	5209.0	6559.5	WCSP	
213	Spectrogram 1	1	382.712	382.711968579	382.839296273	0.127	4968.8	6562.5	5625.0	27.9	39.5	51.9	382.712	/Users/mary/Desktop/listens_20180309/completed_listens/file5e5739d6b62f.wav	file5e5739d6b62f.wav	382.712	4707.4	6713.8	WCSP	
214	Spectrogram 1	1	385.628	385.627735254	389.617336343	3.990	5343.8	8250.0	6843.8	27.2	45.5	68.4	385.628	/Users/mary/Desktop/listens_20180309/completed_listens/file5e5739d6b62f.wav	file5e5739d6b62f.wav	385.628	5131.8	8373.0	WCSP	fledgling
215	Spectrogram 1	1	390.775	390.775412039	390.884550063	0.109	5343.8	6468.8	5812.5	29.3	41.8	50.4	390.775	/Users/mary/Desktop/listens_20180309/completed_listens/file5e5739d6b62f.wav	file5e5739d6b62f.wav	390.775	5286.2	6559.5	WCSP	
216	Spectrogram 1	1	392.849	392.848915542	393.534059802	0.685	5343.8	7406.2	6187.5	28.6	49.0	61.0	392.849	/Users/mary/Desktop/listens_20180309/completed_listens/file5e5739d6b62f.wav	file5e5739d6b62f.wav	392.849	5093.2	7678.5	WCSP	
217	Spectrogram 1	1	394.562	394.561548076	395.452841936	0.891	4687.5	7500.0	6093.8	27.1	44.4	61.6	394.562	/Users/mary/Desktop/listens_20180309/completed_listens/file5e5739d6b62f.wav	file5e5739d6b62f.wav	394.562	4475.9	7601.3	WCSP	
218	Spectrogram 1	1	399.088	399.087827546	404.405274590	5.317	5531.2	8437.5	6937.5	27.3	47.1	69.7	399.088	/Users/mary/Desktop/listens_20180309/completed_listens/file5e5739d6b62f.wav	file5e5739d6b62f.wav	399.088	5286.2	8565.9	WCSP	fledgling
219	Spectrogram 1	1	405.084	405.084355626	405.902890804	0.819	5062.5	8156.2	6843.8	27.3	46.1	61.8	405.084	/Users/mary/Desktop/listens_20180309/completed_listens/file5e5739d6b62f.wav	file5e5739d6b62f.wav	405.084	4784.6	8295.8	WCSP	fledgling
220	Spectrogram 1	1	406.691	406.691373455	410.026146402	3.335	5718.8	8156.2	6937.5	27.5	48.9	67.1	406.691	/Users/mary/Desktop/listens_20180309/completed_listens/file5e5739d6b62f.wav	file5e5739d6b62f.wav	406.691	5556.3	8334.4	WCSP	fledgling
221	Spectrogram 1	1	406.397	406.397043523	406.530434441	0.133	5343.8	6468.8	5906.2	29.1	41.7	51.8	406.397	/Users/mary/Desktop/listens_20180309/completed_listens/file5e5739d6b62f.wav	file5e5739d6b62f.wav	406.397	5170.4	6636.7	WCSP	
222	Spectrogram 1	1	410.072	410.071913773	410.417517515	0.346	5250.0	6750.0	6000.0	30.7	48.2	58.9	410.072	/Users/mary/Desktop/listens_20180309/completed_listens/file5e5739d6b62f.wav	file5e5739d6b62f.wav	410.072	4977.5	6906.8	WCSP	
223	Spectrogram 1	1	411.618	411.618035776	411.751426694	0.133	5343.8	6468.8	5718.8	32.1	47.6	55.9	411.618	/Users/mary/Desktop/listens_20180309/completed_listens/file5e5739d6b62f.wav	file5e5739d6b62f.wav	411.618	5054.7	6752.4	WCSP	
224	Spectrogram 1	1	411.151	411.151002642	411.539048949	0.388	3843.8	5718.8	4500.0	27.5	40.1	56.7	411.151	/Users/mary/Desktop/listens_20180309/completed_listens/file5e5739d6b62f.wav	file5e5739d6b62f.wav	411.151	3704.2	5826.4	ROWR	
225	Spectrogram 1	1	412.564	412.563733727	412.969969704	0.406	3750.0	5062.5	4406.2	26.6	38.0	54.7	412.564	/Users/mary/Desktop/listens_20180309/completed_listens/file5e5739d6b62f.wav	file5e5739d6b62f.wav	412.564	3627.0	5209.0	ROWR	
226	Spectrogram 1	1	410.787	410.787209230	410.908473701	0.121	5437.5	6468.8	5718.8	29.6	44.0	52.0	410.787	/Users/mary/Desktop/listens_20180309/completed_listens/file5e5739d6b62f.wav	file5e5739d6b62f.wav	410.787	5247.6	6636.7	WCSP	
227	Spectrogram 1	1	412.970	412.969969704	413.091234175	0.121	5343.8	6562.5	5718.8	31.6	46.1	55.2	412.970	/Users/mary/Desktop/listens_20180309/completed_listens/file5e5739d6b62f.wav	file5e5739d6b62f.wav	412.970	5054.7	6868.2	WCSP	
228	Spectrogram 1	1	414.322	414.322068554	414.449396248	0.127	5437.5	6468.8	5812.5	30.6	44.1	53.1	414.322	/Users/mary/Desktop/listens_20180309/completed_listens/file5e5739d6b62f.wav	file5e5739d6b62f.wav	414.322	5247.6	6636.7	WCSP	
229	Spectrogram 1	1	416.549	416.549149647	416.676477341	0.127	6187.5	7406.2	6937.5	29.1	42.2	51.9	416.549	/Users/mary/Desktop/listens_20180309/completed_listens/file5e5739d6b62f.wav	file5e5739d6b62f.wav	416.549	6019.3	7524.1	WCSP	fledgling
230	Spectrogram 1	1	423.673	423.673315740	423.812769881	0.139	5062.5	6843.8	6281.2	28.3	41.7	52.9	423.673	/Users/mary/Desktop/listens_20180309/completed_listens/file5e5739d6b62f.wav	file5e5739d6b62f.wav	423.673	4938.9	6945.3	WCSP	
231	Spectrogram 1	1	418.918	418.917571672	419.032772920	0.115	5062.5	6000.0	5625.0	29.1	42.2	50.4	418.918	/Users/mary/Desktop/listens_20180309/completed_listens/file5e5739d6b62f.wav	file5e5739d6b62f.wav	418.918	4938.9	6096.5	WCSP	
232	Spectrogram 1	1	420.367	420.366682098	420.469756899	0.103	4875.0	5718.8	5343.8	28.4	39.7	49.2	420.367	/Users/mary/Desktop/listens_20180309/completed_listens/file5e5739d6b62f.wav	file5e5739d6b62f.wav	420.367	4707.4	5903.5	WCSP	
233	Spectrogram 1	1	426.397	426.397105787	426.494117363	0.097	3843.8	5437.5	4875.0	29.0	43.4	51.5	426.397	/Users/mary/Desktop/listens_20180309/completed_listens/file5e5739d6b62f.wav	file5e5739d6b62f.wav	426.397	3704.2	5556.3	YRWA	*call or DEJU
234	Spectrogram 1	1	441.414	441.414283778	441.511295354	0.097	5812.5	8062.5	6750.0	30.0	41.7	54.2	441.414	/Users/mary/Desktop/listens_20180309/completed_listens/file5e5739d6b62f.wav	file5e5739d6b62f.wav	441.414	5556.3	8257.2	WCSP	
235	Spectrogram 1	1	443.755	443.754688064	443.906268652	0.152	6093.8	8062.5	7125.0	27.9	40.2	53.4	443.755	/Users/mary/Desktop/listens_20180309/completed_listens/file5e5739d6b62f.wav	file5e5739d6b62f.wav	443.755	5865.0	8218.6	WCSP	
236	Spectrogram 1	1	445.876	445.875841339	447.785756754	1.910	5812.5	8156.2	7031.2	26.8	42.6	63.8	445.876	/Users/mary/Desktop/listens_20180309/completed_listens/file5e5739d6b62f.wav	file5e5739d6b62f.wav	445.876	5672.0	8257.2	WCSP	
237	Spectrogram 1	1	449.538	449.538430759	449.665758454	0.127	1968.8	3562.5	2437.5	28.8	40.7	52.6	449.538	/Users/mary/Desktop/listens_20180309/completed_listens/file5e5739d6b62f.wav	file5e5739d6b62f.wav	449.538	1852.1	3665.6	PIKA	
238	Spectrogram 1	1	455.042	455.042432608	455.448668585	0.406	4031.2	5718.8	4687.5	26.8	39.9	55.8	455.042	/Users/mary/Desktop/listens_20180309/completed_listens/file5e5739d6b62f.wav	file5e5739d6b62f.wav	455.042	3935.7	5826.4	ROWR	
239	Spectrogram 1	1	456.128	456.127749622	456.552175270	0.424	4125.0	6187.5	4968.8	26.9	40.0	56.9	456.128	/Users/mary/Desktop/listens_20180309/completed_listens/file5e5739d6b62f.wav	file5e5739d6b62f.wav	456.128	4012.9	6289.4	ROWR	
240	Spectrogram 1	1	455.806	455.806398774	456.837146776	1.031	6187.5	8250.0	7312.5	27.2	40.7	61.1	455.806	/Users/mary/Desktop/listens_20180309/completed_listens/file5e5739d6b62f.wav	file5e5739d6b62f.wav	455.806	6019.3	8411.6	WCSP	
241	Spectrogram 1	1	463.588	463.587795032	463.739375621	0.152	6000.0	8062.5	7031.2	27.6	39.8	53.2	463.588	/Users/mary/Desktop/listens_20180309/completed_listens/file5e5739d6b62f.wav	file5e5739d6b62f.wav	463.588	5903.5	8180.1	WCSP	
242	Spectrogram 1	1	464.115	464.115295480	464.266876069	0.152	6187.5	8062.5	6656.2	29.9	47.3	55.5	464.115	/Users/mary/Desktop/listens_20180309/completed_listens/file5e5739d6b62f.wav	file5e5739d6b62f.wav	464.115	5980.7	8257.2	WCSP	
243	Spectrogram 1	1	467.136	467.135705486	469.003178336	1.867	5531.2	7781.2	6656.2	27.2	46.3	63.9	467.136	/Users/mary/Desktop/listens_20180309/completed_listens/file5e5739d6b62f.wav	file5e5739d6b62f.wav	467.136	5363.3	7910.0	WCSP	
244	Spectrogram 1	1	470.456	470.455924822	471.086500070	0.631	2531.2	3562.5	3000.0	28.5	41.4	57.4	470.456	/Users/mary/Desktop/listens_20180309/completed_listens/file5e5739d6b62f.wav	file5e5739d6b62f.wav	470.456	2469.5	3704.2	PIKA	
245	Spectrogram 1	1	471.978	471.977793930	472.092995177	0.115	5250.0	6281.2	5718.8	29.6	43.4	51.7	471.978	/Users/mary/Desktop/listens_20180309/completed_listens/file5e5739d6b62f.wav	file5e5739d6b62f.wav	471.978	5054.7	6443.7	WCSP	
246	Spectrogram 1	1	473.178	473.178312191	473.275323768	0.097	5531.2	6375.0	5812.5	33.4	48.3	54.9	473.178	/Users/mary/Desktop/listens_20180309/completed_listens/file5e5739d6b62f.wav	file5e5739d6b62f.wav	473.178	5170.4	6636.7	WCSP	
247	Spectrogram 1	1	474.700	474.700181299	474.791129653	0.091	5437.5	6281.2	5718.8	36.2	51.9	58.9	474.700	/Users/mary/Desktop/listens_20180309/completed_listens/file5e5739d6b62f.wav	file5e5739d6b62f.wav	474.700	4707.4	6829.6	WCSP	
248	Spectrogram 1	1	476.980	476.980047329	477.077058906	0.097	5531.2	6093.8	5718.8	33.4	46.6	53.8	476.980	/Users/mary/Desktop/listens_20180309/completed_listens/file5e5739d6b62f.wav	file5e5739d6b62f.wav	476.980	5209.0	6328.0	WCSP	
249	Spectrogram 1	1	477.780	477.780392837	477.889530860	0.109	5531.2	6750.0	5906.2	34.0	49.8	58.0	477.780	/Users/mary/Desktop/listens_20180309/completed_listens/file5e5739d6b62f.wav	file5e5739d6b62f.wav	477.780	4977.5	7254.0	WCSP	
250	Spectrogram 1	1	479.175	479.174934251	479.290135498	0.115	5718.8	6562.5	6000.0	38.1	54.4	61.9	479.175	/Users/mary/Desktop/listens_20180309/completed_listens/file5e5739d6b62f.wav	file5e5739d6b62f.wav	479.175	4977.5	7138.3	WCSP	
251	Spectrogram 1	1	482.117	482.117297295	482.232498543	0.115	5156.2	6468.8	5718.8	30.5	45.4	53.5	482.117	/Users/mary/Desktop/listens_20180309/completed_listens/file5e5739d6b62f.wav	file5e5739d6b62f.wav	482.117	4938.9	6598.1	WCSP	
252	Spectrogram 1	1	483.263	483.263246544	483.378447792	0.115	5250.0	6937.5	6093.8	28.9	41.8	52.8	483.263	/Users/mary/Desktop/listens_20180309/completed_listens/file5e5739d6b62f.wav	file5e5739d6b62f.wav	483.263	5016.1	7099.7	WCSP	
253	Spectrogram 1	1	491.585	491.584817290	491.700018537	0.115	5812.5	6937.5	6375.0	28.3	39.3	49.9	491.585	/Users/mary/Desktop/listens_20180309/completed_listens/file5e5739d6b62f.wav	file5e5739d6b62f.wav	491.585	5749.2	7061.1	WCSP	
254	Spectrogram 1	1	493.731	493.731198423	493.925221576	0.194	4781.2	6656.2	5812.5	26.6	36.3	52.8	493.731	/Users/mary/Desktop/listens_20180309/completed_listens/file5e5739d6b62f.wav	file5e5739d6b62f.wav	493.731	4668.8	6752.4	WCSP	
255	Spectrogram 1	1	496.260	496.259562639	496.374763886	0.115	4968.8	6750.0	5906.2	27.8	40.9	51.4	496.260	/Users/mary/Desktop/listens_20180309/completed_listens/file5e5739d6b62f.wav	file5e5739d6b62f.wav	496.260	4861.7	6829.6	WCSP	
256	Spectrogram 1	1	505.264	505.264161522	505.367236323	0.103	5437.5	6750.0	6000.0	28.8	40.7	50.9	505.264	/Users/mary/Desktop/listens_20180309/completed_listens/file5e5739d6b62f.wav	file5e5739d6b62f.wav	505.264	5324.8	6906.8	WCSP	
257	Spectrogram 1	1	511.848	511.848036798	511.963238045	0.115	6000.0	6937.5	6468.8	28.1	39.9	49.0	511.848	/Users/mary/Desktop/listens_20180309/completed_listens/file5e5739d6b62f.wav	file5e5739d6b62f.wav	511.848	5942.1	7022.5	WCSP	
258	Spectrogram 1	1	527.479	527.478692761	527.575704337	0.097	5531.2	6843.8	6093.8	27.5	36.8	49.3	527.479	/Users/mary/Desktop/listens_20180309/completed_listens/file5e5739d6b62f.wav	file5e5739d6b62f.wav	527.479	5401.9	6945.3	WCSP	
259	Spectrogram 1	1	529.298	529.297659823	529.382544952	0.085	5718.8	7125.0	6000.0	31.4	44.7	53.5	529.298	/Users/mary/Desktop/listens_20180309/completed_listens/file5e5739d6b62f.wav	file5e5739d6b62f.wav	529.298	5440.5	7331.2	WCSP	
260	Spectrogram 1	1	530.923	530.922603731	531.862403380	0.940	5531.2	7875.0	6375.0	28.9	50.5	63.3	530.923	/Users/mary/Desktop/listens_20180309/completed_listens/file5e5739d6b62f.wav	file5e5739d6b62f.wav	530.923	5209.0	8064.3	WCSP	
261	Spectrogram 1	1	532.948	532.948028988	533.166305036	0.218	5437.5	7218.8	6000.0	30.4	48.8	57.5	532.948	/Users/mary/Desktop/listens_20180309/completed_listens/file5e5739d6b62f.wav	file5e5739d6b62f.wav	532.948	5131.8	7446.9	WCSP	
262	Spectrogram 1	1	535.179	535.179295251	535.270243604	0.091	5812.5	6375.0	5906.2	33.1	46.7	51.9	535.179	/Users/mary/Desktop/listens_20180309/completed_listens/file5e5739d6b62f.wav	file5e5739d6b62f.wav	535.179	5633.4	6559.5	WCSP	
263	Spectrogram 1	1	536.410	536.410129629	536.501077983	0.091	5437.5	6937.5	5812.5	31.1	45.6	53.7	536.410	/Users/mary/Desktop/listens_20180309/completed_listens/file5e5739d6b62f.wav	file5e5739d6b62f.wav	536.410	5170.4	7138.3	WCSP	
264	Spectrogram 1	1	539.329	539.329153414	539.420101767	0.091	5343.8	6468.8	5906.2	29.8	44.0	50.9	539.329	/Users/mary/Desktop/listens_20180309/completed_listens/file5e5739d6b62f.wav	file5e5739d6b62f.wav	539.329	5209.0	6598.1	WCSP	
265	Spectrogram 1	1	542.591	542.591167678	542.718495373	0.127	5625.0	6937.5	6093.8	30.5	44.5	54.1	542.591	/Users/mary/Desktop/listens_20180309/completed_listens/file5e5739d6b62f.wav	file5e5739d6b62f.wav	542.591	5363.3	7215.4	WCSP	
266	Spectrogram 1	1	543.476	543.476398315	543.585536339	0.109	5625.0	7125.0	6093.8	31.3	46.2	54.7	543.476	/Users/mary/Desktop/listens_20180309/completed_listens/file5e5739d6b62f.wav	file5e5739d6b62f.wav	543.476	5401.9	7331.2	WCSP	
267	Spectrogram 1	1	547.206	547.206230787	547.315368810	0.109	5343.8	6468.8	6000.0	27.6	39.5	48.8	547.206	/Users/mary/Desktop/listens_20180309/completed_listens/file5e5739d6b62f.wav	file5e5739d6b62f.wav	547.206	5286.2	6520.9	WCSP	
268	Spectrogram 1	1	548.710	548.709910225	548.800858578	0.091	5343.8	6468.8	5906.2	28.1	39.6	48.8	548.710	/Users/mary/Desktop/listens_20180309/completed_listens/file5e5739d6b62f.wav	file5e5739d6b62f.wav	548.710	5324.8	6598.1	WCSP	
269	Spectrogram 1	1	550.141	550.140830980	550.249969004	0.109	5343.8	6187.5	5812.5	28.5	40.8	49.3	550.141	/Users/mary/Desktop/listens_20180309/completed_listens/file5e5739d6b62f.wav	file5e5739d6b62f.wav	550.141	5247.6	6366.6	WCSP	
270	Spectrogram 1	1	551.256	551.256464111	551.359538911	0.103	5250.0	6375.0	5812.5	28.3	42.3	49.8	551.256	/Users/mary/Desktop/listens_20180309/completed_listens/file5e5739d6b62f.wav	file5e5739d6b62f.wav	551.256	5093.2	6520.9	WCSP	
271	Spectrogram 1	1	553.334	553.333984136	555.759273552	2.425	5156.2	7781.2	6281.2	28.3	50.3	67.2	553.334	/Users/mary/Desktop/listens_20180309/completed_listens/file5e5739d6b62f.wav	file5e5739d6b62f.wav	553.334	4861.7	8025.7	AMPI	
272	Spectrogram 1	1	556.135	556.135193412	558.045108827	1.910	4125.0	7500.0	5906.2	26.7	46.6	65.2	556.135	/Users/mary/Desktop/listens_20180309/completed_listens/file5e5739d6b62f.wav	file5e5739d6b62f.wav	556.135	3897.1	7639.9	AMPI	
273	Spectrogram 1	1	562.276	562.275930334	562.379005135	0.103	5343.8	6937.5	6187.5	29.1	42.4	52.1	562.276	/Users/mary/Desktop/listens_20180309/completed_listens/file5e5739d6b62f.wav	file5e5739d6b62f.wav	562.276	5093.2	6945.3	WCSP	
274	Spectrogram 1	1	565.665	565.665483532	567.078214616	1.413	3750.0	5250.0	4406.2	26.4	40.9	60.0	565.665	/Users/mary/Desktop/listens_20180309/completed_listens/file5e5739d6b62f.wav	file5e5739d6b62f.wav	565.665	3665.6	5324.8	AMPI	
275	Spectrogram 1	1	568.811	568.810869660	571.872797548	3.062	3562.5	7687.5	5718.8	26.7	42.8	68.2	568.811	/Users/mary/Desktop/listens_20180309/completed_listens/file5e5739d6b62f.wav	file5e5739d6b62f.wav	568.811	3318.3	7910.0	AMPI	
276	Spectrogram 1	1	573.991	573.990810973	574.209087021	0.218	4593.8	7031.2	5812.5	26.9	38.8	54.8	573.991	/Users/mary/Desktop/listens_20180309/completed_listens/file5e5739d6b62f.wav	file5e5739d6b62f.wav	573.991	4398.7	7138.3	AMPI	
277	Spectrogram 1	1	574.858	574.857851940	575.070064763	0.212	4968.8	7218.8	6093.8	26.9	39.6	54.2	574.858	/Users/mary/Desktop/listens_20180309/completed_listens/file5e5739d6b62f.wav	file5e5739d6b62f.wav	574.858	4784.6	7331.2	AMPI	
278	Spectrogram 1	1	575.501	575.500553635	575.724892906	0.224	4593.8	7218.8	5906.2	27.6	42.8	55.8	575.501	/Users/mary/Desktop/listens_20180309/completed_listens/file5e5739d6b62f.wav	file5e5739d6b62f.wav	575.501	4475.9	7331.2	AMPI	
279	Spectrogram 1	1	578.419	578.418960401	578.552351319	0.133	5156.2	6843.8	5906.2	27.6	41.5	51.8	578.419	/Users/mary/Desktop/listens_20180309/completed_listens/file5e5739d6b62f.wav	file5e5739d6b62f.wav	578.419	5016.1	6983.9	WCSP	
280	Spectrogram 1	1	579.953	579.952955957	580.201548122	0.249	5062.5	7500.0	6375.0	27.7	40.5	56.0	579.953	/Users/mary/Desktop/listens_20180309/completed_listens/file5e5739d6b62f.wav	file5e5739d6b62f.wav	579.953	4861.7	7601.3	AMPI	
281	Spectrogram 1	1	580.832	580.832123370	581.086778759	0.255	5156.2	7500.0	6468.8	27.0	40.5	55.2	580.832	/Users/mary/Desktop/listens_20180309/completed_listens/file5e5739d6b62f.wav	file5e5739d6b62f.wav	580.832	5054.7	7639.9	AMPI	
282	Spectrogram 1	1	583.577	583.576502493	583.637134728	0.061	5531.2	6468.8	5718.8	34.0	46.8	54.2	583.577	/Users/mary/Desktop/listens_20180309/completed_listens/file5e5739d6b62f.wav	file5e5739d6b62f.wav	583.577	5054.7	6829.6	WCSP	
283	Spectrogram 1	1	587.275	587.275068852	587.378143652	0.103	4968.8	6656.2	5625.0	27.9	40.3	51.1	587.275	/Users/mary/Desktop/listens_20180309/completed_listens/file5e5739d6b62f.wav	file5e5739d6b62f.wav	587.275	4707.4	6791.0	WCSP	
284	Spectrogram 1	1	587.645	587.644925488	587.942023442	0.297	4968.8	7312.5	6281.2	26.9	40.9	55.8	587.645	/Users/mary/Desktop/listens_20180309/completed_listens/file5e5739d6b62f.wav	file5e5739d6b62f.wav	587.645	4823.2	7485.5	AMPI	
285	Spectrogram 1	1	597.199	597.199206807	597.320471278	0.121	4968.8	6656.2	5625.0	28.4	41.1	52.3	597.199	/Users/mary/Desktop/listens_20180309/completed_listens/file5e5739d6b62f.wav	file5e5739d6b62f.wav	597.199	4784.6	6829.6	WCSP	
286	Spectrogram 1	1	599.570	599.569927211	599.824582599	0.255	4875.0	7312.5	6187.5	27.1	40.8	55.5	599.570	/Users/mary/Desktop/listens_20180309/completed_listens/file5e5739d6b62f.wav	file5e5739d6b62f.wav	599.570	4746.0	7408.4	AMPI	
287	Spectrogram 1	1	598.552	598.552121854	598.673386325	0.121	5250.0	6843.8	6093.8	27.2	38.1	50.8	598.552	/Users/mary/Desktop/listens_20180309/completed_listens/file5e5739d6b62f.wav	file5e5739d6b62f.wav	598.552	5131.8	7022.5	WCSP	
291	Spectrogram 1	1	371.605	371.604943060	372.526553038	0.922	2156.2	4125.0	3000.0	27.4	40.7	60.4	371.605	/Users/mary/Desktop/listens_20180309/completed_listens/file5e5739d6b62f.wav	file5e5739d6b62f.wav	371.605	2131.8	4298.0	GCRF	
