Selection	View	Channel	Begin Clock Time	Begin Time (s)	End Time (s)	Delta Time (s)	Freq 5% (Hz)	Freq 95% (Hz)	Center Freq (Hz)	Avg Power (dB)	Max Power (dB)	Energy (dB)	Begin Date Time	Begin Path	Begin File	File Offset (s)	Low Freq (Hz)	High Freq (Hz)	ID	NOTES
1	Spectrogram 1	1	0.593	0.592874110	0.983499012	0.391	3468.8	5437.5	4406.2	31.6	47.5	61.7	0.593	/Users/mary/Desktop/listens_20180309/completed_listens/file5e57178f19c0.wav	file5e57178f19c0.wav	0.593	3151.5	5787.9	ROWR	
2	Spectrogram 1	1	1.706	1.706155080	3.029396934	1.323	3468.8	5250.0	4312.5	28.6	46.3	63.3	1.706	/Users/mary/Desktop/listens_20180309/completed_listens/file5e57178f19c0.wav	file5e57178f19c0.wav	1.706	3212.1	5454.5	ROWR	
3	Spectrogram 1	1	3.879	3.879006095	5.080177667	1.201	2718.8	4687.5	3468.8	27.1	40.6	61.4	3.879	/Users/mary/Desktop/listens_20180309/completed_listens/file5e57178f19c0.wav	file5e57178f19c0.wav	3.879	2606.1	4848.5	ROWR	
4	Spectrogram 1	1	3.044	3.044045368	3.317482799	0.273	3468.8	5156.2	4031.2	30.3	43.7	58.2	3.044	/Users/mary/Desktop/listens_20180309/completed_listens/file5e57178f19c0.wav	file5e57178f19c0.wav	3.044	3272.7	5515.2	ROWR	
5	Spectrogram 1	1	5.149	5.148537025	5.509865059	0.361	2906.2	5531.2	3937.5	28.8	43.0	59.5	5.149	/Users/mary/Desktop/listens_20180309/completed_listens/file5e57178f19c0.wav	file5e57178f19c0.wav	5.149	2666.7	5878.8	ROWR	
7	Spectrogram 1	1	7.443	7.442831734	7.848105070	0.405	3468.8	5437.5	4312.5	27.8	42.1	57.6	7.443	/Users/mary/Desktop/listens_20180309/completed_listens/file5e57178f19c0.wav	file5e57178f19c0.wav	7.443	3303.0	5636.4	ROWR	
8	Spectrogram 1	1	7.877	7.877401937	9.352010941	1.475	3375.0	5437.5	4406.2	28.0	44.6	63.4	7.877	/Users/mary/Desktop/listens_20180309/completed_listens/file5e57178f19c0.wav	file5e57178f19c0.wav	7.877	3212.1	5545.5	ROWR	
9	Spectrogram 1	1	10.162	10.162099711	10.542958990	0.381	3375.0	5531.2	4406.2	27.4	43.7	57.2	10.162	/Users/mary/Desktop/listens_20180309/completed_listens/file5e57178f19c0.wav	file5e57178f19c0.wav	10.162	3272.7	5727.3	ROWR	
10	Spectrogram 1	1	13.683	13.682860656	15.533446127	1.851	6093.8	7875.0	7031.2	29.9	49.5	66.1	13.683	/Users/mary/Desktop/listens_20180309/completed_listens/file5e57178f19c0.wav	file5e57178f19c0.wav	13.683	5848.5	8121.2	WCSP	fledglings
11	Spectrogram 1	1	15.736	15.735947698	16.751032373	1.015	3093.8	4875.0	3843.8	27.4	40.6	60.6	15.736	/Users/mary/Desktop/listens_20180309/completed_listens/file5e57178f19c0.wav	file5e57178f19c0.wav	15.736	2969.7	5000.0	ROWR	
12	Spectrogram 1	1	16.896	16.896044469	18.359976108	1.464	3656.2	5437.5	4500.0	27.6	44.3	62.4	16.896	/Users/mary/Desktop/listens_20180309/completed_listens/file5e57178f19c0.wav	file5e57178f19c0.wav	16.896	3484.8	5575.8	ROWR	
13	Spectrogram 1	1	17.089	17.089393931	17.648726302	0.559	6093.8	7781.2	7125.0	30.1	47.5	60.9	17.089	/Users/mary/Desktop/listens_20180309/completed_listens/file5e57178f19c0.wav	file5e57178f19c0.wav	17.089	5878.8	8030.3	WCSP	
14	Spectrogram 1	1	19.449	19.448533238	20.073533080	0.625	3468.8	5531.2	4218.8	29.3	44.2	61.3	19.449	/Users/mary/Desktop/listens_20180309/completed_listens/file5e57178f19c0.wav	file5e57178f19c0.wav	19.449	3242.4	5727.3	ROWR	
15	Spectrogram 1	1	21.031	21.031491778	22.633053874	1.602	3843.8	5343.8	4406.2	30.4	50.0	65.4	21.031	/Users/mary/Desktop/listens_20180309/completed_listens/file5e57178f19c0.wav	file5e57178f19c0.wav	21.031	3575.8	5545.5	ROWR	
16	Spectrogram 1	1	19.561	19.560580046	20.732454751	1.172	2250.0	3093.8	2718.8	28.3	40.8	58.7	19.561	/Users/mary/Desktop/listens_20180309/completed_listens/file5e57178f19c0.wav	file5e57178f19c0.wav	19.561	2242.4	3151.5	ROWR	
17	Spectrogram 1	1	23.606	23.605721084	24.748298921	1.143	3093.8	5343.8	4031.2	27.8	47.4	62.7	23.606	/Users/mary/Desktop/listens_20180309/completed_listens/file5e57178f19c0.wav	file5e57178f19c0.wav	23.606	2878.8	5545.5	ROWR	
18	Spectrogram 1	1	25.142	25.141772915	26.401538222	1.260	2343.8	3937.5	3093.8	27.7	42.6	61.4	25.142	/Users/mary/Desktop/listens_20180309/completed_listens/file5e57178f19c0.wav	file5e57178f19c0.wav	25.142	2242.4	4121.2	ROWR	
19	Spectrogram 1	1	26.879	26.878512522	28.206637188	1.328	2343.8	3281.2	2812.5	28.2	40.3	59.9	26.879	/Users/mary/Desktop/listens_20180309/completed_listens/file5e57178f19c0.wav	file5e57178f19c0.wav	26.879	2272.7	3393.9	ROWR	
20	Spectrogram 1	1	30.373	30.373465586	31.623465271	1.250	3281.2	4875.0	3843.8	28.6	45.0	62.3	30.373	/Users/mary/Desktop/listens_20180309/completed_listens/file5e57178f19c0.wav	file5e57178f19c0.wav	30.373	3151.5	4969.7	ROWR	
21	Spectrogram 1	1	33.297	33.297356208	34.234855972	0.937	2718.8	3937.5	3281.2	27.6	41.1	58.8	33.297	/Users/mary/Desktop/listens_20180309/completed_listens/file5e57178f19c0.wav	file5e57178f19c0.wav	33.297	2697.0	4060.6	ROWR	
22	Spectrogram 1	1	39.947	39.947361429	40.787204968	0.840	3093.8	3937.5	3468.8	31.2	43.6	60.1	39.947	/Users/mary/Desktop/listens_20180309/completed_listens/file5e57178f19c0.wav	file5e57178f19c0.wav	39.947	3090.9	3939.4	ROWR	
23	Spectrogram 1	1	40.084	40.084080145	41.431736055	1.348	2718.8	3937.5	3187.5	30.7	43.9	64.2	40.084	/Users/mary/Desktop/listens_20180309/completed_listens/file5e57178f19c0.wav	file5e57178f19c0.wav	40.084	2484.8	4181.8	ROWR	
24	Spectrogram 1	1	36.194	36.194293728	36.477496782	0.283	3093.8	3750.0	3375.0	29.5	39.0	52.8	36.194	/Users/mary/Desktop/listens_20180309/completed_listens/file5e57178f19c0.wav	file5e57178f19c0.wav	36.194	3090.9	3787.9	WCSP	partial song
25	Spectrogram 1	1	36.380	36.379840556	37.639605864	1.260	3375.0	5156.2	4218.8	28.0	45.0	62.1	36.380	/Users/mary/Desktop/listens_20180309/completed_listens/file5e57178f19c0.wav	file5e57178f19c0.wav	36.380	3272.7	5333.3	ROWR	
26	Spectrogram 1	1	36.370	36.370074934	37.541949639	1.172	2437.5	3093.8	2718.8	29.4	42.1	58.9	36.370	/Users/mary/Desktop/listens_20180309/completed_listens/file5e57178f19c0.wav	file5e57178f19c0.wav	36.370	2424.2	3151.5	ROWR	
27	Spectrogram 1	1	42.791	42.790611439	44.382407913	1.592	3281.2	4125.0	3562.5	28.8	45.4	61.0	42.791	/Users/mary/Desktop/listens_20180309/completed_listens/file5e57178f19c0.wav	file5e57178f19c0.wav	42.791	3151.5	4212.1	ROWR	
28	Spectrogram 1	1	46.469	46.469475958	47.699944398	1.230	2531.2	3375.0	2906.2	28.9	44.8	59.5	46.469	/Users/mary/Desktop/listens_20180309/completed_listens/file5e57178f19c0.wav	file5e57178f19c0.wav	46.469	2454.5	3424.2	ROWR	
29	Spectrogram 1	1	50.127	50.127173860	51.191626717	1.064	2437.5	3093.8	2718.8	28.2	41.0	57.2	50.127	/Users/mary/Desktop/listens_20180309/completed_listens/file5e57178f19c0.wav	file5e57178f19c0.wav	50.127	2363.6	3151.5	ROWR	
30	Spectrogram 1	1	53.090	53.089502022	53.890283070	0.801	3093.8	3843.8	3468.8	28.9	41.2	57.2	53.090	/Users/mary/Desktop/listens_20180309/completed_listens/file5e57178f19c0.wav	file5e57178f19c0.wav	53.090	3090.9	3848.5	ROWR	
31	Spectrogram 1	1	55.271	55.270502042	56.315423654	1.045	3375.0	4781.2	4031.2	26.7	39.0	58.7	55.271	/Users/mary/Desktop/listens_20180309/completed_listens/file5e57178f19c0.wav	file5e57178f19c0.wav	55.271	3363.6	4848.5	ROWR	
32	Spectrogram 1	1	58.054	58.053523072	59.235163399	1.182	2718.8	3468.8	3093.8	27.3	40.8	57.3	58.054	/Users/mary/Desktop/listens_20180309/completed_listens/file5e57178f19c0.wav	file5e57178f19c0.wav	58.054	2636.4	3484.8	ROWR	
33	Spectrogram 1	1	61.601	61.601231120	62.489902771	0.889	2437.5	3468.8	2906.2	28.7	39.1	58.7	61.601	/Users/mary/Desktop/listens_20180309/completed_listens/file5e57178f19c0.wav	file5e57178f19c0.wav	61.601	2393.9	3515.2	ROWR	
34	Spectrogram 1	1	68.115	68.114642625	69.071673634	0.957	3281.2	4125.0	3750.0	27.5	40.8	57.0	68.115	/Users/mary/Desktop/listens_20180309/completed_listens/file5e57178f19c0.wav	file5e57178f19c0.wav	68.115	3242.4	4212.1	ROWR	
35	Spectrogram 1	1	71.453	71.452590488	72.370559006	0.918	2531.2	3468.8	2906.2	27.6	38.0	57.4	71.453	/Users/mary/Desktop/listens_20180309/completed_listens/file5e57178f19c0.wav	file5e57178f19c0.wav	71.453	2454.5	3484.8	ROWR	
36	Spectrogram 1	1	73.988	73.988121929	75.433434065	1.445	2343.8	3187.5	2906.2	28.7	45.9	60.4	73.988	/Users/mary/Desktop/listens_20180309/completed_listens/file5e57178f19c0.wav	file5e57178f19c0.wav	73.988	2272.7	3333.3	ROWR	
37	Spectrogram 1	1	78.488	78.487929091	79.620741305	1.133	3281.2	4875.0	4031.2	26.8	40.2	60.1	78.488	/Users/mary/Desktop/listens_20180309/completed_listens/file5e57178f19c0.wav	file5e57178f19c0.wav	78.488	3121.2	5060.6	ROWR	
38	Spectrogram 1	1	85.884	85.883819654	86.723663193	0.840	2531.2	3281.2	2906.2	28.4	40.3	56.9	85.884	/Users/mary/Desktop/listens_20180309/completed_listens/file5e57178f19c0.wav	file5e57178f19c0.wav	85.884	2454.5	3333.3	ROWR	
39	Spectrogram 1	1	93.605	93.605095836	94.376580017	0.771	2437.5	3375.0	2906.2	28.1	40.0	57.1	93.605	/Users/mary/Desktop/listens_20180309/completed_listens/file5e57178f19c0.wav	file5e57178f19c0.wav	93.605	2424.2	3393.9	ROWR	
40	Spectrogram 1	1	105.767	105.766606199	106.645512227	0.879	2250.0	3468.8	2906.2	27.5	40.1	58.5	105.767	/Users/mary/Desktop/listens_20180309/completed_listens/file5e57178f19c0.wav	file5e57178f19c0.wav	105.767	2212.1	3575.8	ROWR	
41	Spectrogram 1	1	106.743	106.743168453	106.889652791	0.146	2718.8	5718.8	3750.0	29.0	41.3	56.1	106.743	/Users/mary/Desktop/listens_20180309/completed_listens/file5e57178f19c0.wav	file5e57178f19c0.wav	106.743	2515.2	6000.0	PIKA	
42	Spectrogram 1	1	107.741	107.741168886	108.639606159	0.898	2437.5	3562.5	2812.5	27.9	39.7	58.9	107.741	/Users/mary/Desktop/listens_20180309/completed_listens/file5e57178f19c0.wav	file5e57178f19c0.wav	107.741	2272.7	3666.7	ROWR	
43	Spectrogram 1	1	108.581	108.581012424	109.782183996	1.201	3187.5	4312.5	3750.0	27.5	39.4	59.2	108.581	/Users/mary/Desktop/listens_20180309/completed_listens/file5e57178f19c0.wav	file5e57178f19c0.wav	108.581	3181.8	4333.3	ROWR	
44	Spectrogram 1	1	113.590	113.589804051	114.478475702	0.889	2343.8	3468.8	2812.5	27.3	39.1	57.6	113.590	/Users/mary/Desktop/listens_20180309/completed_listens/file5e57178f19c0.wav	file5e57178f19c0.wav	113.590	2272.7	3484.8	ROWR	
45	Spectrogram 1	1	120.335	120.335132302	123.723803323	3.389	1875.0	10875.0	7031.2	26.6	38.6	71.8	120.335	/Users/mary/Desktop/listens_20180309/completed_listens/file5e57178f19c0.wav	file5e57178f19c0.wav	120.335	1413.0	11220.0	background	1413-11220
46	Spectrogram 1	1	125.909	125.909309252	126.817512148	0.908	3093.8	4312.5	3750.0	27.7	38.2	59.1	125.909	/Users/mary/Desktop/listens_20180309/completed_listens/file5e57178f19c0.wav	file5e57178f19c0.wav	125.909	2969.7	4454.5	ROWR	
47	Spectrogram 1	1	129.503	129.503054347	131.241335159	1.738	1875.0	3093.8	2625.0	27.8	41.9	61.7	129.503	/Users/mary/Desktop/listens_20180309/completed_listens/file5e57178f19c0.wav	file5e57178f19c0.wav	129.503	1848.5	3272.7	ROWR	
48	Spectrogram 1	1	141.308	141.308371742	142.460715202	1.152	2250.0	3281.2	2718.8	26.9	38.0	58.0	141.308	/Users/mary/Desktop/listens_20180309/completed_listens/file5e57178f19c0.wav	file5e57178f19c0.wav	141.308	2242.4	3303.0	ROWR	
49	Spectrogram 1	1	136.481	136.481457698	137.624035535	1.143	2343.8	3843.8	3000.0	26.5	35.3	59.1	136.481	/Users/mary/Desktop/listens_20180309/completed_listens/file5e57178f19c0.wav	file5e57178f19c0.wav	136.481	2303.0	3909.1	ROWR	
50	Spectrogram 1	1	143.118	143.118455105	144.300095433	1.182	1875.0	3187.5	2625.0	27.4	38.8	59.9	143.118	/Users/mary/Desktop/listens_20180309/completed_listens/file5e57178f19c0.wav	file5e57178f19c0.wav	143.118	1818.2	3333.3	ROWR	
51	Spectrogram 1	1	145.184	145.183856021	145.476824698	0.293	3375.0	4406.2	3750.0	27.9	40.5	53.4	145.184	/Users/mary/Desktop/listens_20180309/completed_listens/file5e57178f19c0.wav	file5e57178f19c0.wav	145.184	3363.6	4545.5	GCRF	
52	Spectrogram 1	1	148.459	148.459309055	148.644855884	0.186	3468.8	4125.0	3656.2	34.5	50.1	58.0	148.459	/Users/mary/Desktop/listens_20180309/completed_listens/file5e57178f19c0.wav	file5e57178f19c0.wav	148.459	3272.7	4454.5	GCRF	
53	Spectrogram 1	1	146.663	146.663470935	147.610736321	0.947	2812.5	4218.8	3562.5	27.7	43.6	59.5	146.663	/Users/mary/Desktop/listens_20180309/completed_listens/file5e57178f19c0.wav	file5e57178f19c0.wav	146.663	2727.3	4363.6	UNK5	rptd rattle 
54	Spectrogram 1	1	152.329	152.328861094	152.446048565	0.117	6281.2	7218.8	6656.2	30.5	43.2	51.7	152.329	/Users/mary/Desktop/listens_20180309/completed_listens/file5e57178f19c0.wav	file5e57178f19c0.wav	152.329	6121.2	7303.0	WCSP	call
55	Spectrogram 1	1	154.838	154.838142408	154.935798634	0.098	5906.2	6468.8	6093.8	30.6	43.7	49.2	154.838	/Users/mary/Desktop/listens_20180309/completed_listens/file5e57178f19c0.wav	file5e57178f19c0.wav	154.838	5818.2	6636.4	WCSP	call
56	Spectrogram 1	1	156.645	156.644782578	156.722907559	0.078	5906.2	6656.2	6187.5	29.8	41.8	48.1	156.645	/Users/mary/Desktop/listens_20180309/completed_listens/file5e57178f19c0.wav	file5e57178f19c0.wav	156.645	5878.8	6666.7	WCSP	call
57	Spectrogram 1	1	157.751	157.750934321	158.815387178	1.064	2343.8	3843.8	3093.8	27.2	43.2	59.9	157.751	/Users/mary/Desktop/listens_20180309/completed_listens/file5e57178f19c0.wav	file5e57178f19c0.wav	157.751	2212.1	3939.4	ROWR	
58	Spectrogram 1	1	162.057	162.057064404	162.174251875	0.117	6375.0	7218.8	6750.0	30.9	42.9	51.7	162.057	/Users/mary/Desktop/listens_20180309/completed_listens/file5e57178f19c0.wav	file5e57178f19c0.wav	162.057	6333.3	7333.3	WCSP	call
59	Spectrogram 1	1	162.663	162.662533001	162.760189227	0.098	6375.0	7406.2	6750.0	28.8	38.2	49.1	162.663	/Users/mary/Desktop/listens_20180309/completed_listens/file5e57178f19c0.wav	file5e57178f19c0.wav	162.663	6363.6	7424.2	WCSP	call
60	Spectrogram 1	1	168.878	168.877991433	168.995178904	0.117	6000.0	7218.8	6375.0	29.8	45.4	52.2	168.878	/Users/mary/Desktop/listens_20180309/completed_listens/file5e57178f19c0.wav	file5e57178f19c0.wav	168.878	5818.2	7333.3	WCSP	call
61	Spectrogram 1	1	170.177	170.176819231	170.294006701	0.117	6000.0	6562.5	6281.2	29.7	41.5	48.6	170.177	/Users/mary/Desktop/listens_20180309/completed_listens/file5e57178f19c0.wav	file5e57178f19c0.wav	170.177	5969.7	6636.4	WCSP	call
62	Spectrogram 1	1	170.548	170.548085336	171.739491286	1.191	2250.0	3750.0	3000.0	26.8	38.9	59.8	170.548	/Users/mary/Desktop/listens_20180309/completed_listens/file5e57178f19c0.wav	file5e57178f19c0.wav	170.548	2181.8	3909.1	ROWR	
63	Spectrogram 1	1	173.555	173.555288508	174.795522570	1.240	3000.0	3937.5	3468.8	27.7	42.1	58.8	173.555	/Users/mary/Desktop/listens_20180309/completed_listens/file5e57178f19c0.wav	file5e57178f19c0.wav	173.555	2969.7	4000.0	UNK5	*ROWR
64	Spectrogram 1	1	165.289	165.289497018	166.676215419	1.387	2718.8	3656.2	3093.8	26.8	36.7	58.3	165.289	/Users/mary/Desktop/listens_20180309/completed_listens/file5e57178f19c0.wav	file5e57178f19c0.wav	165.289	2666.7	3697.0	ROWR	
65	Spectrogram 1	1	175.991	175.991469386	176.157197496	0.166	6093.8	7031.2	6562.5	28.7	37.2	51.4	175.991	/Users/mary/Desktop/listens_20180309/completed_listens/file5e57178f19c0.wav	file5e57178f19c0.wav	175.991	5909.1	7090.9	WCSP	call
66	Spectrogram 1	1	176.551	176.550801758	176.668192502	0.117	6000.0	7218.8	6562.5	27.2	37.6	49.4	176.551	/Users/mary/Desktop/listens_20180309/completed_listens/file5e57178f19c0.wav	file5e57178f19c0.wav	176.551	5818.2	7303.0	WCSP	call
67	Spectrogram 1	1	177.103	177.103228791	177.262051563	0.159	6000.0	7218.8	6562.5	27.6	39.7	50.9	177.103	/Users/mary/Desktop/listens_20180309/completed_listens/file5e57178f19c0.wav	file5e57178f19c0.wav	177.103	5939.4	7303.0	WCSP	call
68	Spectrogram 1	1	177.614	177.614223797	177.800667921	0.186	6093.8	7125.0	6656.2	28.1	41.2	51.3	177.614	/Users/mary/Desktop/listens_20180309/completed_listens/file5e57178f19c0.wav	file5e57178f19c0.wav	177.614	6060.6	7181.8	WCSP	call
69	Spectrogram 1	1	178.208	178.208082858	178.318568265	0.110	6000.0	7031.2	6468.8	28.6	40.8	49.8	178.208	/Users/mary/Desktop/listens_20180309/completed_listens/file5e57178f19c0.wav	file5e57178f19c0.wav	178.208	5848.5	7090.9	WCSP	call
70	Spectrogram 1	1	184.473	184.472730904	185.750218420	1.277	2062.5	2625.0	2437.5	33.6	49.0	64.4	184.473	/Users/mary/Desktop/listens_20180309/completed_listens/file5e57178f19c0.wav	file5e57178f19c0.wav	184.473	1878.8	2818.2	ROWR	
71	Spectrogram 1	1	188.545	188.544891137	189.442585066	0.898	2625.0	4500.0	3000.0	31.2	48.8	64.2	188.545	/Users/mary/Desktop/listens_20180309/completed_listens/file5e57178f19c0.wav	file5e57178f19c0.wav	188.545	2454.5	4757.6	ROWR	
72	Spectrogram 1	1	192.501	192.501156308	194.351786871	1.851	1968.8	3000.0	2437.5	29.2	43.2	62.7	192.501	/Users/mary/Desktop/listens_20180309/completed_listens/file5e57178f19c0.wav	file5e57178f19c0.wav	192.501	1878.8	3151.5	ROWR	
73	Spectrogram 1	1	197.210	197.209587563	197.465085066	0.255	2718.8	3187.5	3000.0	34.8	50.5	57.6	197.210	/Users/mary/Desktop/listens_20180309/completed_listens/file5e57178f19c0.wav	file5e57178f19c0.wav	197.210	2454.5	3272.7	ROWR	
74	Spectrogram 1	1	201.113	201.113457976	202.370229477	1.257	2343.8	3375.0	2906.2	28.6	45.4	60.4	201.113	/Users/mary/Desktop/listens_20180309/completed_listens/file5e57178f19c0.wav	file5e57178f19c0.wav	201.113	2333.3	3515.2	ROWR	
75	Spectrogram 1	1	203.019	203.019331242	204.393493488	1.374	1875.0	2718.8	2250.0	30.9	44.6	62.8	203.019	/Users/mary/Desktop/listens_20180309/completed_listens/file5e57178f19c0.wav	file5e57178f19c0.wav	203.019	1757.6	2818.2	ROWR	
77	Spectrogram 1	1	202.408	202.408452774	203.002311835	0.594	2250.0	4312.5	3093.8	29.1	43.5	60.8	202.408	/Users/mary/Desktop/listens_20180309/completed_listens/file5e57178f19c0.wav	file5e57178f19c0.wav	202.408	2060.6	4545.5	PIKA	
78	Spectrogram 1	1	206.078	206.078058571	206.851456418	0.773	2437.5	3562.5	3000.0	27.8	37.0	57.9	206.078	/Users/mary/Desktop/listens_20180309/completed_listens/file5e57178f19c0.wav	file5e57178f19c0.wav	206.078	2363.6	3727.3	ROWR	
79	Spectrogram 1	1	209.245	209.244844576	210.867598987	1.623	2531.2	3468.8	3000.0	29.0	44.0	61.6	209.245	/Users/mary/Desktop/listens_20180309/completed_listens/file5e57178f19c0.wav	file5e57178f19c0.wav	209.245	2454.5	3636.4	ROWR	
80	Spectrogram 1	1	211.479	211.478604270	212.010315290	0.532	2812.5	5250.0	3562.5	29.4	46.4	61.4	211.479	/Users/mary/Desktop/listens_20180309/completed_listens/file5e57178f19c0.wav	file5e57178f19c0.wav	211.479	2606.1	5575.8	PIKA	
81	Spectrogram 1	1	207.622	207.622212543	207.919142074	0.297	2812.5	4875.0	3750.0	27.9	40.1	56.2	207.622	/Users/mary/Desktop/listens_20180309/completed_listens/file5e57178f19c0.wav	file5e57178f19c0.wav	207.622	2666.7	5060.6	PIKA	
82	Spectrogram 1	1	213.327	213.326939048	214.272970343	0.946	2062.5	2625.0	2437.5	34.6	53.3	64.1	213.327	/Users/mary/Desktop/listens_20180309/completed_listens/file5e57178f19c0.wav	file5e57178f19c0.wav	213.327	1878.8	2818.2	ROWR	
83	Spectrogram 1	1	214.335	214.335118384	215.481404479	1.146	2250.0	3187.5	2625.0	28.7	41.0	59.8	214.335	/Users/mary/Desktop/listens_20180309/completed_listens/file5e57178f19c0.wav	file5e57178f19c0.wav	214.335	2212.1	3363.6	ROWR	
85	Spectrogram 1	1	218.359	218.359477834	219.926989542	1.568	2718.8	3375.0	3000.0	28.8	43.7	59.5	218.359	/Users/mary/Desktop/listens_20180309/completed_listens/file5e57178f19c0.wav	file5e57178f19c0.wav	218.359	2636.4	3454.5	ROWR	
86	Spectrogram 1	1	219.430	219.429805212	220.700387389	1.271	1968.8	2718.8	2343.8	30.3	43.9	61.1	219.430	/Users/mary/Desktop/listens_20180309/completed_listens/file5e57178f19c0.wav	file5e57178f19c0.wav	219.430	1787.9	2757.6	ROWR	
87	Spectrogram 1	1	221.209	221.209329120	221.934389602	0.725	2625.0	3656.2	3093.8	27.2	38.0	56.3	221.209	/Users/mary/Desktop/listens_20180309/completed_listens/file5e57178f19c0.wav	file5e57178f19c0.wav	221.209	2606.1	3666.7	ROWR	
88	Spectrogram 1	1	222.226	222.225911908	223.102889824	0.877	2531.2	3281.2	3000.0	31.5	48.6	61.1	222.226	/Users/mary/Desktop/listens_20180309/completed_listens/file5e57178f19c0.wav	file5e57178f19c0.wav	222.226	2424.2	3424.2	ROWR	
89	Spectrogram 1	1	224.007	224.006672531	224.303602062	0.297	3281.2	4500.0	3843.8	28.0	38.6	54.2	224.007	/Users/mary/Desktop/listens_20180309/completed_listens/file5e57178f19c0.wav	file5e57178f19c0.wav	224.007	3242.4	4666.7	PIKA	
90	Spectrogram 1	1	235.437	235.436601294	236.555266037	1.119	2062.5	2625.0	2343.8	31.2	43.7	61.0	235.437	/Users/mary/Desktop/listens_20180309/completed_listens/file5e57178f19c0.wav	file5e57178f19c0.wav	235.437	1939.4	2757.6	ROWR	
91	Spectrogram 1	1	227.786	227.786101199	229.015251349	1.229	2718.8	3843.8	3093.8	27.9	41.3	60.3	227.786	/Users/mary/Desktop/listens_20180309/completed_listens/file5e57178f19c0.wav	file5e57178f19c0.wav	227.786	2545.5	3969.7	ROWR	
92	Spectrogram 1	1	230.342	230.342367126	232.614223302	2.272	2437.5	3656.2	3000.0	29.5	45.1	64.8	230.342	/Users/mary/Desktop/listens_20180309/completed_listens/file5e57178f19c0.wav	file5e57178f19c0.wav	230.342	2303.0	3787.9	ROWR	
93	Spectrogram 1	1	241.902	241.902162164	243.338472452	1.436	2531.2	3656.2	3000.0	30.9	47.3	63.9	241.902	/Users/mary/Desktop/listens_20180309/completed_listens/file5e57178f19c0.wav	file5e57178f19c0.wav	241.902	2393.9	3757.6	ROWR	
94	Spectrogram 1	1	238.865	238.864594287	240.231851195	1.367	2718.8	3468.8	3093.8	31.3	42.6	62.7	238.865	/Users/mary/Desktop/listens_20180309/completed_listens/file5e57178f19c0.wav	file5e57178f19c0.wav	238.865	2575.8	3636.4	ROWR	
95	Spectrogram 1	1	238.657	238.657434149	239.789909568	1.132	3656.2	4781.2	4125.0	29.6	44.0	61.3	238.657	/Users/mary/Desktop/listens_20180309/completed_listens/file5e57178f19c0.wav	file5e57178f19c0.wav	238.657	3606.1	4909.1	ROWR	
96	Spectrogram 1	1	248.237	248.236728791	249.465878941	1.229	2531.2	3656.2	2718.8	34.0	50.4	66.7	248.237	/Users/mary/Desktop/listens_20180309/completed_listens/file5e57178f19c0.wav	file5e57178f19c0.wav	248.237	2363.6	3909.1	ROWR	
97	Spectrogram 1	1	250.565	250.565186646	251.483596589	0.918	2906.2	3843.8	3375.0	28.5	38.9	58.3	250.565	/Users/mary/Desktop/listens_20180309/completed_listens/file5e57178f19c0.wav	file5e57178f19c0.wav	250.565	2878.8	3878.8	ROWR	
98	Spectrogram 1	1	252.980	252.980223319	253.815769207	0.836	3656.2	4593.8	4125.0	28.8	42.6	58.9	252.980	/Users/mary/Desktop/listens_20180309/completed_listens/file5e57178f19c0.wav	file5e57178f19c0.wav	252.980	3484.8	4757.6	ROWR	
99	Spectrogram 1	1	254.270	254.270158227	255.727184528	1.457	2625.0	4031.2	3187.5	27.2	40.8	61.1	254.270	/Users/mary/Desktop/listens_20180309/completed_listens/file5e57178f19c0.wav	file5e57178f19c0.wav	254.270	2515.2	4151.5	ROWR	
100	Spectrogram 1	1	257.442	257.441583057	258.608585166	1.167	2062.5	3375.0	2718.8	29.7	45.3	62.4	257.442	/Users/mary/Desktop/listens_20180309/completed_listens/file5e57178f19c0.wav	file5e57178f19c0.wav	257.442	1909.1	3484.8	ROWR	
101	Spectrogram 1	1	258.754	258.753597262	259.858451329	1.105	2531.2	3656.2	3000.0	27.0	40.6	58.3	258.754	/Users/mary/Desktop/listens_20180309/completed_listens/file5e57178f19c0.wav	file5e57178f19c0.wav	258.754	2484.8	3666.7	ROWR	
102	Spectrogram 1	1	260.853	260.852969092	261.294910719	0.442	2437.5	5906.2	3843.8	31.6	51.1	64.4	260.853	/Users/mary/Desktop/listens_20180309/completed_listens/file5e57178f19c0.wav	file5e57178f19c0.wav	260.853	2151.5	6424.2	PIKA	
103	Spectrogram 1	1	265.470	265.470412643	266.561456034	1.091	3281.2	4593.8	4031.2	27.3	40.2	59.7	265.470	/Users/mary/Desktop/listens_20180309/completed_listens/file5e57178f19c0.wav	file5e57178f19c0.wav	265.470	3181.8	4727.3	ROWR	
104	Spectrogram 1	1	267.068	267.067901314	268.227998085	1.160	3375.0	4593.8	3937.5	27.3	39.5	59.7	267.068	/Users/mary/Desktop/listens_20180309/completed_listens/file5e57178f19c0.wav	file5e57178f19c0.wav	267.068	3242.4	4697.0	ROWR	
105	Spectrogram 1	1	273.296	273.295639313	274.310723987	1.015	2062.5	3187.5	2718.8	29.2	45.2	60.8	273.296	/Users/mary/Desktop/listens_20180309/completed_listens/file5e57178f19c0.wav	file5e57178f19c0.wav	273.296	1909.1	3363.6	ROWR	
106	Spectrogram 1	1	280.217	280.217246649	281.446396799	1.229	2718.8	3468.8	3093.8	28.1	38.0	58.3	280.217	/Users/mary/Desktop/listens_20180309/completed_listens/file5e57178f19c0.wav	file5e57178f19c0.wav	280.217	2666.7	3545.5	ROWR	
107	Spectrogram 1	1	282.957	282.957285819	283.910222452	0.953	3468.8	4687.5	4031.2	27.3	41.1	58.3	282.957	/Users/mary/Desktop/listens_20180309/completed_listens/file5e57178f19c0.wav	file5e57178f19c0.wav	282.957	3424.2	4757.6	ROWR	
108	Spectrogram 1	1	285.997	285.996831806	287.564343514	1.568	2625.0	3187.5	2906.2	28.3	41.7	58.4	285.997	/Users/mary/Desktop/listens_20180309/completed_listens/file5e57178f19c0.wav	file5e57178f19c0.wav	285.997	2545.5	3272.7	ROWR	
109	Spectrogram 1	1	288.089	288.088995787	289.269808571	1.181	2156.2	3375.0	2718.8	28.6	47.1	61.1	288.089	/Users/mary/Desktop/listens_20180309/completed_listens/file5e57178f19c0.wav	file5e57178f19c0.wav	288.089	2030.3	3484.8	ROWR	
110	Spectrogram 1	1	289.719	289.718655536	290.008679728	0.290	2812.5	5906.2	3656.2	30.5	46.1	60.9	289.719	/Users/mary/Desktop/listens_20180309/completed_listens/file5e57178f19c0.wav	file5e57178f19c0.wav	289.719	2454.5	6333.3	PIKA	
111	Spectrogram 1	1	293.470	293.470273722	294.837530631	1.367	3281.2	5437.5	4125.0	27.7	43.9	62.9	293.470	/Users/mary/Desktop/listens_20180309/completed_listens/file5e57178f19c0.wav	file5e57178f19c0.wav	293.470	3151.5	5575.8	ROWR	
112	Spectrogram 1	1	295.998	295.997618962	296.764111472	0.766	2437.5	3937.5	2812.5	30.4	50.8	61.9	295.998	/Users/mary/Desktop/listens_20180309/completed_listens/file5e57178f19c0.wav	file5e57178f19c0.wav	295.998	2333.3	4181.8	ROWR	
113	Spectrogram 1	1	297.006	297.005798299	298.062315001	1.057	2812.5	3468.8	3093.8	27.1	36.2	56.1	297.006	/Users/mary/Desktop/listens_20180309/completed_listens/file5e57178f19c0.wav	file5e57178f19c0.wav	297.006	2787.9	3545.5	ROWR	
114	Spectrogram 1	1	302.447	302.447127984	303.324105900	0.877	2625.0	3468.8	3000.0	27.6	38.3	56.8	302.447	/Users/mary/Desktop/listens_20180309/completed_listens/file5e57178f19c0.wav	file5e57178f19c0.wav	302.447	2575.8	3484.8	ROWR	
115	Spectrogram 1	1	308.016	308.015736571	310.515468898	2.500	2062.5	3281.2	2718.8	27.8	42.0	63.0	308.016	/Users/mary/Desktop/listens_20180309/completed_listens/file5e57178f19c0.wav	file5e57178f19c0.wav	308.016	2060.6	3363.6	ROWR	
116	Spectrogram 1	1	316.541	316.541056363	317.045146031	0.504	2718.8	4593.8	3750.0	27.4	43.7	57.7	316.541	/Users/mary/Desktop/listens_20180309/completed_listens/file5e57178f19c0.wav	file5e57178f19c0.wav	316.541	2606.1	4727.3	UNK	*unidentifiable
117	Spectrogram 1	1	319.902	319.902095059	321.200298588	1.298	2625.0	3375.0	3000.0	27.5	39.3	57.9	319.902	/Users/mary/Desktop/listens_20180309/completed_listens/file5e57178f19c0.wav	file5e57178f19c0.wav	319.902	2575.8	3393.9	ROWR	
118	Spectrogram 1	1	321.359	321.359121360	322.512312793	1.153	2156.2	3562.5	2718.8	26.9	40.0	59.6	321.359	/Users/mary/Desktop/listens_20180309/completed_listens/file5e57178f19c0.wav	file5e57178f19c0.wav	321.359	2060.6	3575.8	ROWR	
119	Spectrogram 1	1	332.068	332.067930212	333.234932320	1.167	2343.8	3093.8	2718.8	28.6	42.6	58.5	332.068	/Users/mary/Desktop/listens_20180309/completed_listens/file5e57178f19c0.wav	file5e57178f19c0.wav	332.068	2272.7	3151.5	ROWR	
120	Spectrogram 1	1	337.228	337.227994825	338.540009030	1.312	2343.8	3281.2	2812.5	27.7	39.3	59.0	337.228	/Users/mary/Desktop/listens_20180309/completed_listens/file5e57178f19c0.wav	file5e57178f19c0.wav	337.228	2303.0	3333.3	ROWR	
121	Spectrogram 1	1	344.533	344.533255481	345.748594955	1.215	2156.2	3281.2	2625.0	27.1	38.7	58.8	344.533	/Users/mary/Desktop/listens_20180309/completed_listens/file5e57178f19c0.wav	file5e57178f19c0.wav	344.533	2121.2	3333.3	ROWR	
122	Spectrogram 1	1	349.302	349.302309822	350.994117612	1.692	2156.2	3093.8	2718.8	28.7	44.5	61.8	349.302	/Users/mary/Desktop/listens_20180309/completed_listens/file5e57178f19c0.wav	file5e57178f19c0.wav	349.302	2030.3	3242.4	ROWR	
123	Spectrogram 1	1	353.662	353.661840254	355.001475811	1.340	2531.2	3281.2	2906.2	29.1	45.4	59.6	353.662	/Users/mary/Desktop/listens_20180309/completed_listens/file5e57178f19c0.wav	file5e57178f19c0.wav	353.662	2454.5	3363.6	ROWR	
124	Spectrogram 1	1	357.710	357.709629713	358.952590539	1.243	2156.2	3093.8	2718.8	28.4	43.3	60.2	357.710	/Users/mary/Desktop/listens_20180309/completed_listens/file5e57178f19c0.wav	file5e57178f19c0.wav	357.710	1969.7	3242.4	ROWR	
125	Spectrogram 1	1	361.894	361.893932709	363.240473603	1.347	2250.0	3187.5	2625.0	27.4	39.9	58.8	361.894	/Users/mary/Desktop/listens_20180309/completed_listens/file5e57178f19c0.wav	file5e57178f19c0.wav	361.894	2212.1	3212.1	ROWR	
126	Spectrogram 1	1	365.337	365.337481383	366.463051464	1.126	2156.2	3187.5	2812.5	27.9	43.6	59.3	365.337	/Users/mary/Desktop/listens_20180309/completed_listens/file5e57178f19c0.wav	file5e57178f19c0.wav	365.337	2090.9	3303.0	ROWR	
127	Spectrogram 1	1	369.627	369.626510186	371.131873852	1.505	2718.8	3750.0	3281.2	27.8	40.4	60.1	369.627	/Users/mary/Desktop/listens_20180309/completed_listens/file5e57178f19c0.wav	file5e57178f19c0.wav	369.627	2697.0	3757.6	ROWR	
128	Spectrogram 1	1	374.136	374.135957958	375.447972163	1.312	2343.8	3093.8	2812.5	28.5	43.0	58.9	374.136	/Users/mary/Desktop/listens_20180309/completed_listens/file5e57178f19c0.wav	file5e57178f19c0.wav	374.136	2333.3	3181.8	ROWR	
129	Spectrogram 1	1	379.962	379.961593135	381.453146126	1.492	2718.8	3750.0	3187.5	28.6	42.5	61.6	379.962	/Users/mary/Desktop/listens_20180309/completed_listens/file5e57178f19c0.wav	file5e57178f19c0.wav	379.962	2545.5	3878.8	ROWR	
130	Spectrogram 1	1	386.194	386.194029962	387.464612140	1.271	2343.8	3000.0	2812.5	30.3	45.7	61.0	386.194	/Users/mary/Desktop/listens_20180309/completed_listens/file5e57178f19c0.wav	file5e57178f19c0.wav	386.194	2242.4	3151.5	ROWR	
131	Spectrogram 1	1	385.248	385.247998667	386.615255576	1.367	6562.5	8062.5	7312.5	27.3	41.1	61.2	385.248	/Users/mary/Desktop/listens_20180309/completed_listens/file5e57178f19c0.wav	file5e57178f19c0.wav	385.248	6424.2	8212.1	WCSP	fledglings
132	Spectrogram 1	1	387.760	387.759855042	389.990279190	2.230	6000.0	8156.2	7218.8	27.4	42.5	64.7	387.760	/Users/mary/Desktop/listens_20180309/completed_listens/file5e57178f19c0.wav	file5e57178f19c0.wav	387.760	5818.2	8303.0	WCSP	fledglings
133	Spectrogram 1	1	390.584	390.583512394	391.681461123	1.098	3375.0	4968.8	3937.5	27.4	47.7	60.5	390.584	/Users/mary/Desktop/listens_20180309/completed_listens/file5e57178f19c0.wav	file5e57178f19c0.wav	390.584	3212.1	5090.9	ROWR	*pip pip pip
134	Spectrogram 1	1	394.244	394.243703831	396.031596872	1.788	1781.2	3843.8	2906.2	27.7	41.7	63.9	394.244	/Users/mary/Desktop/listens_20180309/completed_listens/file5e57178f19c0.wav	file5e57178f19c0.wav	394.244	1650.0	4000.0	ROWR	
135	Spectrogram 1	1	397.960	397.959972935	399.113164368	1.153	3468.8	4875.0	4031.2	26.9	44.8	59.8	397.960	/Users/mary/Desktop/listens_20180309/completed_listens/file5e57178f19c0.wav	file5e57178f19c0.wav	397.960	3303.0	5000.0	ROWR	*pip pip pip
136	Spectrogram 1	1	402.967	402.966850238	403.691910719	0.725	3187.5	3750.0	3468.8	28.8	41.1	55.5	402.967	/Users/mary/Desktop/listens_20180309/completed_listens/file5e57178f19c0.wav	file5e57178f19c0.wav	402.967	3151.5	3818.2	ROWR	
139	Spectrogram 1	1	405.781	405.781350048	407.314335066	1.533	2718.8	3750.0	3187.5	27.5	41.1	59.8	405.781	/Users/mary/Desktop/listens_20180309/completed_listens/file5e57178f19c0.wav	file5e57178f19c0.wav	405.781	2636.4	3787.9	ROWR	
140	Spectrogram 1	1	409.705	409.705085933	410.775413311	1.070	3281.2	3937.5	3562.5	27.5	45.3	56.5	409.705	/Users/mary/Desktop/listens_20180309/completed_listens/file5e57178f19c0.wav	file5e57178f19c0.wav	409.705	3212.1	3969.7	ROWR	*pip pip pip
141	Spectrogram 1	1	414.552	414.552305501	415.056395169	0.504	3187.5	3937.5	3562.5	27.8	40.3	54.1	414.552	/Users/mary/Desktop/listens_20180309/completed_listens/file5e57178f19c0.wav	file5e57178f19c0.wav	414.552	3181.8	3969.7	ROWR	
142	Spectrogram 1	1	417.382	417.382114063	418.590548199	1.208	2250.0	3562.5	2906.2	27.8	42.2	60.7	417.382	/Users/mary/Desktop/listens_20180309/completed_listens/file5e57178f19c0.wav	file5e57178f19c0.wav	417.382	2151.5	3697.0	ROWR	
143	Spectrogram 1	1	421.643	421.642827391	423.086043016	1.443	2625.0	3937.5	3281.2	27.1	38.9	60.5	421.643	/Users/mary/Desktop/listens_20180309/completed_listens/file5e57178f19c0.wav	file5e57178f19c0.wav	421.643	2545.5	4090.9	ROWR	
145	Spectrogram 1	1	427.678	427.677674933	429.245186641	1.568	2437.5	3375.0	3000.0	28.9	44.5	61.0	427.678	/Users/mary/Desktop/listens_20180309/completed_listens/file5e57178f19c0.wav	file5e57178f19c0.wav	427.678	2393.9	3424.2	ROWR	
146	Spectrogram 1	1	431.842	431.841593699	433.119081215	1.277	2156.2	3187.5	2718.8	28.5	42.2	60.8	431.842	/Users/mary/Desktop/listens_20180309/completed_listens/file5e57178f19c0.wav	file5e57178f19c0.wav	431.842	2030.3	3333.3	ROWR	
151	Spectrogram 1	1	435.601	435.601019306	436.906128173	1.305	2531.2	3281.2	2906.2	29.2	43.5	59.6	435.601	/Users/mary/Desktop/listens_20180309/completed_listens/file5e57178f19c0.wav	file5e57178f19c0.wav	435.601	2484.8	3363.6	ROWR	
152	Spectrogram 1	1	442.317	442.316688949	443.000317403	0.684	3375.0	4875.0	4125.0	26.6	42.3	57.5	442.317	/Users/mary/Desktop/listens_20180309/completed_listens/file5e57178f19c0.wav	file5e57178f19c0.wav	442.317	3212.1	5030.3	ROWR	*pip pip pip
153	Spectrogram 1	1	445.527	445.526661875	446.873202770	1.347	2625.0	3375.0	3000.0	28.4	44.1	58.9	445.527	/Users/mary/Desktop/listens_20180309/completed_listens/file5e57178f19c0.wav	file5e57178f19c0.wav	445.527	2545.5	3454.5	ROWR	
154	Spectrogram 1	1	450.697	450.696979943	451.822550024	1.126	3281.2	4781.2	3937.5	27.1	45.1	60.1	450.697	/Users/mary/Desktop/listens_20180309/completed_listens/file5e57178f19c0.wav	file5e57178f19c0.wav	450.697	3181.8	4939.4	ROWR	*pip pip pip
155	Spectrogram 1	1	464.103	464.103237628	464.241344386	0.138	4125.0	5156.2	4406.2	29.3	39.6	51.9	464.103	/Users/mary/Desktop/listens_20180309/completed_listens/file5e57178f19c0.wav	file5e57178f19c0.wav	464.103	4000.0	5333.3	UNK9	*CAWR?!
156	Spectrogram 1	1	465.353	465.353103791	465.484305212	0.131	4218.8	5062.5	4500.0	28.2	35.9	49.2	465.353	/Users/mary/Desktop/listens_20180309/completed_listens/file5e57178f19c0.wav	file5e57178f19c0.wav	465.353	4151.5	5151.5	UNK9	*CAWR?
157	Spectrogram 1	1	466.589	466.589159279	466.734171375	0.145	4125.0	4968.8	4406.2	28.6	37.6	49.9	466.589	/Users/mary/Desktop/listens_20180309/completed_listens/file5e57178f19c0.wav	file5e57178f19c0.wav	466.589	4090.9	5000.0	UNK9	*CAWR?!
158	Spectrogram 1	1	483.508	483.507934050	483.818674256	0.311	2906.2	5062.5	3375.0	39.9	59.4	71.1	483.508	/Users/mary/Desktop/listens_20180309/completed_listens/file5e57178f19c0.wav	file5e57178f19c0.wav	483.508	1848.5	6000.0	PIKA	
159	Spectrogram 1	1	486.219	486.219371933	486.392005381	0.173	4312.5	5625.0	5156.2	31.0	47.1	55.3	486.219	/Users/mary/Desktop/listens_20180309/completed_listens/file5e57178f19c0.wav	file5e57178f19c0.wav	486.219	4151.5	5787.9	GCRF	*
160	Spectrogram 1	1	492.810	492.809761432	492.934057514	0.124	4968.8	5625.0	5156.2	30.3	42.8	51.1	492.810	/Users/mary/Desktop/listens_20180309/completed_listens/file5e57178f19c0.wav	file5e57178f19c0.wav	492.810	4818.2	5727.3	GCRF	*
161	Spectrogram 1	1	542.936	542.935506054	543.087423488	0.152	3843.8	5718.8	4593.8	30.1	45.2	55.6	542.936	/Users/mary/Desktop/listens_20180309/completed_listens/file5e57178f19c0.wav	file5e57178f19c0.wav	542.936	3575.8	5909.1	GCRF	
162	Spectrogram 1	1	546.255	546.254596973	546.910604076	0.656	3937.5	5156.2	4500.0	28.3	44.0	58.2	546.255	/Users/mary/Desktop/listens_20180309/completed_listens/file5e57178f19c0.wav	file5e57178f19c0.wav	546.255	3757.6	5333.3	GCRF	
163	Spectrogram 1	1	550.709	550.709208915	550.943990404	0.235	4875.0	6656.2	5906.2	27.1	38.4	54.1	550.709	/Users/mary/Desktop/listens_20180309/completed_listens/file5e57178f19c0.wav	file5e57178f19c0.wav	550.709	4757.6	6818.2	UNK10	
164	Spectrogram 1	1	593.208	593.208150068	594.375152176	1.167	6468.8	8343.8	7406.2	27.4	39.8	61.4	593.208	/Users/mary/Desktop/listens_20180309/completed_listens/file5e57178f19c0.wav	file5e57178f19c0.wav	593.208	6333.3	8454.5	WCSP	fledgling
165	Spectrogram 1	1	599.144	599.144118574	599.606776215	0.463	6187.5	7875.0	7218.8	28.7	46.6	58.3	599.144	/Users/mary/Desktop/listens_20180309/completed_listens/file5e57178f19c0.wav	file5e57178f19c0.wav	599.144	6030.3	8030.3	WCSP	fledgling
