Selection	View	Channel	Begin Clock Time	Begin Time (s)	End Time (s)	Delta Time (s)	Freq 5% (Hz)	Freq 95% (Hz)	Center Freq (Hz)	Avg Power (dB)	Max Power (dB)	Energy (dB)	Begin Date Time	Begin Path	Begin File	File Offset (s)	Low Freq (Hz)	High Freq (Hz)	ID	NOTES
1	Spectrogram 1	1	2.171	2.170883251	2.340653510	0.170	5531.2	6187.5	5906.2	32.3	48.2	54.2	2.171	/Users/mary/Desktop/listens_20180309/completed_listens/file5e5733e39855.wav	file5e5733e39855.wav	2.171	5387.8	6332.4	WCSP	
2	Spectrogram 1	1	5.676	5.676062305	5.804682700	0.129	5437.5	6468.8	5906.2	33.6	49.1	56.9	5.676	/Users/mary/Desktop/listens_20180309/completed_listens/file5e5733e39855.wav	file5e5733e39855.wav	5.676	5142.9	6822.2	WCSP	
3	Spectrogram 1	1	2.795	2.794965470	4.244088581	1.449	3093.8	4218.8	3656.2	26.8	39.3	59.2	2.795	/Users/mary/Desktop/listens_20180309/completed_listens/file5e5733e39855.wav	file5e5733e39855.wav	2.795	3078.7	4268.2	ROWR	
4	Spectrogram 1	1	6.422	6.422060593	7.451023748	1.029	2343.8	3750.0	3000.0	27.6	41.2	60.0	6.422	/Users/mary/Desktop/listens_20180309/completed_listens/file5e5733e39855.wav	file5e5733e39855.wav	6.422	2169.1	3883.4	ROWR	
5	Spectrogram 1	1	8.874	8.874422780	9.045916639	0.171	5062.5	6468.8	5718.8	28.2	42.5	52.9	8.874	/Users/mary/Desktop/listens_20180309/completed_listens/file5e5733e39855.wav	file5e5733e39855.wav	8.874	4932.9	6612.2	WCSP	
6	Spectrogram 1	1	11.656	11.656473644	11.827967503	0.171	5343.8	6468.8	5906.2	35.1	54.0	61.3	11.656	/Users/mary/Desktop/listens_20180309/completed_listens/file5e5733e39855.wav	file5e5733e39855.wav	11.656	4513.1	6997.1	WCSP	
7	Spectrogram 1	1	10.260	10.259772878	11.786068225	1.526	1875.0	3187.5	2531.2	27.2	40.7	60.8	10.260	/Users/mary/Desktop/listens_20180309/completed_listens/file5e5733e39855.wav	file5e5733e39855.wav	10.260	1854.2	3323.6	ROWR	
8	Spectrogram 1	1	15.091	15.090752193	15.313694210	0.223	5625.0	9562.5	7875.0	32.2	51.5	62.7	15.091	/Users/mary/Desktop/listens_20180309/completed_listens/file5e5733e39855.wav	file5e5733e39855.wav	15.091	5072.9	10110.8	WCSP	
9	Spectrogram 1	1	17.260	17.260149512	17.405919292	0.146	4593.8	6187.5	5250.0	29.5	44.4	54.0	17.260	/Users/mary/Desktop/listens_20180309/completed_listens/file5e5733e39855.wav	file5e5733e39855.wav	17.260	4443.1	6437.3	WCSP	
10	Spectrogram 1	1	19.318	19.318075823	19.472420296	0.154	4781.2	6281.2	5437.5	29.9	45.9	54.3	19.318	/Users/mary/Desktop/listens_20180309/completed_listens/file5e5733e39855.wav	file5e5733e39855.wav	19.318	4618.1	6437.3	WCSP	
11	Spectrogram 1	1	20.364	20.364188364	20.492808758	0.129	5437.5	6468.8	5812.5	35.3	52.2	59.3	20.364	/Users/mary/Desktop/listens_20180309/completed_listens/file5e5733e39855.wav	file5e5733e39855.wav	20.364	4932.9	6927.1	WCSP	
12	Spectrogram 1	1	14.791	14.790637939	15.819601094	1.029	2156.2	3656.2	2906.2	27.0	38.5	59.6	14.791	/Users/mary/Desktop/listens_20180309/completed_listens/file5e5733e39855.wav	file5e5733e39855.wav	14.791	2029.2	3778.4	ROWR	
13	Spectrogram 1	1	18.103	18.103433640	18.472145438	0.369	3000.0	6093.8	4406.2	26.5	37.5	57.5	18.103	/Users/mary/Desktop/listens_20180309/completed_listens/file5e5733e39855.wav	file5e5733e39855.wav	18.103	2798.8	6192.4	ROWR	
14	Spectrogram 1	1	21.285	21.284644729	21.473287974	0.189	4968.8	6468.8	5625.0	27.5	43.7	52.8	21.285	/Users/mary/Desktop/listens_20180309/completed_listens/file5e5733e39855.wav	file5e5733e39855.wav	21.285	4863.0	6647.2	WCSP	
15	Spectrogram 1	1	21.928	21.927746701	22.039217710	0.111	4968.8	5812.5	5343.8	31.6	46.7	52.6	21.928	/Users/mary/Desktop/listens_20180309/completed_listens/file5e5733e39855.wav	file5e5733e39855.wav	21.928	4863.0	5982.5	WCSP	
16	Spectrogram 1	1	22.828	22.828089462	23.033882093	0.206	7406.2	9187.5	8250.0	29.4	44.2	56.0	22.828	/Users/mary/Desktop/listens_20180309/completed_listens/file5e5733e39855.wav	file5e5733e39855.wav	22.828	7207.0	9376.1	WCSP	
17	Spectrogram 1	1	23.205	23.205375952	23.342571040	0.137	4875.0	6375.0	5531.2	28.2	43.7	51.9	23.205	/Users/mary/Desktop/listens_20180309/completed_listens/file5e5733e39855.wav	file5e5733e39855.wav	23.205	4688.0	6507.3	WCSP	
18	Spectrogram 1	1	23.823	23.822753846	23.951374240	0.129	4781.2	6000.0	5343.8	30.0	46.1	52.8	23.823	/Users/mary/Desktop/listens_20180309/completed_listens/file5e5733e39855.wav	file5e5733e39855.wav	23.823	4653.1	6157.4	WCSP	
19	Spectrogram 1	1	24.534	24.534453362	24.680223142	0.146	5343.8	6468.8	5906.2	35.7	54.0	60.8	24.534	/Users/mary/Desktop/listens_20180309/completed_listens/file5e5733e39855.wav	file5e5733e39855.wav	24.534	4898.0	7137.0	WCSP	
20	Spectrogram 1	1	23.746	23.745671536	24.834657542	1.089	2625.0	3656.2	3000.0	30.1	45.5	61.7	23.746	/Users/mary/Desktop/listens_20180309/completed_listens/file5e5733e39855.wav	file5e5733e39855.wav	23.746	2484.0	3778.4	ROWR	
21	Spectrogram 1	1	26.718	26.717617765	28.166740875	1.449	3281.2	4593.8	3937.5	27.0	37.3	60.6	26.718	/Users/mary/Desktop/listens_20180309/completed_listens/file5e5733e39855.wav	file5e5733e39855.wav	26.718	3183.7	4723.0	ROWR	
22	Spectrogram 1	1	28.090	28.089568639	28.226763726	0.137	5531.2	6375.0	5906.2	36.1	52.5	59.8	28.090	/Users/mary/Desktop/listens_20180309/completed_listens/file5e5733e39855.wav	file5e5733e39855.wav	28.090	5072.9	6752.2	WCSP	
23	Spectrogram 1	1	28.861	28.861291005	28.989911400	0.129	4875.0	6000.0	5343.8	30.0	45.0	52.5	28.861	/Users/mary/Desktop/listens_20180309/completed_listens/file5e5733e39855.wav	file5e5733e39855.wav	28.861	4688.0	6122.4	WCSP	
24	Spectrogram 1	1	30.079	30.078897406	30.258965958	0.180	4593.8	6093.8	5250.0	27.9	42.8	53.0	30.079	/Users/mary/Desktop/listens_20180309/completed_listens/file5e5733e39855.wav	file5e5733e39855.wav	30.079	4478.1	6227.4	WCSP	
25	Spectrogram 1	1	31.142	31.142159333	31.305078499	0.163	4687.5	6281.2	5437.5	28.7	44.9	53.6	31.142	/Users/mary/Desktop/listens_20180309/completed_listens/file5e5733e39855.wav	file5e5733e39855.wav	31.142	4548.1	6472.3	WCSP	
26	Spectrogram 1	1	33.414	33.414452968	33.585946827	0.171	5062.5	6468.8	5812.5	31.4	48.9	57.0	33.414	/Users/mary/Desktop/listens_20180309/completed_listens/file5e5733e39855.wav	file5e5733e39855.wav	33.414	4723.0	6927.1	WCSP	
27	Spectrogram 1	1	33.119	33.119040966	34.096555964	0.978	2156.2	4312.5	3187.5	26.4	38.6	60.1	33.119	/Users/mary/Desktop/listens_20180309/completed_listens/file5e5733e39855.wav	file5e5733e39855.wav	33.119	1994.2	4408.2	UNK1	
28	Spectrogram 1	1	34.362	34.362371445	34.508141226	0.146	4781.2	6187.5	5343.8	27.6	41.0	51.1	34.362	/Users/mary/Desktop/listens_20180309/completed_listens/file5e5733e39855.wav	file5e5733e39855.wav	34.362	4758.0	6262.4	WCSP	
29	Spectrogram 1	1	36.176	36.175507940	36.329852413	0.154	4968.8	6187.5	5531.2	26.3	38.3	49.7	36.176	/Users/mary/Desktop/listens_20180309/completed_listens/file5e5733e39855.wav	file5e5733e39855.wav	36.176	4863.0	6227.4	WCSP	
30	Spectrogram 1	1	36.896	36.895782148	37.032977236	0.137	5062.5	6562.5	5812.5	27.6	40.7	51.5	36.896	/Users/mary/Desktop/listens_20180309/completed_listens/file5e5733e39855.wav	file5e5733e39855.wav	36.896	4932.9	6717.2	WCSP	
31	Spectrogram 1	1	39.871	39.871200606	40.034119772	0.163	5437.5	6468.8	5906.2	34.7	52.3	59.6	39.871	/Users/mary/Desktop/listens_20180309/completed_listens/file5e5733e39855.wav	file5e5733e39855.wav	39.871	5002.9	6927.1	WCSP	
32	Spectrogram 1	1	39.811	39.811177755	40.925887840	1.115	2343.8	3656.2	3093.8	28.7	45.1	61.2	39.811	/Users/mary/Desktop/listens_20180309/completed_listens/file5e5733e39855.wav	file5e5733e39855.wav	39.811	2239.1	3813.4	ROWR	
33	Spectrogram 1	1	46.895	46.895139130	48.147044302	1.252	1968.8	2812.5	2437.5	28.8	45.2	59.5	46.895	/Users/mary/Desktop/listens_20180309/completed_listens/file5e5733e39855.wav	file5e5733e39855.wav	46.895	1924.2	2888.3	UNK3	*ROWR?
34	Spectrogram 1	1	48.970	48.970214826	49.184582150	0.214	4875.0	6187.5	5437.5	26.7	39.8	51.5	48.970	/Users/mary/Desktop/listens_20180309/completed_listens/file5e5733e39855.wav	file5e5733e39855.wav	48.970	4793.0	6192.4	WCSP	
35	Spectrogram 1	1	49.982	49.982028596	50.110648990	0.129	4687.5	6093.8	5343.8	26.7	36.5	50.0	49.982	/Users/mary/Desktop/listens_20180309/completed_listens/file5e5733e39855.wav	file5e5733e39855.wav	49.982	4513.1	6192.4	WCSP	
36	Spectrogram 1	1	51.483	51.482599864	51.594070873	0.111	4968.8	6375.0	5812.5	27.1	38.2	49.9	51.483	/Users/mary/Desktop/listens_20180309/completed_listens/file5e5733e39855.wav	file5e5733e39855.wav	51.483	4828.0	6507.3	WCSP	
37	Spectrogram 1	1	53.052	53.051768676	53.188963764	0.137	4781.2	5906.2	5343.8	28.5	40.1	51.0	53.052	/Users/mary/Desktop/listens_20180309/completed_listens/file5e5733e39855.wav	file5e5733e39855.wav	53.052	4618.1	5982.5	WCSP	
38	Spectrogram 1	1	54.381	54.380846085	54.560914637	0.180	4406.2	6093.8	5343.8	26.8	40.0	52.3	54.381	/Users/mary/Desktop/listens_20180309/completed_listens/file5e5733e39855.wav	file5e5733e39855.wav	54.381	4303.2	6192.4	WCSP	
39	Spectrogram 1	1	54.457	54.457196188	56.292180481	1.835	1968.8	3093.8	2531.2	27.7	41.0	61.8	54.457	/Users/mary/Desktop/listens_20180309/completed_listens/file5e5733e39855.wav	file5e5733e39855.wav	54.457	1784.3	3253.6	ROWR	
40	Spectrogram 1	1	56.747	56.746639208	56.866684910	0.120	4875.0	6000.0	5437.5	28.5	41.4	50.8	56.747	/Users/mary/Desktop/listens_20180309/completed_listens/file5e5733e39855.wav	file5e5733e39855.wav	56.747	4758.0	6157.4	WCSP	
41	Spectrogram 1	1	57.861	57.861349293	58.032843153	0.171	4781.2	5812.5	5343.8	28.6	44.0	51.7	57.861	/Users/mary/Desktop/listens_20180309/completed_listens/file5e5733e39855.wav	file5e5733e39855.wav	57.861	4723.0	5912.5	WCSP	
42	Spectrogram 1	1	60.159	60.159367007	60.313711480	0.154	4875.0	5812.5	5250.0	28.6	43.1	51.0	60.159	/Users/mary/Desktop/listens_20180309/completed_listens/file5e5733e39855.wav	file5e5733e39855.wav	60.159	4688.0	5842.6	WCSP	
43	Spectrogram 1	1	60.485	60.485205340	60.613825734	0.129	4687.5	6375.0	5531.2	28.1	39.9	52.5	60.485	/Users/mary/Desktop/listens_20180309/completed_listens/file5e5733e39855.wav	file5e5733e39855.wav	60.485	4478.1	6542.3	WCSP	
44	Spectrogram 1	1	63.600	63.600106536	63.754451010	0.154	5156.2	6281.2	5812.5	29.6	45.6	53.1	63.600	/Users/mary/Desktop/listens_20180309/completed_listens/file5e5733e39855.wav	file5e5733e39855.wav	63.600	4932.9	6402.3	WCSP	
45	Spectrogram 1	1	64.029	64.028841184	64.148886886	0.120	4781.2	6093.8	5250.0	29.2	43.4	51.9	64.029	/Users/mary/Desktop/listens_20180309/completed_listens/file5e5733e39855.wav	file5e5733e39855.wav	64.029	4618.1	6192.4	WCSP	
46	Spectrogram 1	1	64.706	64.706241928	64.869161095	0.163	4968.8	6187.5	5531.2	28.1	42.3	51.9	64.706	/Users/mary/Desktop/listens_20180309/completed_listens/file5e5733e39855.wav	file5e5733e39855.wav	64.706	4863.0	6367.3	WCSP	
47	Spectrogram 1	1	67.905	67.904602403	68.316187665	0.412	2343.8	6843.8	4218.8	33.4	52.0	67.5	67.905	/Users/mary/Desktop/listens_20180309/completed_listens/file5e5733e39855.wav	file5e5733e39855.wav	67.905	1819.2	8081.6	PIKA	
48	Spectrogram 1	1	66.431	66.431441228	66.568636315	0.137	5062.5	6281.2	5531.2	27.0	38.9	49.9	66.431	/Users/mary/Desktop/listens_20180309/completed_listens/file5e5733e39855.wav	file5e5733e39855.wav	66.431	4967.9	6367.3	WCSP	
49	Spectrogram 1	1	69.966	69.966266885	70.077737894	0.111	656.2	4031.2	1125.0	31.8	47.8	58.5	69.966	/Users/mary/Desktop/listens_20180309/completed_listens/file5e5733e39855.wav	file5e5733e39855.wav	69.966	384.8	4583.1	geophony	*water
50	Spectrogram 1	1	74.039	74.039246042	74.176441129	0.137	5531.2	6468.8	5906.2	33.9	50.2	57.3	74.039	/Users/mary/Desktop/listens_20180309/completed_listens/file5e5733e39855.wav	file5e5733e39855.wav	74.039	5282.8	6927.1	WCSP	
51	Spectrogram 1	1	79.117	79.117374565	79.271719038	0.154	4968.8	6093.8	5437.5	27.2	40.6	50.3	79.117	/Users/mary/Desktop/listens_20180309/completed_listens/file5e5733e39855.wav	file5e5733e39855.wav	79.117	4932.9	6192.4	WCSP	
52	Spectrogram 1	1	79.692	79.691878993	79.829074081	0.137	4781.2	6000.0	5437.5	27.4	38.4	49.9	79.692	/Users/mary/Desktop/listens_20180309/completed_listens/file5e5733e39855.wav	file5e5733e39855.wav	79.692	4723.0	6052.5	WCSP	
53	Spectrogram 1	1	81.132	81.132427411	81.303921270	0.171	5437.5	6468.8	5906.2	32.6	49.9	57.2	81.132	/Users/mary/Desktop/listens_20180309/completed_listens/file5e5733e39855.wav	file5e5733e39855.wav	81.132	5107.9	6822.2	WCSP	
54	Spectrogram 1	1	82.607	82.607274600	82.804492539	0.197	4781.2	6187.5	5625.0	28.6	43.5	54.0	82.607	/Users/mary/Desktop/listens_20180309/completed_listens/file5e5733e39855.wav	file5e5733e39855.wav	82.607	4618.1	6437.3	WCSP	
55	Spectrogram 1	1	85.042	85.042487401	85.213981261	0.171	4593.8	6093.8	5343.8	27.2	40.0	51.8	85.042	/Users/mary/Desktop/listens_20180309/completed_listens/file5e5733e39855.wav	file5e5733e39855.wav	85.042	4478.1	6122.4	WCSP	
56	Spectrogram 1	1	86.354	86.354415425	86.551633363	0.197	4968.8	6281.2	5437.5	27.3	40.5	52.0	86.354	/Users/mary/Desktop/listens_20180309/completed_listens/file5e5733e39855.wav	file5e5733e39855.wav	86.354	4828.0	6332.4	WCSP	
57	Spectrogram 1	1	87.409	87.409102659	87.511998974	0.103	5437.5	6281.2	5812.5	34.6	50.3	56.4	87.409	/Users/mary/Desktop/listens_20180309/completed_listens/file5e5733e39855.wav	file5e5733e39855.wav	87.409	5107.9	6647.2	WCSP	
58	Spectrogram 1	1	90.810	90.810153517	91.007371455	0.197	5437.5	6187.5	5812.5	33.8	51.0	58.0	90.810	/Users/mary/Desktop/listens_20180309/completed_listens/file5e5733e39855.wav	file5e5733e39855.wav	90.810	5107.9	6402.3	WCSP	
59	Spectrogram 1	1	93.297	93.296814476	93.434009563	0.137	5437.5	6468.8	6000.0	35.9	53.7	60.1	93.297	/Users/mary/Desktop/listens_20180309/completed_listens/file5e5733e39855.wav	file5e5733e39855.wav	93.297	4898.0	6892.1	WCSP	
60	Spectrogram 1	1	96.684	96.683818196	96.863886748	0.180	5531.2	6375.0	5906.2	35.5	54.9	61.5	96.684	/Users/mary/Desktop/listens_20180309/completed_listens/file5e5733e39855.wav	file5e5733e39855.wav	96.684	4863.0	7102.0	WCSP	
61	Spectrogram 1	1	100.975	100.975356210	101.129700684	0.154	5531.2	6468.8	5906.2	35.4	53.5	60.2	100.975	/Users/mary/Desktop/listens_20180309/completed_listens/file5e5733e39855.wav	file5e5733e39855.wav	100.975	5107.9	7032.1	WCSP	
62	Spectrogram 1	1	105.571	105.571391638	105.674287953	0.103	5437.5	6281.2	5718.8	38.0	55.0	61.2	105.571	/Users/mary/Desktop/listens_20180309/completed_listens/file5e5733e39855.wav	file5e5733e39855.wav	105.571	4863.0	6927.1	WCSP	
63	Spectrogram 1	1	110.208	110.208188640	110.388257192	0.180	1781.2	3000.0	2343.8	29.7	43.7	53.9	110.208	/Users/mary/Desktop/listens_20180309/completed_listens/file5e5733e39855.wav	file5e5733e39855.wav	110.208	1679.3	3183.7	UNK	
64	Spectrogram 1	1	117.088	117.087759563	118.090998640	1.003	2531.2	3281.2	3093.8	44.7	75.2	82.2	117.088	/Users/mary/Desktop/listens_20180309/completed_listens/file5e5733e39855.wav	file5e5733e39855.wav	117.088	1294.5	6892.1	MARMOT	
65	Spectrogram 1	1	122.516	122.515540208	123.355860118	0.840	2343.8	5812.5	3281.2	38.9	68.2	76.2	122.516	/Users/mary/Desktop/listens_20180309/completed_listens/file5e5733e39855.wav	file5e5733e39855.wav	122.516	804.7	7102.0	MARMOT	
66	Spectrogram 1	1	115.922	115.921601321	117.139207721	1.218	2156.2	3281.2	2625.0	28.1	41.1	59.9	115.922	/Users/mary/Desktop/listens_20180309/completed_listens/file5e5733e39855.wav	file5e5733e39855.wav	115.922	2134.1	3288.6	UNK	
67	Spectrogram 1	1	124.090	124.089725396	124.938619999	0.849	2156.2	5531.2	3281.2	34.8	61.4	72.0	124.090	/Users/mary/Desktop/listens_20180309/completed_listens/file5e5733e39855.wav	file5e5733e39855.wav	124.090	944.6	7277.0	MARMOT	
68	Spectrogram 1	1	129.063	129.063047313	130.640790818	1.578	2812.5	3375.0	3187.5	48.5	82.6	88.6	129.063	/Users/mary/Desktop/listens_20180309/completed_listens/file5e5733e39855.wav	file5e5733e39855.wav	129.063	1714.3	8116.6	MARMOT	
69	Spectrogram 1	1	126.731	126.730592720	127.836728112	1.106	2156.2	3375.0	2812.5	26.5	38.2	58.5	126.731	/Users/mary/Desktop/listens_20180309/completed_listens/file5e5733e39855.wav	file5e5733e39855.wav	126.731	2134.1	3498.5	ROWR	
70	Spectrogram 1	1	131.792	131.791575616	132.040241712	0.249	1312.5	2718.8	1781.2	27.2	38.9	53.3	131.792	/Users/mary/Desktop/listens_20180309/completed_listens/file5e5733e39855.wav	file5e5733e39855.wav	131.792	1294.5	2903.8	UNK	
71	Spectrogram 1	1	133.129	133.129227718	133.360744428	0.232	1500.0	3093.8	1968.8	27.5	42.0	53.9	133.129	/Users/mary/Desktop/listens_20180309/completed_listens/file5e5733e39855.wav	file5e5733e39855.wav	133.129	1399.4	3253.6	UNK	
72	Spectrogram 1	1	134.227	134.226788417	135.238602187	1.012	2343.8	3375.0	3093.8	43.7	74.1	81.9	134.227	/Users/mary/Desktop/listens_20180309/completed_listens/file5e5733e39855.wav	file5e5733e39855.wav	134.227	839.7	7312.0	MARMOT	
73	Spectrogram 1	1	137.280	137.280453952	140.161550787	2.881	2437.5	3375.0	3000.0	44.8	79.6	87.2	137.280	/Users/mary/Desktop/listens_20180309/completed_listens/file5e5733e39855.wav	file5e5733e39855.wav	137.280	1154.5	7242.0	MARMOT	
74	Spectrogram 1	1	139.741	139.741390832	139.895735305	0.154	5531.2	6375.0	5906.2	37.7	54.9	61.1	139.741	/Users/mary/Desktop/listens_20180309/completed_listens/file5e5733e39855.wav	file5e5733e39855.wav	139.741	5282.8	6682.2	WCSP	
75	Spectrogram 1	1	141.645	141.644972670	141.790742450	0.146	5437.5	6468.8	6000.0	37.2	54.5	62.5	141.645	/Users/mary/Desktop/listens_20180309/completed_listens/file5e5733e39855.wav	file5e5733e39855.wav	141.645	4932.9	7277.0	WCSP	
76	Spectrogram 1	1	143.000	142.999774158	143.205566789	0.206	5531.2	7031.2	6187.5	33.2	51.6	60.3	143.000	/Users/mary/Desktop/listens_20180309/completed_listens/file5e5733e39855.wav	file5e5733e39855.wav	143.000	5177.8	7626.8	WCSP	
77	Spectrogram 1	1	145.306	145.306366564	145.452136345	0.146	5437.5	6656.2	6000.0	36.2	54.4	61.9	145.306	/Users/mary/Desktop/listens_20180309/completed_listens/file5e5733e39855.wav	file5e5733e39855.wav	145.306	4967.9	7381.9	WCSP	
78	Spectrogram 1	1	147.787	147.787119999	147.915740393	0.129	5531.2	7031.2	6281.2	29.7	45.0	53.5	147.787	/Users/mary/Desktop/listens_20180309/completed_listens/file5e5733e39855.wav	file5e5733e39855.wav	147.787	5317.8	7207.0	WCSP	
79	Spectrogram 1	1	151.063	151.062652710	151.225571876	0.163	5531.2	6843.8	6281.2	33.8	52.7	59.1	151.063	/Users/mary/Desktop/listens_20180309/completed_listens/file5e5733e39855.wav	file5e5733e39855.wav	151.063	5142.9	7242.0	WCSP	
80	Spectrogram 1	1	152.966	152.966234548	153.103429635	0.137	5437.5	6000.0	5812.5	38.3	56.9	62.3	152.966	/Users/mary/Desktop/listens_20180309/completed_listens/file5e5733e39855.wav	file5e5733e39855.wav	152.966	4758.0	6577.3	WCSP	
81	Spectrogram 1	1	146.518	146.518065441	147.366960044	0.849	2625.0	3843.8	3281.2	26.3	37.0	56.7	146.518	/Users/mary/Desktop/listens_20180309/completed_listens/file5e5733e39855.wav	file5e5733e39855.wav	146.518	2623.9	3918.4	ROWR	
82	Spectrogram 1	1	149.742	149.742149994	150.651067448	0.909	3375.0	4593.8	4031.2	26.5	38.2	57.2	149.742	/Users/mary/Desktop/listens_20180309/completed_listens/file5e5733e39855.wav	file5e5733e39855.wav	149.742	3323.6	4618.1	ROWR	
83	Spectrogram 1	1	153.247	153.246553159	154.421286095	1.175	3750.0	4968.8	4312.5	26.4	40.1	58.3	153.247	/Users/mary/Desktop/listens_20180309/completed_listens/file5e5733e39855.wav	file5e5733e39855.wav	153.247	3708.5	5037.9	ROWR	
84	Spectrogram 1	1	154.953	154.952917058	155.038663988	0.086	5531.2	6375.0	6000.0	32.3	45.1	53.0	154.953	/Users/mary/Desktop/listens_20180309/completed_listens/file5e5733e39855.wav	file5e5733e39855.wav	154.953	5177.8	6647.2	WCSP	
85	Spectrogram 1	1	157.114	157.113739685	157.216636000	0.103	5531.2	6562.5	5906.2	34.1	50.0	57.3	157.114	/Users/mary/Desktop/listens_20180309/completed_listens/file5e5733e39855.wav	file5e5733e39855.wav	157.114	5072.9	7032.1	WCSP	
86	Spectrogram 1	1	159.532	159.531803100	159.677572880	0.146	5250.0	6281.2	5906.2	34.1	52.8	59.2	159.532	/Users/mary/Desktop/listens_20180309/completed_listens/file5e5733e39855.wav	file5e5733e39855.wav	159.532	4548.1	6752.2	WCSP	
87	Spectrogram 1	1	161.156	161.155840358	161.361632989	0.206	5437.5	6375.0	6093.8	37.2	57.3	64.4	161.156	/Users/mary/Desktop/listens_20180309/completed_listens/file5e5733e39855.wav	file5e5733e39855.wav	161.156	4548.1	7032.1	WCSP	
88	Spectrogram 1	1	163.540	163.539605001	163.719673553	0.180	5625.0	6375.0	6093.8	37.8	58.4	64.5	163.540	/Users/mary/Desktop/listens_20180309/completed_listens/file5e5733e39855.wav	file5e5733e39855.wav	163.540	4583.1	7172.0	WCSP	
89	Spectrogram 1	1	166.266	166.266357363	166.412127143	0.146	5531.2	7125.0	6281.2	29.0	43.7	53.5	166.266	/Users/mary/Desktop/listens_20180309/completed_listens/file5e5733e39855.wav	file5e5733e39855.wav	166.266	5422.7	7242.0	WCSP	
90	Spectrogram 1	1	167.364	167.363918062	167.501113149	0.137	5625.0	6843.8	6281.2	34.5	52.3	58.7	167.364	/Users/mary/Desktop/listens_20180309/completed_listens/file5e5733e39855.wav	file5e5733e39855.wav	167.364	5352.8	7312.0	WCSP	
91	Spectrogram 1	1	168.684	168.684420778	168.838765251	0.154	5531.2	6843.8	6093.8	34.0	54.5	60.1	168.684	/Users/mary/Desktop/listens_20180309/completed_listens/file5e5733e39855.wav	file5e5733e39855.wav	168.684	4967.9	7521.9	WCSP	
92	Spectrogram 1	1	161.593	161.593149699	162.219102285	0.626	3562.5	4968.8	4125.0	27.1	40.4	57.3	161.593	/Users/mary/Desktop/listens_20180309/completed_listens/file5e5733e39855.wav	file5e5733e39855.wav	161.593	3463.6	5142.9	ROWR	
93	Spectrogram 1	1	164.964	164.964303070	165.135796930	0.171	5718.8	7031.2	6281.2	34.1	52.5	59.5	164.964	/Users/mary/Desktop/listens_20180309/completed_listens/file5e5733e39855.wav	file5e5733e39855.wav	164.964	5387.8	7451.9	WCSP	
94	Spectrogram 1	1	170.713	170.713451669	170.970692458	0.257	5343.8	6656.2	6093.8	31.9	52.5	59.6	170.713	/Users/mary/Desktop/listens_20180309/completed_listens/file5e5733e39855.wav	file5e5733e39855.wav	170.713	4828.0	7032.1	WCSP	
95	Spectrogram 1	1	171.511	171.510898114	172.462689033	0.952	3187.5	4218.8	3750.0	27.0	39.3	57.3	171.511	/Users/mary/Desktop/listens_20180309/completed_listens/file5e5733e39855.wav	file5e5733e39855.wav	171.511	3148.7	4233.2	ROWR	
96	Spectrogram 1	1	172.214	172.214022937	172.342643332	0.129	5531.2	6656.2	6187.5	31.0	46.1	53.9	172.214	/Users/mary/Desktop/listens_20180309/completed_listens/file5e5733e39855.wav	file5e5733e39855.wav	172.214	5352.8	6857.1	WCSP	
97	Spectrogram 1	1	174.589	174.589212888	174.743557361	0.154	5437.5	6562.5	6093.8	31.5	47.5	55.7	174.589	/Users/mary/Desktop/listens_20180309/completed_listens/file5e5733e39855.wav	file5e5733e39855.wav	174.589	5107.9	6787.2	WCSP	
98	Spectrogram 1	1	175.618	175.618176043	175.841118060	0.223	5812.5	7500.0	6468.8	27.7	44.0	54.2	175.618	/Users/mary/Desktop/listens_20180309/completed_listens/file5e5733e39855.wav	file5e5733e39855.wav	175.618	5632.7	7661.8	WCSP	
99	Spectrogram 1	1	176.356	176.355599638	176.852931830	0.497	2250.0	7687.5	2625.0	36.6	61.6	73.0	176.356	/Users/mary/Desktop/listens_20180309/completed_listens/file5e5733e39855.wav	file5e5733e39855.wav	176.356	1504.4	10250.7	PIKA	
100	Spectrogram 1	1	180.364	180.363926624	181.555808945	1.192	2250.0	3656.2	2906.2	27.2	39.9	60.2	180.364	/Users/mary/Desktop/listens_20180309/completed_listens/file5e5733e39855.wav	file5e5733e39855.wav	180.364	2099.1	3778.4	ROWR	
101	Spectrogram 1	1	190.495	190.494971361	191.764025919	1.269	2156.2	3656.2	2812.5	27.0	38.2	60.0	190.495	/Users/mary/Desktop/listens_20180309/completed_listens/file5e5733e39855.wav	file5e5733e39855.wav	190.495	2134.1	3743.4	ROWR	
102	Spectrogram 1	1	198.601	198.600991623	199.621380086	1.020	2718.8	4125.0	3375.0	26.7	37.0	59.1	198.601	/Users/mary/Desktop/listens_20180309/completed_listens/file5e5733e39855.wav	file5e5733e39855.wav	198.601	2623.9	4233.2	ROWR	
103	Spectrogram 1	1	202.460	202.459603456	203.737232707	1.278	3187.5	5156.2	4031.2	26.3	39.3	60.8	202.460	/Users/mary/Desktop/listens_20180309/completed_listens/file5e5733e39855.wav	file5e5733e39855.wav	202.460	3078.7	5282.8	ROWR	
104	Spectrogram 1	1	206.350	206.349708863	208.150394385	1.801	1968.8	3656.2	2812.5	27.5	43.1	63.0	206.350	/Users/mary/Desktop/listens_20180309/completed_listens/file5e5733e39855.wav	file5e5733e39855.wav	206.350	1854.2	3778.4	ROWR	
105	Spectrogram 1	1	210.756	210.756417019	212.008322191	1.252	2718.8	4218.8	3375.0	26.4	36.1	59.6	210.756	/Users/mary/Desktop/listens_20180309/completed_listens/file5e5733e39855.wav	file5e5733e39855.wav	210.756	2553.9	4268.2	ROWR	
106	Spectrogram 1	1	212.231	212.231264208	212.419907454	0.189	4968.8	6656.2	5718.8	27.7	42.7	53.2	212.231	/Users/mary/Desktop/listens_20180309/completed_listens/file5e5733e39855.wav	file5e5733e39855.wav	212.231	4793.0	6717.2	WCSP	
107	Spectrogram 1	1	213.646	213.646088547	213.800433020	0.154	4968.8	6656.2	5718.8	27.7	43.4	52.6	213.646	/Users/mary/Desktop/listens_20180309/completed_listens/file5e5733e39855.wav	file5e5733e39855.wav	213.646	4793.0	6752.2	WCSP	
108	Spectrogram 1	1	214.529	214.529281922	214.692201088	0.163	4781.2	5812.5	5343.8	27.4	38.6	50.3	214.529	/Users/mary/Desktop/listens_20180309/completed_listens/file5e5733e39855.wav	file5e5733e39855.wav	214.529	4688.0	5947.5	WCSP	
109	Spectrogram 1	1	215.507	215.506796920	215.643992007	0.137	4875.0	6000.0	5437.5	28.8	43.5	51.4	215.507	/Users/mary/Desktop/listens_20180309/completed_listens/file5e5733e39855.wav	file5e5733e39855.wav	215.507	4723.0	6087.5	WCSP	
110	Spectrogram 1	1	215.643	215.642782896	217.057607235	1.415	1968.8	2906.2	2437.5	28.3	43.8	59.9	215.643	/Users/mary/Desktop/listens_20180309/completed_listens/file5e5733e39855.wav	file5e5733e39855.wav	215.643	1959.2	2938.8	ROWR	
111	Spectrogram 1	1	221.151	221.151453116	222.660599077	1.509	1875.0	3468.8	2625.0	27.3	40.1	61.9	221.151	/Users/mary/Desktop/listens_20180309/completed_listens/file5e5733e39855.wav	file5e5733e39855.wav	221.151	1714.3	3638.5	ROWR	
112	Spectrogram 1	1	222.155	222.154692192	222.240439122	0.086	5531.2	6750.0	6093.8	28.6	41.0	49.6	222.155	/Users/mary/Desktop/listens_20180309/completed_listens/file5e5733e39855.wav	file5e5733e39855.wav	222.155	5352.8	6857.1	WCSP	
113	Spectrogram 1	1	224.135	224.135446266	224.289790740	0.154	4968.8	6375.0	5625.0	27.8	40.0	51.9	224.135	/Users/mary/Desktop/listens_20180309/completed_listens/file5e5733e39855.wav	file5e5733e39855.wav	224.135	4793.0	6472.3	WCSP	
114	Spectrogram 1	1	225.036	225.035789027	225.207282886	0.171	5250.0	6468.8	5812.5	26.9	41.0	51.0	225.036	/Users/mary/Desktop/listens_20180309/completed_listens/file5e5733e39855.wav	file5e5733e39855.wav	225.036	5142.9	6577.3	WCSP	
115	Spectrogram 1	1	226.376	226.376246406	228.134058463	1.758	1781.2	3187.5	2437.5	26.7	40.1	61.2	226.376	/Users/mary/Desktop/listens_20180309/completed_listens/file5e5733e39855.wav	file5e5733e39855.wav	226.376	1749.3	3358.6	UNK	
116	Spectrogram 1	1	230.727	230.726966932	232.424756139	1.698	1875.0	4031.2	3000.0	26.8	40.2	63.0	230.727	/Users/mary/Desktop/listens_20180309/completed_listens/file5e5733e39855.wav	file5e5733e39855.wav	230.727	1749.3	4163.3	ROWR	
117	Spectrogram 1	1	235.064	235.064186317	236.324666182	1.260	2437.5	3562.5	3093.8	29.2	45.5	61.7	235.064	/Users/mary/Desktop/listens_20180309/completed_listens/file5e5733e39855.wav	file5e5733e39855.wav	235.064	2274.1	3708.5	ROWR	
118	Spectrogram 1	1	240.303	240.303323717	241.675274590	1.372	2343.8	4218.8	3187.5	27.0	42.3	61.7	240.303	/Users/mary/Desktop/listens_20180309/completed_listens/file5e5733e39855.wav	file5e5733e39855.wav	240.303	2239.1	4373.2	ROWR	
119	Spectrogram 1	1	238.888	238.888499378	239.051418544	0.163	5343.8	6656.2	5906.2	26.7	39.5	50.6	238.888	/Users/mary/Desktop/listens_20180309/completed_listens/file5e5733e39855.wav	file5e5733e39855.wav	238.888	5177.8	6682.2	WCSP	
120	Spectrogram 1	1	239.634	239.634497666	239.771692753	0.137	5437.5	6750.0	5906.2	26.5	40.1	49.7	239.634	/Users/mary/Desktop/listens_20180309/completed_listens/file5e5733e39855.wav	file5e5733e39855.wav	239.634	5317.8	6752.2	WCSP	
121	Spectrogram 1	1	244.951	244.951491407	246.452062675	1.501	2625.0	3468.8	3093.8	31.4	48.2	64.3	244.951	/Users/mary/Desktop/listens_20180309/completed_listens/file5e5733e39855.wav	file5e5733e39855.wav	244.951	2379.0	3673.5	ROWR	
122	Spectrogram 1	1	248.424	248.424242056	249.976261482	1.552	1968.8	4593.8	3187.5	27.1	44.6	63.7	248.424	/Users/mary/Desktop/listens_20180309/completed_listens/file5e5733e39855.wav	file5e5733e39855.wav	248.424	1784.3	4758.0	ROWR	
123	Spectrogram 1	1	253.252	253.252250264	254.349810963	1.098	2062.5	2906.2	2531.2	28.9	44.0	59.4	253.252	/Users/mary/Desktop/listens_20180309/completed_listens/file5e5733e39855.wav	file5e5733e39855.wav	253.252	2029.2	3008.7	ROWR	
124	Spectrogram 1	1	258.620	258.620008058	259.777591607	1.158	2625.0	3750.0	3093.8	28.6	44.1	60.7	258.620	/Users/mary/Desktop/listens_20180309/completed_listens/file5e5733e39855.wav	file5e5733e39855.wav	258.620	2449.0	3848.4	ROWR	
125	Spectrogram 1	1	262.559	262.558825439	263.390570656	0.832	3562.5	5437.5	4500.0	26.7	38.7	59.2	262.559	/Users/mary/Desktop/listens_20180309/completed_listens/file5e5733e39855.wav	file5e5733e39855.wav	262.559	3393.6	5597.7	ROWR	
126	Spectrogram 1	1	266.349	266.348839728	267.952307312	1.603	2531.2	4125.0	3187.5	27.0	42.2	61.5	266.349	/Users/mary/Desktop/listens_20180309/completed_listens/file5e5733e39855.wav	file5e5733e39855.wav	266.349	2414.0	4163.3	ROWR	
127	Spectrogram 1	1	268.698	268.698305599	269.718694062	1.020	3562.5	4968.8	4312.5	26.8	39.3	59.2	268.698	/Users/mary/Desktop/listens_20180309/completed_listens/file5e5733e39855.wav	file5e5733e39855.wav	268.698	3463.6	5072.9	ROWR	
128	Spectrogram 1	1	272.759	272.759379781	272.922298947	0.163	2062.5	2718.8	2531.2	31.2	45.6	53.0	272.759	/Users/mary/Desktop/listens_20180309/completed_listens/file5e5733e39855.wav	file5e5733e39855.wav	272.759	1959.2	2833.8	UNK	too loud
129	Spectrogram 1	1	272.931	272.930873640	273.359608288	0.429	2250.0	5718.8	3187.5	31.5	47.8	64.2	272.931	/Users/mary/Desktop/listens_20180309/completed_listens/file5e5733e39855.wav	file5e5733e39855.wav	272.931	1889.2	6332.4	PIKA	
130	Spectrogram 1	1	275.975	275.974889641	277.012427490	1.038	2531.2	4125.0	3187.5	27.3	42.9	60.2	275.975	/Users/mary/Desktop/listens_20180309/completed_listens/file5e5733e39855.wav	file5e5733e39855.wav	275.975	2414.0	4268.2	ROWR	
131	Spectrogram 1	1	276.944	276.943829946	277.081025033	0.137	4687.5	6375.0	5531.2	27.1	40.7	51.3	276.944	/Users/mary/Desktop/listens_20180309/completed_listens/file5e5733e39855.wav	file5e5733e39855.wav	276.944	4583.1	6402.3	WCSP	
132	Spectrogram 1	1	278.050	278.049965338	278.178585732	0.129	4875.0	5906.2	5437.5	28.3	43.9	49.9	278.050	/Users/mary/Desktop/listens_20180309/completed_listens/file5e5733e39855.wav	file5e5733e39855.wav	278.050	4828.0	5912.5	WCSP	
133	Spectrogram 1	1	279.268	279.267571739	279.413341519	0.146	4781.2	6093.8	5531.2	27.0	40.0	50.5	279.268	/Users/mary/Desktop/listens_20180309/completed_listens/file5e5733e39855.wav	file5e5733e39855.wav	279.268	4688.0	6227.4	WCSP	
134	Spectrogram 1	1	279.156	279.155571886	279.978742411	0.823	2437.5	3562.5	3000.0	29.6	45.9	60.3	279.156	/Users/mary/Desktop/listens_20180309/completed_listens/file5e5733e39855.wav	file5e5733e39855.wav	279.156	2309.0	3673.5	ROWR	
135	Spectrogram 1	1	280.759	280.759039470	280.879085172	0.120	4875.0	6000.0	5531.2	29.7	44.6	52.2	280.759	/Users/mary/Desktop/listens_20180309/completed_listens/file5e5733e39855.wav	file5e5733e39855.wav	280.759	4758.0	6262.4	WCSP	
136	Spectrogram 1	1	281.599	281.599359380	282.782667009	1.183	1875.0	2812.5	2343.8	27.4	40.2	58.3	281.599	/Users/mary/Desktop/listens_20180309/completed_listens/file5e5733e39855.wav	file5e5733e39855.wav	281.599	1784.3	2868.8	ROWR	
137	Spectrogram 1	1	285.659	285.659293466	286.525337455	0.866	2437.5	3937.5	3187.5	26.4	38.2	57.8	285.659	/Users/mary/Desktop/listens_20180309/completed_listens/file5e5733e39855.wav	file5e5733e39855.wav	285.659	2414.0	3953.4	ROWR	
138	Spectrogram 1	1	289.372	289.372135518	290.512569682	1.140	3093.8	4406.2	3750.0	26.7	39.6	58.7	289.372	/Users/mary/Desktop/listens_20180309/completed_listens/file5e5733e39855.wav	file5e5733e39855.wav	289.372	3043.7	4478.1	ROWR	
139	Spectrogram 1	1	295.136	295.135675571	296.207512191	1.072	1968.8	3468.8	2718.8	26.9	37.8	59.5	295.136	/Users/mary/Desktop/listens_20180309/completed_listens/file5e5733e39855.wav	file5e5733e39855.wav	295.136	1924.2	3568.5	ROWR	
140	Spectrogram 1	1	335.980	335.980126799	337.077687498	1.098	3750.0	4968.8	4312.5	27.2	40.3	59.4	335.980	/Users/mary/Desktop/listens_20180309/completed_listens/file5e5733e39855.wav	file5e5733e39855.wav	335.980	3603.5	5142.9	ROWR	
141	Spectrogram 1	1	336.786	336.786147937	336.871894867	0.086	5343.8	6468.8	5906.2	32.9	46.1	53.7	336.786	/Users/mary/Desktop/listens_20180309/completed_listens/file5e5733e39855.wav	file5e5733e39855.wav	336.786	5212.8	6577.3	WCSP	
142	Spectrogram 1	1	337.489	337.489272760	337.652191926	0.163	5156.2	6281.2	5812.5	27.1	39.5	50.0	337.489	/Users/mary/Desktop/listens_20180309/completed_listens/file5e5733e39855.wav	file5e5733e39855.wav	337.489	5142.9	6297.4	WCSP	
143	Spectrogram 1	1	345.179	345.178509308	348.178509308	3.000	1875.0	10875.0	7125.0	26.7	37.2	71.3	345.179	/Users/mary/Desktop/listens_20180309/completed_listens/file5e5733e39855.wav	file5e5733e39855.wav	345.179	1413.0	11220.0	background	
144	Spectrogram 1	1	353.434	353.434363376	353.614431928	0.180	4687.5	6375.0	5625.0	27.8	43.1	53.6	353.434	/Users/mary/Desktop/listens_20180309/completed_listens/file5e5733e39855.wav	file5e5733e39855.wav	353.434	4478.1	6542.3	WCSP	
145	Spectrogram 1	1	355.544	355.543737844	355.749530475	0.206	5062.5	6562.5	5718.8	27.1	40.3	52.5	355.544	/Users/mary/Desktop/listens_20180309/completed_listens/file5e5733e39855.wav	file5e5733e39855.wav	355.544	4967.9	6612.2	WCSP	
146	Spectrogram 1	1	357.190	357.190078893	357.344423366	0.154	5343.8	6750.0	6093.8	26.9	38.0	51.1	357.190	/Users/mary/Desktop/listens_20180309/completed_listens/file5e5733e39855.wav	file5e5733e39855.wav	357.190	5247.8	6857.1	WCSP	
147	Spectrogram 1	1	368.014	368.013918731	368.176837898	0.163	5437.5	6468.8	6000.0	27.2	38.5	49.9	368.014	/Users/mary/Desktop/listens_20180309/completed_listens/file5e5733e39855.wav	file5e5733e39855.wav	368.014	5352.8	6507.3	WCSP	
148	Spectrogram 1	1	369.557	369.557363464	369.711707938	0.154	5343.8	6468.8	6000.0	27.4	39.3	50.3	369.557	/Users/mary/Desktop/listens_20180309/completed_listens/file5e5733e39855.wav	file5e5733e39855.wav	369.557	5282.8	6647.2	WCSP	
149	Spectrogram 1	1	371.358	371.358048986	371.503818767	0.146	5718.8	6468.8	6093.8	27.5	38.4	48.3	371.358	/Users/mary/Desktop/listens_20180309/completed_listens/file5e5733e39855.wav	file5e5733e39855.wav	371.358	5632.7	6542.3	WCSP	
150	Spectrogram 1	1	372.841	372.841470869	373.047263500	0.206	5718.8	6468.8	6093.8	27.8	38.9	50.3	372.841	/Users/mary/Desktop/listens_20180309/completed_listens/file5e5733e39855.wav	file5e5733e39855.wav	372.841	5667.6	6542.3	WCSP	
151	Spectrogram 1	1	374.608	374.607857619	374.796500864	0.189	5343.8	6468.8	5906.2	27.7	37.8	51.4	374.608	/Users/mary/Desktop/listens_20180309/completed_listens/file5e5733e39855.wav	file5e5733e39855.wav	374.608	5317.8	6542.3	WCSP	
152	Spectrogram 1	1	376.091	376.091279501	376.228474588	0.137	5437.5	6843.8	6093.8	28.4	38.8	51.9	376.091	/Users/mary/Desktop/listens_20180309/completed_listens/file5e5733e39855.wav	file5e5733e39855.wav	376.091	5317.8	6962.1	WCSP	
153	Spectrogram 1	1	380.263	380.263299606	380.477666930	0.214	5437.5	6656.2	6093.8	26.9	36.7	51.4	380.263	/Users/mary/Desktop/listens_20180309/completed_listens/file5e5733e39855.wav	file5e5733e39855.wav	380.263	5352.8	6717.2	WCSP	
154	Spectrogram 1	1	377.880	377.879534963	378.076752901	0.197	5531.2	6468.8	6000.0	26.4	38.6	49.5	377.880	/Users/mary/Desktop/listens_20180309/completed_listens/file5e5733e39855.wav	file5e5733e39855.wav	377.880	5457.7	6472.3	WCSP	
155	Spectrogram 1	1	381.644	381.643825173	381.823893725	0.180	5156.2	6468.8	5812.5	27.5	37.7	51.8	381.644	/Users/mary/Desktop/listens_20180309/completed_listens/file5e5733e39855.wav	file5e5733e39855.wav	381.644	5002.9	6507.3	WCSP	
156	Spectrogram 1	1	392.690	392.690150958	392.853070125	0.163	5250.0	6281.2	5812.5	27.5	39.2	50.0	392.690	/Users/mary/Desktop/listens_20180309/completed_listens/file5e5733e39855.wav	file5e5733e39855.wav	392.690	5177.8	6367.3	WCSP	
157	Spectrogram 1	1	397.873	397.872667806	398.018437587	0.146	4968.8	6281.2	5531.2	27.5	40.9	51.1	397.873	/Users/mary/Desktop/listens_20180309/completed_listens/file5e5733e39855.wav	file5e5733e39855.wav	397.873	4828.0	6437.3	WCSP	
158	Spectrogram 1	1	400.574	400.573696089	400.745189948	0.171	5531.2	6562.5	6000.0	27.2	36.5	50.0	400.574	/Users/mary/Desktop/listens_20180309/completed_listens/file5e5733e39855.wav	file5e5733e39855.wav	400.574	5457.7	6577.3	WCSP	
159	Spectrogram 1	1	403.060	403.060357048	403.257574986	0.197	4875.0	6281.2	5625.0	26.5	36.1	51.7	403.060	/Users/mary/Desktop/listens_20180309/completed_listens/file5e5733e39855.wav	file5e5733e39855.wav	403.060	4723.0	6402.3	WCSP	
160	Spectrogram 1	1	405.878	405.878259691	406.092627015	0.214	5156.2	6375.0	5812.5	27.0	39.8	51.4	405.878	/Users/mary/Desktop/listens_20180309/completed_listens/file5e5733e39855.wav	file5e5733e39855.wav	405.878	5107.9	6437.3	WCSP	
161	Spectrogram 1	1	408.271	408.270599028	408.467816966	0.197	5156.2	6187.5	5718.8	26.8	39.8	50.2	408.271	/Users/mary/Desktop/listens_20180309/completed_listens/file5e5733e39855.wav	file5e5733e39855.wav	408.271	5107.9	6227.4	WCSP	
163	Spectrogram 1	1	426.805	426.804614911	426.958959384	0.154	5062.5	6375.0	5906.2	27.9	41.4	51.8	426.805	/Users/mary/Desktop/listens_20180309/completed_listens/file5e5733e39855.wav	file5e5733e39855.wav	426.805	4967.9	6542.3	WCSP	
164	Spectrogram 1	1	429.240	429.239827712	429.402746878	0.163	5343.8	6468.8	5906.2	26.7	36.7	49.7	429.240	/Users/mary/Desktop/listens_20180309/completed_listens/file5e5733e39855.wav	file5e5733e39855.wav	429.240	5317.8	6542.3	WCSP	
165	Spectrogram 1	1	444.697	444.696526972	444.859446138	0.163	5156.2	6656.2	6000.0	28.5	41.9	53.2	444.697	/Users/mary/Desktop/listens_20180309/completed_listens/file5e5733e39855.wav	file5e5733e39855.wav	444.697	5037.9	6752.2	WCSP	
166	Spectrogram 1	1	450.903	450.902870481	451.134387191	0.232	4500.0	6468.8	5437.5	27.2	42.5	54.3	450.903	/Users/mary/Desktop/listens_20180309/completed_listens/file5e5733e39855.wav	file5e5733e39855.wav	450.903	4338.2	6647.2	WCSP	
167	Spectrogram 1	1	458.862	458.861940657	459.042009209	0.180	4968.8	6281.2	5531.2	28.2	44.6	52.8	458.862	/Users/mary/Desktop/listens_20180309/completed_listens/file5e5733e39855.wav	file5e5733e39855.wav	458.862	4863.0	6402.3	WCSP	
168	Spectrogram 1	1	462.858	462.857747577	463.012092050	0.154	4968.8	6000.0	5437.5	27.1	38.4	49.5	462.858	/Users/mary/Desktop/listens_20180309/completed_listens/file5e5733e39855.wav	file5e5733e39855.wav	462.858	4967.9	6087.5	WCSP	
169	Spectrogram 1	1	464.710	464.709881257	464.838501651	0.129	5343.8	6468.8	6000.0	28.6	43.5	51.1	464.710	/Users/mary/Desktop/listens_20180309/completed_listens/file5e5733e39855.wav	file5e5733e39855.wav	464.710	5212.8	6612.2	WCSP	
170	Spectrogram 1	1	465.819	465.819208902	465.964978682	0.146	4875.0	5812.5	5343.8	29.5	44.3	51.9	465.819	/Users/mary/Desktop/listens_20180309/completed_listens/file5e5733e39855.wav	file5e5733e39855.wav	465.819	4688.0	5947.5	WCSP	
171	Spectrogram 1	1	476.528	476.527860394	476.965169735	0.437	2437.5	5062.5	3656.2	41.8	69.0	77.5	476.528	/Users/mary/Desktop/listens_20180309/completed_listens/file5e5733e39855.wav	file5e5733e39855.wav	476.528	1364.4	9725.9	PIKA	
172	Spectrogram 1	1	478.473	478.473265527	479.459355218	0.986	3468.8	5437.5	4312.5	26.4	38.3	59.9	478.473	/Users/mary/Desktop/listens_20180309/completed_listens/file5e5733e39855.wav	file5e5733e39855.wav	478.473	3288.6	5562.7	ROWR	
173	Spectrogram 1	1	480.334	480.333973900	480.488318373	0.154	4875.0	5812.5	5343.8	26.7	39.7	48.8	480.334	/Users/mary/Desktop/listens_20180309/completed_listens/file5e5733e39855.wav	file5e5733e39855.wav	480.334	4828.0	5842.6	WCSP	
174	Spectrogram 1	1	483.035	483.035002183	483.249369507	0.214	4593.8	5812.5	5250.0	26.9	41.2	51.6	483.035	/Users/mary/Desktop/listens_20180309/completed_listens/file5e5733e39855.wav	file5e5733e39855.wav	483.035	4443.1	5877.6	WCSP	
175	Spectrogram 1	1	484.793	484.792814240	484.947158713	0.154	4312.5	6093.8	5343.8	27.0	39.5	52.1	484.793	/Users/mary/Desktop/listens_20180309/completed_listens/file5e5733e39855.wav	file5e5733e39855.wav	484.793	4198.3	6227.4	WCSP	
176	Spectrogram 1	1	485.579	485.578587504	487.053434693	1.475	3375.0	4406.2	3937.5	27.9	42.9	60.8	485.579	/Users/mary/Desktop/listens_20180309/completed_listens/file5e5733e39855.wav	file5e5733e39855.wav	485.579	3253.6	4583.1	ROWR	
177	Spectrogram 1	1	488.179	488.178930570	488.324700350	0.146	4875.0	5906.2	5343.8	27.9	42.5	50.7	488.179	/Users/mary/Desktop/listens_20180309/completed_listens/file5e5733e39855.wav	file5e5733e39855.wav	488.179	4723.0	6017.5	WCSP	
178	Spectrogram 1	1	491.695	491.694554684	492.037542403	0.343	2250.0	6375.0	3375.0	37.7	60.8	72.4	491.695	/Users/mary/Desktop/listens_20180309/completed_listens/file5e5733e39855.wav	file5e5733e39855.wav	491.695	979.6	9306.1	PIKA	
179	Spectrogram 1	1	494.226	494.225618021	495.400350956	1.175	3468.8	4593.8	3937.5	28.0	42.1	60.2	494.226	/Users/mary/Desktop/listens_20180309/completed_listens/file5e5733e39855.wav	file5e5733e39855.wav	494.226	3358.6	4723.0	ROWR	
180	Spectrogram 1	1	503.193	503.192694780	503.672877586	0.480	4687.5	5906.2	5250.0	28.7	44.2	57.2	503.193	/Users/mary/Desktop/listens_20180309/completed_listens/file5e5733e39855.wav	file5e5733e39855.wav	503.193	4583.1	6017.5	UNK3	
181	Spectrogram 1	1	501.889	501.889341450	503.475659648	1.586	3468.8	4500.0	3937.5	28.0	40.8	61.2	501.889	/Users/mary/Desktop/listens_20180309/completed_listens/file5e5733e39855.wav	file5e5733e39855.wav	501.889	3323.6	4653.1	ROWR	
182	Spectrogram 1	1	506.154	506.153928070	506.951374516	0.797	1875.0	2718.8	2343.8	27.6	41.3	56.3	506.154	/Users/mary/Desktop/listens_20180309/completed_listens/file5e5733e39855.wav	file5e5733e39855.wav	506.154	1854.2	2728.9	UNK	too loud
183	Spectrogram 1	1	507.715	507.714522189	507.860291970	0.146	5250.0	6843.8	6093.8	27.8	42.3	51.9	507.715	/Users/mary/Desktop/listens_20180309/completed_listens/file5e5733e39855.wav	file5e5733e39855.wav	507.715	5177.8	6997.1	WCSP	
184	Spectrogram 1	1	511.753	511.753202574	511.924696434	0.171	5437.5	6750.0	5906.2	29.7	45.4	54.0	511.753	/Users/mary/Desktop/listens_20180309/completed_listens/file5e5733e39855.wav	file5e5733e39855.wav	511.753	5317.8	6857.1	WCSP	
185	Spectrogram 1	1	510.433	510.432699858	511.744627881	1.312	2437.5	3562.5	3000.0	28.5	42.1	61.2	510.433	/Users/mary/Desktop/listens_20180309/completed_listens/file5e5733e39855.wav	file5e5733e39855.wav	510.433	2309.0	3708.5	ROWR	
186	Spectrogram 1	1	514.752	514.752451974	514.855348290	0.103	5156.2	6375.0	5625.0	27.9	38.2	49.4	514.752	/Users/mary/Desktop/listens_20180309/completed_listens/file5e5733e39855.wav	file5e5733e39855.wav	514.752	5002.9	6402.3	WCSP	
187	Spectrogram 1	1	517.145	517.144791310	517.350583941	0.206	4968.8	6281.2	5531.2	27.5	42.2	52.7	517.145	/Users/mary/Desktop/listens_20180309/completed_listens/file5e5733e39855.wav	file5e5733e39855.wav	517.145	4863.0	6437.3	WCSP	
188	Spectrogram 1	1	515.891	515.891448992	517.323422717	1.432	2718.8	4687.5	3656.2	26.8	40.6	61.9	515.891	/Users/mary/Desktop/listens_20180309/completed_listens/file5e5733e39855.wav	file5e5733e39855.wav	515.891	2588.9	4828.0	ROWR	
189	Spectrogram 1	1	519.264	519.264267544	519.452910790	0.189	4500.0	5437.5	5062.5	26.4	37.5	49.3	519.264	/Users/mary/Desktop/listens_20180309/completed_listens/file5e5733e39855.wav	file5e5733e39855.wav	519.264	4443.1	5527.7	WCSP	
190	Spectrogram 1	1	521.768	521.768077889	521.905272977	0.137	4687.5	5812.5	5250.0	26.7	37.5	49.0	521.768	/Users/mary/Desktop/listens_20180309/completed_listens/file5e5733e39855.wav	file5e5733e39855.wav	521.768	4618.1	5877.6	WCSP	
191	Spectrogram 1	1	524.503	524.503404944	524.726346961	0.223	4687.5	5812.5	5250.0	26.9	40.3	51.6	524.503	/Users/mary/Desktop/listens_20180309/completed_listens/file5e5733e39855.wav	file5e5733e39855.wav	524.503	4548.1	5877.6	WCSP	
192	Spectrogram 1	1	525.460	525.460212238	526.960783507	1.501	3375.0	4593.8	3937.5	26.6	39.3	59.9	525.460	/Users/mary/Desktop/listens_20180309/completed_listens/file5e5733e39855.wav	file5e5733e39855.wav	525.460	3323.6	4758.0	ROWR	
193	Spectrogram 1	1	526.832	526.832163112	526.995082278	0.163	4875.0	6187.5	5437.5	27.1	37.7	50.9	526.832	/Users/mary/Desktop/listens_20180309/completed_listens/file5e5733e39855.wav	file5e5733e39855.wav	526.832	4758.0	6262.4	WCSP	
194	Spectrogram 1	1	528.924	528.924388195	529.070157975	0.146	4968.8	6375.0	5531.2	27.7	41.3	51.3	528.924	/Users/mary/Desktop/listens_20180309/completed_listens/file5e5733e39855.wav	file5e5733e39855.wav	528.924	4828.0	6402.3	WCSP	
195	Spectrogram 1	1	531.102	531.102360207	531.291003452	0.189	4968.8	6468.8	5531.2	27.1	39.2	52.2	531.102	/Users/mary/Desktop/listens_20180309/completed_listens/file5e5733e39855.wav	file5e5733e39855.wav	531.102	4828.0	6542.3	WCSP	
196	Spectrogram 1	1	533.572	533.572327850	533.778120481	0.206	4781.2	6375.0	5531.2	26.8	41.3	52.7	533.572	/Users/mary/Desktop/listens_20180309/completed_listens/file5e5733e39855.wav	file5e5733e39855.wav	533.572	4618.1	6507.3	WCSP	
197	Spectrogram 1	1	535.103	535.102572329	535.951466932	0.849	2625.0	3656.2	3093.8	27.3	39.0	57.1	535.103	/Users/mary/Desktop/listens_20180309/completed_listens/file5e5733e39855.wav	file5e5733e39855.wav	535.103	2588.9	3708.5	ROWR	
198	Spectrogram 1	1	534.940	534.939653163	536.045788555	1.106	1687.5	2812.5	2156.2	27.3	38.4	58.6	534.940	/Users/mary/Desktop/listens_20180309/completed_listens/file5e5733e39855.wav	file5e5733e39855.wav	534.940	1609.3	2868.8	ROWR	too loud
199	Spectrogram 1	1	533.362	533.361909658	533.996436937	0.635	1593.8	2625.0	2062.5	27.5	37.4	56.0	533.362	/Users/mary/Desktop/listens_20180309/completed_listens/file5e5733e39855.wav	file5e5733e39855.wav	533.362	1539.4	2693.9	ROWR	too loud
200	Spectrogram 1	1	536.449	536.448799124	536.989004781	0.540	1781.2	3000.0	2343.8	27.2	36.5	56.0	536.449	/Users/mary/Desktop/listens_20180309/completed_listens/file5e5733e39855.wav	file5e5733e39855.wav	536.449	1749.3	3183.7	CLNU	
201	Spectrogram 1	1	537.366	537.366291271	537.949370392	0.583	1593.8	2906.2	2250.0	27.0	36.4	56.4	537.366	/Users/mary/Desktop/listens_20180309/completed_listens/file5e5733e39855.wav	file5e5733e39855.wav	537.366	1574.3	3008.7	CLNU	
202	Spectrogram 1	1	536.449	536.448799124	536.594568905	0.146	4968.8	6375.0	5531.2	27.5	38.6	51.1	536.449	/Users/mary/Desktop/listens_20180309/completed_listens/file5e5733e39855.wav	file5e5733e39855.wav	536.449	4863.0	6437.3	WCSP	
203	Spectrogram 1	1	538.761	538.761396579	539.524544253	0.763	3000.0	4312.5	3656.2	27.7	41.2	58.6	538.761	/Users/mary/Desktop/listens_20180309/completed_listens/file5e5733e39855.wav	file5e5733e39855.wav	538.761	2868.8	4443.1	UNK3	
204	Spectrogram 1	1	540.669	540.669379781	541.321056446	0.652	1687.5	2625.0	2156.2	27.3	38.7	55.6	540.669	/Users/mary/Desktop/listens_20180309/completed_listens/file5e5733e39855.wav	file5e5733e39855.wav	540.669	1644.3	2693.9	CLNU	
205	Spectrogram 1	1	545.797	545.797046172	546.380125293	0.583	1593.8	2906.2	2156.2	27.6	37.2	57.0	545.797	/Users/mary/Desktop/listens_20180309/completed_listens/file5e5733e39855.wav	file5e5733e39855.wav	545.797	1574.3	3043.7	CLNU	
206	Spectrogram 1	1	548.767	548.767469166	549.179054428	0.412	1406.2	2343.8	1875.0	27.5	36.2	53.8	548.767	/Users/mary/Desktop/listens_20180309/completed_listens/file5e5733e39855.wav	file5e5733e39855.wav	548.767	1364.4	2414.0	CLNU	
207	Spectrogram 1	1	547.181	547.181150968	547.309771363	0.129	4781.2	6000.0	5343.8	27.2	39.5	49.8	547.181	/Users/mary/Desktop/listens_20180309/completed_listens/file5e5733e39855.wav	file5e5733e39855.wav	547.181	4618.1	6087.5	WCSP	
208	Spectrogram 1	1	550.548	550.547886581	551.070942852	0.523	1312.5	2531.2	1875.0	27.3	36.4	55.6	550.548	/Users/mary/Desktop/listens_20180309/completed_listens/file5e5733e39855.wav	file5e5733e39855.wav	550.548	1224.5	2623.9	CLNU	
209	Spectrogram 1	1	552.786	552.785881444	553.360385872	0.575	1406.2	3000.0	2156.2	27.3	36.4	57.4	552.786	/Users/mary/Desktop/listens_20180309/completed_listens/file5e5733e39855.wav	file5e5733e39855.wav	552.786	1399.4	3148.7	CLNU	
210	Spectrogram 1	1	555.487	555.486909727	556.224333321	0.737	1312.5	2625.0	1968.8	26.9	37.1	57.3	555.487	/Users/mary/Desktop/listens_20180309/completed_listens/file5e5733e39855.wav	file5e5733e39855.wav	555.487	1294.5	2728.9	CLNU	
211	Spectrogram 1	1	554.578	554.578220308	555.650056928	1.072	3000.0	4687.5	3843.8	27.0	38.1	60.3	554.578	/Users/mary/Desktop/listens_20180309/completed_listens/file5e5733e39855.wav	file5e5733e39855.wav	554.578	2833.8	4793.0	ROWR	*CHSP
212	Spectrogram 1	1	555.504	555.504287148	555.641482235	0.137	4875.0	6187.5	5437.5	27.9	42.6	51.1	555.504	/Users/mary/Desktop/listens_20180309/completed_listens/file5e5733e39855.wav	file5e5733e39855.wav	555.504	4758.0	6367.3	WCSP	
213	Spectrogram 1	1	557.528	557.527914687	557.665109774	0.137	4968.8	6281.2	5625.0	27.7	40.0	51.2	557.528	/Users/mary/Desktop/listens_20180309/completed_listens/file5e5733e39855.wav	file5e5733e39855.wav	557.528	4863.0	6402.3	WCSP	
214	Spectrogram 1	1	560.229	560.228942969	560.400436829	0.171	4875.0	6375.0	5625.0	27.8	41.2	52.8	560.229	/Users/mary/Desktop/listens_20180309/completed_listens/file5e5733e39855.wav	file5e5733e39855.wav	560.229	4723.0	6472.3	WCSP	
215	Spectrogram 1	1	561.218	561.218224913	562.444406007	1.226	2718.8	4406.2	3281.2	28.6	45.9	62.4	561.218	/Users/mary/Desktop/listens_20180309/completed_listens/file5e5733e39855.wav	file5e5733e39855.wav	561.218	2553.9	4583.1	ROWR	
216	Spectrogram 1	1	558.955	558.954505972	559.348941848	0.394	1875.0	2531.2	2250.0	28.2	38.4	52.9	558.955	/Users/mary/Desktop/listens_20180309/completed_listens/file5e5733e39855.wav	file5e5733e39855.wav	558.955	1784.3	2623.9	CLNU	
217	Spectrogram 1	1	559.623	559.623332023	560.129238907	0.506	1875.0	2625.0	2250.0	27.9	37.4	54.2	559.623	/Users/mary/Desktop/listens_20180309/completed_listens/file5e5733e39855.wav	file5e5733e39855.wav	559.623	1784.3	2658.9	CLNU	
218	Spectrogram 1	1	560.652	560.652295178	561.192500835	0.540	1125.0	2625.0	1875.0	27.8	37.3	57.4	560.652	/Users/mary/Desktop/listens_20180309/completed_listens/file5e5733e39855.wav	file5e5733e39855.wav	560.652	1084.5	2728.9	CLNU	
219	Spectrogram 1	1	562.024	562.024246052	562.504428858	0.480	1125.0	2343.8	1875.0	28.7	39.7	56.7	562.024	/Users/mary/Desktop/listens_20180309/completed_listens/file5e5733e39855.wav	file5e5733e39855.wav	562.024	1049.6	2379.0	CLNU	
220	Spectrogram 1	1	563.876	563.876379731	564.339413151	0.463	1031.2	2531.2	1781.2	28.2	39.3	57.2	563.876	/Users/mary/Desktop/listens_20180309/completed_listens/file5e5733e39855.wav	file5e5733e39855.wav	563.876	979.6	2658.9	CLNU	
221	Spectrogram 1	1	565.154	565.154008983	565.642766482	0.489	1312.5	2625.0	1968.8	28.0	38.2	57.0	565.154	/Users/mary/Desktop/listens_20180309/completed_listens/file5e5733e39855.wav	file5e5733e39855.wav	565.154	1189.5	2728.9	CLNU	
222	Spectrogram 1	1	566.372	566.371615383	567.091889592	0.720	1406.2	3187.5	2250.0	28.0	40.6	59.7	566.372	/Users/mary/Desktop/listens_20180309/completed_listens/file5e5733e39855.wav	file5e5733e39855.wav	566.372	1224.5	3358.6	ROWR	
223	Spectrogram 1	1	568.009	568.009381739	568.575311474	0.566	1312.5	2531.2	1875.0	28.0	36.6	57.0	568.009	/Users/mary/Desktop/listens_20180309/completed_listens/file5e5733e39855.wav	file5e5733e39855.wav	568.009	1224.5	2693.9	CLNU	
224	Spectrogram 1	1	564.005	564.005000126	564.159344599	0.154	4593.8	6093.8	5343.8	27.2	41.1	51.4	564.005	/Users/mary/Desktop/listens_20180309/completed_listens/file5e5733e39855.wav	file5e5733e39855.wav	564.005	4443.1	6122.4	WCSP	
225	Spectrogram 1	1	561.981	561.981372587	562.084268903	0.103	5062.5	6468.8	5531.2	28.2	41.4	50.3	561.981	/Users/mary/Desktop/listens_20180309/completed_listens/file5e5733e39855.wav	file5e5733e39855.wav	561.981	4898.0	6542.3	WCSP	
226	Spectrogram 1	1	565.934	565.934306042	566.080075823	0.146	4968.8	6187.5	5531.2	27.1	38.7	50.4	565.934	/Users/mary/Desktop/listens_20180309/completed_listens/file5e5733e39855.wav	file5e5733e39855.wav	565.934	4793.0	6192.4	WCSP	
227	Spectrogram 1	1	567.992	567.992232353	568.138002133	0.146	4875.0	6093.8	5437.5	27.7	41.6	50.7	567.992	/Users/mary/Desktop/listens_20180309/completed_listens/file5e5733e39855.wav	file5e5733e39855.wav	567.992	4758.0	6157.4	WCSP	
228	Spectrogram 1	1	569.459	569.459347896	570.899896314	1.441	2812.5	5718.8	4031.2	26.9	42.4	63.8	569.459	/Users/mary/Desktop/listens_20180309/completed_listens/file5e5733e39855.wav	file5e5733e39855.wav	569.459	2553.9	5912.5	ROWR	
229	Spectrogram 1	1	568.979	568.979165090	569.742312764	0.763	1125.0	2437.5	1781.2	27.8	37.7	58.1	568.979	/Users/mary/Desktop/listens_20180309/completed_listens/file5e5733e39855.wav	file5e5733e39855.wav	568.979	1049.6	2449.0	CLNU	
230	Spectrogram 1	1	569.957	569.956680088	570.411138815	0.454	1125.0	2343.8	1687.5	28.5	38.4	56.3	569.957	/Users/mary/Desktop/listens_20180309/completed_listens/file5e5733e39855.wav	file5e5733e39855.wav	569.957	1119.5	2414.0	CLNU	
231	Spectrogram 1	1	571.054	571.054240787	571.560147672	0.506	1218.8	2437.5	1875.0	28.0	38.7	56.5	571.054	/Users/mary/Desktop/listens_20180309/completed_listens/file5e5733e39855.wav	file5e5733e39855.wav	571.054	1154.5	2588.9	CLNU	
232	Spectrogram 1	1	572.375	572.374743503	572.709156528	0.334	1593.8	2625.0	2062.5	27.3	36.4	53.0	572.375	/Users/mary/Desktop/listens_20180309/completed_listens/file5e5733e39855.wav	file5e5733e39855.wav	572.375	1504.4	2693.9	CLNU	
233	Spectrogram 1	1	573.558	573.558051132	574.003935166	0.446	1406.2	2718.8	2062.5	27.4	36.9	55.4	573.558	/Users/mary/Desktop/listens_20180309/completed_listens/file5e5733e39855.wav	file5e5733e39855.wav	573.558	1364.4	2763.8	CLNU	
234	Spectrogram 1	1	574.189	574.189179035	574.952326708	0.763	1687.5	3468.8	2531.2	27.5	41.4	59.5	574.189	/Users/mary/Desktop/listens_20180309/completed_listens/file5e5733e39855.wav	file5e5733e39855.wav	574.189	1539.4	3568.5	ROWR	
235	Spectrogram 1	1	580.081	580.081361231	581.410438640	1.329	2906.2	4687.5	3562.5	27.3	43.0	61.6	580.081	/Users/mary/Desktop/listens_20180309/completed_listens/file5e5733e39855.wav	file5e5733e39855.wav	580.081	2728.9	4793.0	ROWR	
236	Spectrogram 1	1	582.311	582.310781401	582.490849953	0.180	4781.2	5718.8	5250.0	27.1	39.0	49.8	582.311	/Users/mary/Desktop/listens_20180309/completed_listens/file5e5733e39855.wav	file5e5733e39855.wav	582.311	4688.0	5737.6	WCSP	
237	Spectrogram 1	1	586.988	586.988480356	587.614432942	0.626	1875.0	2718.8	2250.0	28.6	39.1	56.2	586.988	/Users/mary/Desktop/listens_20180309/completed_listens/file5e5733e39855.wav	file5e5733e39855.wav	586.988	1819.2	2728.9	CLNU	
238	Spectrogram 1	1	588.875	588.874912807	589.046406666	0.171	5062.5	6375.0	5625.0	27.3	38.8	51.4	588.875	/Users/mary/Desktop/listens_20180309/completed_listens/file5e5733e39855.wav	file5e5733e39855.wav	588.875	4967.9	6402.3	WCSP	
239	Spectrogram 1	1	590.830	590.829942802	591.001436662	0.171	4968.8	6375.0	5718.8	28.6	43.3	53.2	590.830	/Users/mary/Desktop/listens_20180309/completed_listens/file5e5733e39855.wav	file5e5733e39855.wav	590.830	4828.0	6472.3	WCSP	
240	Spectrogram 1	1	593.057	593.057010922	593.254228860	0.197	2250.0	4500.0	2718.8	32.2	48.3	59.9	593.057	/Users/mary/Desktop/listens_20180309/completed_listens/file5e5733e39855.wav	file5e5733e39855.wav	593.057	1889.2	4967.9	GCRF	
241	Spectrogram 1	1	593.297	593.297102324	593.794434516	0.497	1781.2	2531.2	2156.2	29.1	39.8	55.8	593.297	/Users/mary/Desktop/listens_20180309/completed_listens/file5e5733e39855.wav	file5e5733e39855.wav	593.297	1749.3	2693.9	CLNU	
242	Spectrogram 1	1	595.724	595.723740433	596.306819554	0.583	1406.2	2625.0	2156.2	28.8	39.3	57.9	595.724	/Users/mary/Desktop/listens_20180309/completed_listens/file5e5733e39855.wav	file5e5733e39855.wav	595.724	1399.4	2728.9	CLNU	
243	Spectrogram 1	1	594.979	594.978516098	596.041778025	1.063	3562.5	4687.5	3843.8	29.0	45.7	60.7	594.979	/Users/mary/Desktop/listens_20180309/completed_listens/file5e5733e39855.wav	file5e5733e39855.wav	594.979	3428.6	4828.0	ROWR	
244	Spectrogram 1	1	596.625	596.624857146	596.770626927	0.146	5062.5	5906.2	5437.5	28.2	43.4	49.9	596.625	/Users/mary/Desktop/listens_20180309/completed_listens/file5e5733e39855.wav	file5e5733e39855.wav	596.625	4898.0	5982.5	WCSP	
245	Spectrogram 1	1	47.323	47.323218258	47.492988517	0.170	5062.5	5531.2	5343.8	30.4	45.0	51.4	47.323	/Users/mary/Desktop/listens_20180309/completed_listens/file5e5733e39855.wav	file5e5733e39855.wav	47.323	4916.9	5673.4	WCSP	call
