Selection	View	Channel	Begin Clock Time	Begin Time (s)	End Time (s)	Delta Time (s)	Freq 5% (Hz)	Freq 95% (Hz)	Center Freq (Hz)	Avg Power (dB)	Max Power (dB)	Energy (dB)	Begin Date Time	Begin Path	Begin File	File Offset (s)	Low Freq (Hz)	High Freq (Hz)	ID	NOTES
1	Spectrogram 1	1	0.312	0.312499921	111.562471892	111.250	4781.2	7218.8	6000.0	33.4	72.9	89.9	0.312	/Users/mary/Desktop/listens_20180309/completed_listens/file5e57ed5c124.wav	file5e57ed5c124.wav	0.312	3818.2	7787.9	WCSP	
2	Spectrogram 1	1	120.480	120.480204197	120.659742983	0.180	5625.0	6656.2	6375.0	31.7	45.3	55.4	120.480	/Users/mary/Desktop/listens_20180309/completed_listens/file5e57ed5c124.wav	file5e57ed5c124.wav	120.480	5484.8	6818.2	WCSP	
3	Spectrogram 1	1	121.157	121.156927313	121.322655423	0.166	5437.5	6937.5	6375.0	29.9	44.2	54.6	121.157	/Users/mary/Desktop/listens_20180309/completed_listens/file5e57ed5c124.wav	file5e57ed5c124.wav	121.157	5333.3	7060.6	WCSP	
4	Spectrogram 1	1	121.778	121.778407726	121.971757187	0.193	5531.2	7218.8	6562.5	28.8	41.5	54.6	121.778	/Users/mary/Desktop/listens_20180309/completed_listens/file5e57ed5c124.wav	file5e57ed5c124.wav	121.778	5424.2	7333.3	WCSP	
5	Spectrogram 1	1	122.414	122.413698814	122.648480304	0.235	5437.5	6750.0	6093.8	27.5	38.2	52.9	122.414	/Users/mary/Desktop/listens_20180309/completed_listens/file5e57ed5c124.wav	file5e57ed5c124.wav	122.414	5333.3	6787.9	WCSP	
6	Spectrogram 1	1	123.132	123.131853958	123.339014096	0.207	5531.2	6750.0	6187.5	29.3	42.1	54.2	123.132	/Users/mary/Desktop/listens_20180309/completed_listens/file5e57ed5c124.wav	file5e57ed5c124.wav	123.132	5393.9	6909.1	WCSP	
7	Spectrogram 1	1	123.919	123.919062481	124.098601267	0.180	5343.8	6562.5	6093.8	30.5	44.4	55.1	123.919	/Users/mary/Desktop/listens_20180309/completed_listens/file5e57ed5c124.wav	file5e57ed5c124.wav	123.919	5121.2	6697.0	WCSP	
8	Spectrogram 1	1	124.527	124.526732218	124.720081680	0.193	5156.2	6750.0	6000.0	29.6	44.4	55.5	124.527	/Users/mary/Desktop/listens_20180309/completed_listens/file5e57ed5c124.wav	file5e57ed5c124.wav	124.527	4939.4	6848.5	WCSP	
9	Spectrogram 1	1	125.493	125.493479527	125.659207637	0.166	5343.8	6562.5	6093.8	32.2	47.0	56.4	125.493	/Users/mary/Desktop/listens_20180309/completed_listens/file5e57ed5c124.wav	file5e57ed5c124.wav	125.493	5121.2	6697.0	WCSP	
10	Spectrogram 1	1	126.198	126.197823995	126.363552105	0.166	5343.8	6562.5	6000.0	29.7	43.9	53.6	126.198	/Users/mary/Desktop/listens_20180309/completed_listens/file5e57ed5c124.wav	file5e57ed5c124.wav	126.198	5242.4	6697.0	WCSP	
11	Spectrogram 1	1	128.104	128.103697261	128.297046722	0.193	5343.8	6656.2	6187.5	28.7	40.6	53.6	128.104	/Users/mary/Desktop/listens_20180309/completed_listens/file5e57ed5c124.wav	file5e57ed5c124.wav	128.104	5242.4	6757.6	WCSP	
12	Spectrogram 1	1	128.780	128.780420377	129.084255245	0.304	5343.8	6656.2	6093.8	26.9	36.8	53.2	128.780	/Users/mary/Desktop/listens_20180309/completed_listens/file5e57ed5c124.wav	file5e57ed5c124.wav	128.780	5303.0	6697.0	WCSP	
13	Spectrogram 1	1	129.402	129.401900790	129.705735658	0.304	5343.8	6562.5	6000.0	27.3	38.7	53.9	129.402	/Users/mary/Desktop/listens_20180309/completed_listens/file5e57ed5c124.wav	file5e57ed5c124.wav	129.402	5242.4	6697.0	WCSP	
14	Spectrogram 1	1	131.280	131.280152704	131.487312841	0.207	5250.0	6375.0	5906.2	27.9	40.3	52.5	131.280	/Users/mary/Desktop/listens_20180309/completed_listens/file5e57ed5c124.wav	file5e57ed5c124.wav	131.280	5090.9	6545.5	WCSP	
15	Spectrogram 1	1	132.164	132.164035958	132.357385419	0.193	5531.2	6656.2	6000.0	31.6	47.8	56.1	132.164	/Users/mary/Desktop/listens_20180309/completed_listens/file5e57ed5c124.wav	file5e57ed5c124.wav	132.164	5363.6	6818.2	WCSP	
16	Spectrogram 1	1	133.062	133.061729887	133.255079349	0.193	5531.2	6750.0	6187.5	30.7	44.9	55.0	133.062	/Users/mary/Desktop/listens_20180309/completed_listens/file5e57ed5c124.wav	file5e57ed5c124.wav	133.062	5454.5	6878.8	WCSP	
17	Spectrogram 1	1	133.600	133.600346245	133.835127734	0.235	5062.5	6750.0	6000.0	28.7	41.7	55.4	133.600	/Users/mary/Desktop/listens_20180309/completed_listens/file5e57ed5c124.wav	file5e57ed5c124.wav	133.600	4939.4	6909.1	WCSP	
18	Spectrogram 1	1	134.673	134.672739971	134.920135762	0.247	5250.0	6656.2	5906.2	27.6	41.1	53.5	134.673	/Users/mary/Desktop/listens_20180309/completed_listens/file5e57ed5c124.wav	file5e57ed5c124.wav	134.673	5121.2	6697.0	WCSP	
19	Spectrogram 1	1	135.793	135.792531444	136.052948065	0.260	5343.8	6656.2	6000.0	29.2	44.4	55.3	135.793	/Users/mary/Desktop/listens_20180309/completed_listens/file5e57ed5c124.wav	file5e57ed5c124.wav	135.793	5212.1	6787.9	WCSP	
20	Spectrogram 1	1	136.964	136.964406240	137.120656213	0.156	5250.0	6656.2	5906.2	29.8	44.3	54.4	136.964	/Users/mary/Desktop/listens_20180309/completed_listens/file5e57ed5c124.wav	file5e57ed5c124.wav	136.964	5151.5	6878.8	WCSP	
21	Spectrogram 1	1	138.332	138.331593503	138.526905969	0.195	5343.8	6281.2	5812.5	32.1	48.3	56.1	138.332	/Users/mary/Desktop/listens_20180309/completed_listens/file5e57ed5c124.wav	file5e57ed5c124.wav	138.332	5242.4	6484.8	WCSP	
22	Spectrogram 1	1	139.412	139.412322482	139.581593286	0.169	5437.5	6562.5	6000.0	31.5	45.2	55.8	139.412	/Users/mary/Desktop/listens_20180309/completed_listens/file5e57ed5c124.wav	file5e57ed5c124.wav	139.412	5181.8	6757.6	WCSP	
23	Spectrogram 1	1	140.285	140.284718164	140.545134785	0.260	5437.5	6562.5	6000.0	30.2	46.2	56.1	140.285	/Users/mary/Desktop/listens_20180309/completed_listens/file5e57ed5c124.wav	file5e57ed5c124.wav	140.285	5242.4	6727.3	WCSP	
24	Spectrogram 1	1	141.131	141.131072183	141.339405481	0.208	5437.5	6562.5	5812.5	30.3	45.0	54.9	141.131	/Users/mary/Desktop/listens_20180309/completed_listens/file5e57ed5c124.wav	file5e57ed5c124.wav	141.131	5272.7	6666.7	WCSP	
25	Spectrogram 1	1	142.850	142.849821885	143.071176013	0.221	5531.2	6843.8	6093.8	28.7	43.0	54.1	142.850	/Users/mary/Desktop/listens_20180309/completed_listens/file5e57ed5c124.wav	file5e57ed5c124.wav	142.850	5393.9	7000.0	WCSP	
26	Spectrogram 1	1	143.761	143.761280060	143.904509202	0.143	5531.2	6562.5	6093.8	32.4	45.6	55.8	143.761	/Users/mary/Desktop/listens_20180309/completed_listens/file5e57ed5c124.wav	file5e57ed5c124.wav	143.761	5333.3	6757.6	WCSP	
27	Spectrogram 1	1	144.686	144.685759066	144.802946546	0.117	5625.0	6750.0	6187.5	30.0	42.9	52.2	144.686	/Users/mary/Desktop/listens_20180309/completed_listens/file5e57ed5c124.wav	file5e57ed5c124.wav	144.686	5484.8	6878.8	WCSP	
28	Spectrogram 1	1	146.561	146.560758741	146.651904558	0.091	5437.5	6187.5	5812.5	28.1	39.2	46.9	146.561	/Users/mary/Desktop/listens_20180309/completed_listens/file5e57ed5c124.wav	file5e57ed5c124.wav	146.561	5424.2	6242.4	WCSP	
29	Spectrogram 1	1	147.108	147.107633646	147.263883619	0.156	5343.8	6187.5	5812.5	29.7	41.3	51.7	147.108	/Users/mary/Desktop/listens_20180309/completed_listens/file5e57ed5c124.wav	file5e57ed5c124.wav	147.108	5333.3	6333.3	WCSP	
30	Spectrogram 1	1	147.752	147.752095735	147.960429032	0.208	5437.5	6562.5	6093.8	27.9	39.1	51.9	147.752	/Users/mary/Desktop/listens_20180309/completed_listens/file5e57ed5c124.wav	file5e57ed5c124.wav	147.752	5363.6	6575.8	WCSP	
31	Spectrogram 1	1	148.494	148.494283106	148.676574741	0.182	6000.0	6843.8	6468.8	28.8	42.3	51.5	148.494	/Users/mary/Desktop/listens_20180309/completed_listens/file5e57ed5c124.wav	file5e57ed5c124.wav	148.494	5878.8	6848.5	WCSP	
32	Spectrogram 1	1	149.406	149.405741281	149.601053747	0.195	5343.8	6468.8	5812.5	28.6	42.0	52.7	149.406	/Users/mary/Desktop/listens_20180309/completed_listens/file5e57ed5c124.wav	file5e57ed5c124.wav	149.406	5242.4	6484.8	WCSP	
33	Spectrogram 1	1	150.226	150.226053638	150.460428598	0.234	5625.0	6656.2	6187.5	34.6	49.4	60.3	150.226	/Users/mary/Desktop/listens_20180309/completed_listens/file5e57ed5c124.wav	file5e57ed5c124.wav	150.226	5333.3	6848.5	WCSP	
34	Spectrogram 1	1	151.463	151.463032590	151.632303394	0.169	5531.2	6562.5	6093.8	31.7	45.6	55.5	151.463	/Users/mary/Desktop/listens_20180309/completed_listens/file5e57ed5c124.wav	file5e57ed5c124.wav	151.463	5424.2	6787.9	WCSP	
35	Spectrogram 1	1	152.895	152.895324008	153.077615643	0.182	5250.0	6562.5	5906.2	29.4	41.2	54.2	152.895	/Users/mary/Desktop/listens_20180309/completed_listens/file5e57ed5c124.wav	file5e57ed5c124.wav	152.895	5151.5	6666.7	WCSP	
36	Spectrogram 1	1	154.093	154.093240467	154.301573764	0.208	5718.8	7031.2	6375.0	29.5	43.3	54.7	154.093	/Users/mary/Desktop/listens_20180309/completed_listens/file5e57ed5c124.wav	file5e57ed5c124.wav	154.093	5545.5	7151.5	WCSP	
37	Spectrogram 1	1	156.307	156.306781749	156.515115046	0.208	5812.5	6562.5	6187.5	34.9	50.1	59.0	156.307	/Users/mary/Desktop/listens_20180309/completed_listens/file5e57ed5c124.wav	file5e57ed5c124.wav	156.307	5575.8	6787.9	WCSP	
38	Spectrogram 1	1	157.700	157.700010674	157.882302309	0.182	5718.8	6468.8	6000.0	35.2	51.1	58.9	157.700	/Users/mary/Desktop/listens_20180309/completed_listens/file5e57ed5c124.wav	file5e57ed5c124.wav	157.700	5393.9	6697.0	WCSP	
39	Spectrogram 1	1	159.162	159.162018060	162.625559125	3.464	5437.5	6750.0	5906.2	40.6	63.2	80.3	159.162	/Users/mary/Desktop/listens_20180309/completed_listens/file5e57ed5c124.wav	file5e57ed5c124.wav	159.162	4697.0	7424.2	WCSP	
40	Spectrogram 1	1	163.693	163.693267273	163.849517246	0.156	5531.2	6656.2	6093.8	40.6	57.3	66.0	163.693	/Users/mary/Desktop/listens_20180309/completed_listens/file5e57ed5c124.wav	file5e57ed5c124.wav	163.693	4969.7	7303.0	WCSP	
41	Spectrogram 1	1	164.540	164.539621293	164.669829604	0.130	5437.5	6468.8	5812.5	43.2	58.9	66.8	164.540	/Users/mary/Desktop/listens_20180309/completed_listens/file5e57ed5c124.wav	file5e57ed5c124.wav	164.540	4878.8	6697.0	WCSP	
42	Spectrogram 1	1	166.063	166.063058528	166.271391826	0.208	5625.0	6468.8	5906.2	35.9	53.5	59.9	166.063	/Users/mary/Desktop/listens_20180309/completed_listens/file5e57ed5c124.wav	file5e57ed5c124.wav	166.063	5454.5	6697.0	WCSP	
43	Spectrogram 1	1	167.170	167.169829170	167.339099974	0.169	5531.2	6656.2	6000.0	38.1	55.2	62.9	167.170	/Users/mary/Desktop/listens_20180309/completed_listens/file5e57ed5c124.wav	file5e57ed5c124.wav	167.170	5090.9	6909.1	WCSP	
44	Spectrogram 1	1	168.042	168.042224852	168.211495655	0.169	5625.0	6468.8	5812.5	39.3	56.5	63.7	168.042	/Users/mary/Desktop/listens_20180309/completed_listens/file5e57ed5c124.wav	file5e57ed5c124.wav	168.042	5272.7	6848.5	WCSP	
45	Spectrogram 1	1	169.696	169.695870398	169.878162033	0.182	5531.2	6468.8	5812.5	41.0	59.7	66.4	169.696	/Users/mary/Desktop/listens_20180309/completed_listens/file5e57ed5c124.wav	file5e57ed5c124.wav	169.696	5090.9	6939.4	WCSP	
46	Spectrogram 1	1	171.289	171.288976737	171.497310034	0.208	5437.5	6562.5	5812.5	30.4	48.5	55.1	171.289	/Users/mary/Desktop/listens_20180309/completed_listens/file5e57ed5c124.wav	file5e57ed5c124.wav	171.289	5272.7	6666.7	WCSP	
47	Spectrogram 1	1	172.096	172.096268263	172.239497405	0.143	5437.5	6750.0	6187.5	35.5	50.7	60.3	172.096	/Users/mary/Desktop/listens_20180309/completed_listens/file5e57ed5c124.wav	file5e57ed5c124.wav	172.096	4848.5	7030.3	WCSP	
48	Spectrogram 1	1	173.776	173.775955472	173.945226276	0.169	5437.5	6375.0	5812.5	37.4	54.7	61.8	173.776	/Users/mary/Desktop/listens_20180309/completed_listens/file5e57ed5c124.wav	file5e57ed5c124.wav	173.776	5000.0	6636.4	WCSP	
49	Spectrogram 1	1	174.779	174.778559464	174.973871930	0.195	5625.0	6562.5	5906.2	36.9	52.8	61.6	174.779	/Users/mary/Desktop/listens_20180309/completed_listens/file5e57ed5c124.wav	file5e57ed5c124.wav	174.779	5303.0	6787.9	WCSP	
50	Spectrogram 1	1	175.742	175.742100964	175.872309274	0.130	5625.0	6562.5	6093.8	37.0	51.5	59.7	175.742	/Users/mary/Desktop/listens_20180309/completed_listens/file5e57ed5c124.wav	file5e57ed5c124.wav	175.742	5393.9	6818.2	WCSP	
51	Spectrogram 1	1	176.940	176.940017422	177.187413213	0.247	5437.5	6656.2	6093.8	36.2	54.4	63.4	176.940	/Users/mary/Desktop/listens_20180309/completed_listens/file5e57ed5c124.wav	file5e57ed5c124.wav	176.940	4787.9	6939.4	WCSP	
52	Spectrogram 1	1	180.976	180.976475055	181.106683366	0.130	5625.0	6750.0	6000.0	41.7	58.1	65.7	180.976	/Users/mary/Desktop/listens_20180309/completed_listens/file5e57ed5c124.wav	file5e57ed5c124.wav	180.976	5060.6	7030.3	WCSP	
53	Spectrogram 1	1	183.190	183.190016337	183.346266310	0.156	5250.0	6281.2	5437.5	39.0	56.6	63.7	183.190	/Users/mary/Desktop/listens_20180309/completed_listens/file5e57ed5c124.wav	file5e57ed5c124.wav	183.190	4727.3	6606.1	WCSP	
54	Spectrogram 1	1	183.906	183.906162046	184.218661992	0.312	5625.0	6843.8	6281.2	40.0	58.8	68.7	183.906	/Users/mary/Desktop/listens_20180309/completed_listens/file5e57ed5c124.wav	file5e57ed5c124.wav	183.906	4848.5	7181.8	WCSP	
55	Spectrogram 1	1	184.475	184.475414259	190.178538269	5.703	3843.8	6937.5	5812.5	30.9	60.1	74.5	184.475	/Users/mary/Desktop/listens_20180309/completed_listens/file5e57ed5c124.wav	file5e57ed5c124.wav	184.475	3333.3	7363.6	WCSP	
56	Spectrogram 1	1	190.647	190.647288188	191.011871458	0.365	5718.8	7781.2	6656.2	46.6	69.2	79.7	190.647	/Users/mary/Desktop/listens_20180309/completed_listens/file5e57ed5c124.wav	file5e57ed5c124.wav	190.647	3303.0	8909.1	WCSP	
57	Spectrogram 1	1	193.968	193.967600111	194.228016733	0.260	4406.2	6750.0	6375.0	35.2	55.7	65.0	193.968	/Users/mary/Desktop/listens_20180309/completed_listens/file5e57ed5c124.wav	file5e57ed5c124.wav	193.968	3636.4	7272.7	WCSP	
58	Spectrogram 1	1	192.900	192.899891964	193.212391909	0.312	3562.5	6093.8	5437.5	28.2	48.4	58.0	192.900	/Users/mary/Desktop/listens_20180309/completed_listens/file5e57ed5c124.wav	file5e57ed5c124.wav	192.900	3363.6	6363.6	WCSP	
59	Spectrogram 1	1	198.694	198.693871650	198.928246609	0.234	4687.5	6000.0	5250.0	28.5	44.5	54.3	198.694	/Users/mary/Desktop/listens_20180309/completed_listens/file5e57ed5c124.wav	file5e57ed5c124.wav	198.694	4575.8	6151.5	WCSP	
60	Spectrogram 1	1	207.585	207.584809507	209.720225803	2.135	2062.5	10968.8	8250.0	27.7	42.4	70.9	207.585	/Users/mary/Desktop/listens_20180309/completed_listens/file5e57ed5c124.wav	file5e57ed5c124.wav	207.585	1413.0	11220.0	background	1413-11220
61	Spectrogram 1	1	219.558	219.557621928	221.762580619	2.205	5625.0	7312.5	6562.5	27.8	44.6	64.1	219.558	/Users/mary/Desktop/listens_20180309/completed_listens/file5e57ed5c124.wav	file5e57ed5c124.wav	219.558	5484.8	7424.2	WCSP	
62	Spectrogram 1	1	225.404	225.403975080	225.599287546	0.195	5625.0	6468.8	5906.2	39.7	59.0	65.7	225.404	/Users/mary/Desktop/listens_20180309/completed_listens/file5e57ed5c124.wav	file5e57ed5c124.wav	225.404	5030.3	7090.9	WCSP	
63	Spectrogram 1	1	229.746	229.746434324	229.980809283	0.234	5437.5	6375.0	5812.5	38.6	60.0	66.0	229.746	/Users/mary/Desktop/listens_20180309/completed_listens/file5e57ed5c124.wav	file5e57ed5c124.wav	229.746	4666.7	6939.4	WCSP	
64	Spectrogram 1	1	232.416	232.415704694	232.728204640	0.312	5531.2	6187.5	5812.5	45.6	70.4	75.4	232.416	/Users/mary/Desktop/listens_20180309/completed_listens/file5e57ed5c124.wav	file5e57ed5c124.wav	232.416	4333.3	7333.3	WCSP	
65	Spectrogram 1	1	237.897	237.897474576	238.105807873	0.208	5625.0	6187.5	5812.5	45.1	66.3	71.8	237.897	/Users/mary/Desktop/listens_20180309/completed_listens/file5e57ed5c124.wav	file5e57ed5c124.wav	237.897	4757.6	6969.7	WCSP	
66	Spectrogram 1	1	242.530	242.529830564	242.712122199	0.182	5531.2	6093.8	5812.5	43.6	63.9	69.9	242.530	/Users/mary/Desktop/listens_20180309/completed_listens/file5e57ed5c124.wav	file5e57ed5c124.wav	242.530	4575.8	6848.5	WCSP	
67	Spectrogram 1	1	245.980	245.980350799	246.175663265	0.195	4968.8	6093.8	5531.2	35.7	55.3	61.0	245.980	/Users/mary/Desktop/listens_20180309/completed_listens/file5e57ed5c124.wav	file5e57ed5c124.wav	245.980	4606.1	6424.2	WCSP	
68	Spectrogram 1	1	247.751	247.751183825	247.920454629	0.169	5343.8	6187.5	5625.0	42.7	60.8	67.3	247.751	/Users/mary/Desktop/listens_20180309/completed_listens/file5e57ed5c124.wav	file5e57ed5c124.wav	247.751	4757.6	6454.5	WCSP	
69	Spectrogram 1	1	251.080	251.080393297	251.523101554	0.443	4031.2	5343.8	4687.5	28.3	42.3	56.5	251.080	/Users/mary/Desktop/listens_20180309/completed_listens/file5e57ed5c124.wav	file5e57ed5c124.wav	251.080	3848.5	5363.6	AMPI	
70	Spectrogram 1	1	252.135	252.135080614	252.408518067	0.273	4218.8	5343.8	4875.0	27.9	43.9	53.4	252.135	/Users/mary/Desktop/listens_20180309/completed_listens/file5e57ed5c124.wav	file5e57ed5c124.wav	252.135	4090.9	5393.9	AMPI	
71	Spectrogram 1	1	253.216	253.215809593	253.788726160	0.573	4031.2	5250.0	4593.8	27.7	43.3	57.0	253.216	/Users/mary/Desktop/listens_20180309/completed_listens/file5e57ed5c124.wav	file5e57ed5c124.wav	253.216	3878.8	5363.6	AMPI	
72	Spectrogram 1	1	254.479	254.478830207	254.895496802	0.417	4031.2	5250.0	4593.8	27.8	41.6	55.5	254.479	/Users/mary/Desktop/listens_20180309/completed_listens/file5e57ed5c124.wav	file5e57ed5c124.wav	254.479	3909.1	5333.3	AMPI	
73	Spectrogram 1	1	255.520	255.520496693	256.262684064	0.742	3843.8	5250.0	4406.2	26.9	41.7	57.6	255.520	/Users/mary/Desktop/listens_20180309/completed_listens/file5e57ed5c124.wav	file5e57ed5c124.wav	255.520	3727.3	5303.0	AMPI	
74	Spectrogram 1	1	256.558	256.557788593	257.456225937	0.898	4125.0	5437.5	4968.8	31.2	54.4	62.8	256.558	/Users/mary/Desktop/listens_20180309/completed_listens/file5e57ed5c124.wav	file5e57ed5c124.wav	256.558	3848.5	5454.5	AMPI	
75	Spectrogram 1	1	257.040	257.039559342	257.169767653	0.130	5531.2	6093.8	5718.8	48.0	67.2	72.0	257.040	/Users/mary/Desktop/listens_20180309/completed_listens/file5e57ed5c124.wav	file5e57ed5c124.wav	257.040	4909.1	6757.6	WCSP	
76	Spectrogram 1	1	261.844	261.844246008	262.078620967	0.234	5625.0	6281.2	5812.5	50.3	72.5	78.3	261.844	/Users/mary/Desktop/listens_20180309/completed_listens/file5e57ed5c124.wav	file5e57ed5c124.wav	261.844	4515.2	7242.4	WCSP	
77	Spectrogram 1	1	264.618	264.617683027	264.786953831	0.169	5531.2	6187.5	5812.5	49.2	69.3	74.5	264.618	/Users/mary/Desktop/listens_20180309/completed_listens/file5e57ed5c124.wav	file5e57ed5c124.wav	264.618	4878.8	6878.8	WCSP	
78	Spectrogram 1	1	267.736	267.736059225	267.996475846	0.260	5531.2	6187.5	5718.8	46.8	68.8	74.3	267.736	/Users/mary/Desktop/listens_20180309/completed_listens/file5e57ed5c124.wav	file5e57ed5c124.wav	267.736	4727.3	6878.8	WCSP	
79	Spectrogram 1	1	269.898	269.897517183	270.014704662	0.117	5437.5	6187.5	5718.8	48.1	65.7	71.7	269.898	/Users/mary/Desktop/listens_20180309/completed_listens/file5e57ed5c124.wav	file5e57ed5c124.wav	269.898	4757.6	6727.3	WCSP	
80	Spectrogram 1	1	278.345	278.344872548	278.488101689	0.143	5625.0	6281.2	5906.2	46.3	64.5	71.5	278.345	/Users/mary/Desktop/listens_20180309/completed_listens/file5e57ed5c124.wav	file5e57ed5c124.wav	278.345	4545.5	6909.1	WCSP	
81	Spectrogram 1	1	281.379	281.378726187	281.534976160	0.156	5531.2	6187.5	5718.8	45.9	65.2	70.3	281.379	/Users/mary/Desktop/listens_20180309/completed_listens/file5e57ed5c124.wav	file5e57ed5c124.wav	281.379	5030.3	6818.2	WCSP	
82	Spectrogram 1	1	285.897	285.896954570	286.118308698	0.221	5625.0	6843.8	5906.2	42.9	63.6	70.3	285.897	/Users/mary/Desktop/listens_20180309/completed_listens/file5e57ed5c124.wav	file5e57ed5c124.wav	285.897	5030.3	7454.5	WCSP	
83	Spectrogram 1	1	291.639	291.639141073	291.821432708	0.182	5437.5	6468.8	5718.8	40.7	60.6	66.8	291.639	/Users/mary/Desktop/listens_20180309/completed_listens/file5e57ed5c124.wav	file5e57ed5c124.wav	291.639	5060.6	7303.0	WCSP	
86	Spectrogram 1	1	221.854	221.853726436	221.983934747	0.130	5250.0	6750.0	6000.0	41.4	57.8	66.0	221.854	/Users/mary/Desktop/listens_20180309/completed_listens/file5e57ed5c124.wav	file5e57ed5c124.wav	221.854	4848.5	7090.9	WCSP	
87	Spectrogram 1	1	294.127	294.126556182	294.256764493	0.130	5250.0	6375.0	5812.5	42.2	59.9	66.2	294.127	/Users/mary/Desktop/listens_20180309/completed_listens/file5e57ed5c124.wav	file5e57ed5c124.wav	294.127	4878.8	6787.9	WCSP	
88	Spectrogram 1	1	296.679	296.678639073	296.899993201	0.221	4968.8	6281.2	5625.0	37.3	58.3	64.5	296.679	/Users/mary/Desktop/listens_20180309/completed_listens/file5e57ed5c124.wav	file5e57ed5c124.wav	296.679	4484.8	6878.8	WCSP	
89	Spectrogram 1	1	299.856	299.855721854	299.998950996	0.143	5437.5	5906.2	5718.8	50.6	70.3	75.9	299.856	/Users/mary/Desktop/listens_20180309/completed_listens/file5e57ed5c124.wav	file5e57ed5c124.wav	299.856	4515.2	6878.8	WCSP	
90	Spectrogram 1	1	319.710	319.710059014	319.879329818	0.169	5625.0	7218.8	6281.2	32.3	49.3	57.9	319.710	/Users/mary/Desktop/listens_20180309/completed_listens/file5e57ed5c124.wav	file5e57ed5c124.wav	319.710	5333.3	7484.8	WCSP	
91	Spectrogram 1	1	320.622	320.621517190	320.816829656	0.195	5812.5	7500.0	6656.2	30.7	45.7	57.0	320.622	/Users/mary/Desktop/listens_20180309/completed_listens/file5e57ed5c124.wav	file5e57ed5c124.wav	320.622	5545.5	7697.0	WCSP	
92	Spectrogram 1	1	348.458	348.458310016	348.640601651	0.182	5625.0	6281.2	5812.5	47.4	69.6	74.6	348.458	/Users/mary/Desktop/listens_20180309/completed_listens/file5e57ed5c124.wav	file5e57ed5c124.wav	348.458	4212.1	7000.0	WCSP	
93	Spectrogram 1	1	349.539	349.539038995	349.760393123	0.221	5343.8	6562.5	5906.2	37.2	57.6	64.3	349.539	/Users/mary/Desktop/listens_20180309/completed_listens/file5e57ed5c124.wav	file5e57ed5c124.wav	349.539	4757.6	7000.0	WCSP	
94	Spectrogram 1	1	350.997	350.997372075	351.205705372	0.208	5437.5	6093.8	5625.0	41.4	59.5	66.9	350.997	/Users/mary/Desktop/listens_20180309/completed_listens/file5e57ed5c124.wav	file5e57ed5c124.wav	350.997	4848.5	6545.5	WCSP	
95	Spectrogram 1	1	352.794	352.794246763	352.976538398	0.182	5343.8	6281.2	5718.8	44.1	65.6	70.9	352.794	/Users/mary/Desktop/listens_20180309/completed_listens/file5e57ed5c124.wav	file5e57ed5c124.wav	352.794	4454.5	6939.4	WCSP	
96	Spectrogram 1	1	354.878	354.877579735	355.124975525	0.247	5250.0	6093.8	5625.0	45.4	68.4	73.4	354.878	/Users/mary/Desktop/listens_20180309/completed_listens/file5e57ed5c124.wav	file5e57ed5c124.wav	354.878	4545.5	7090.9	WCSP	
97	Spectrogram 1	1	356.687	356.687475254	356.908829382	0.221	5250.0	5906.2	5625.0	48.3	68.3	75.1	356.687	/Users/mary/Desktop/listens_20180309/completed_listens/file5e57ed5c124.wav	file5e57ed5c124.wav	356.687	4515.2	6727.3	WCSP	
98	Spectrogram 1	1	358.471	358.471329111	358.640599915	0.169	5250.0	6187.5	5718.8	44.2	65.2	70.6	358.471	/Users/mary/Desktop/listens_20180309/completed_listens/file5e57ed5c124.wav	file5e57ed5c124.wav	358.471	4484.8	7000.0	WCSP	
99	Spectrogram 1	1	360.216	360.216120475	360.463516265	0.247	5156.2	6093.8	5718.8	37.2	59.1	65.4	360.216	/Users/mary/Desktop/listens_20180309/completed_listens/file5e57ed5c124.wav	file5e57ed5c124.wav	360.216	4060.6	6787.9	WCSP	
100	Spectrogram 1	1	362.151	362.150945531	362.320216335	0.169	5531.2	6281.2	5718.8	39.1	58.8	63.9	362.151	/Users/mary/Desktop/listens_20180309/completed_listens/file5e57ed5c124.wav	file5e57ed5c124.wav	362.151	5030.3	6787.9	WCSP	
101	Spectrogram 1	1	364.924	364.924382550	365.132715847	0.208	5250.0	6187.5	5718.8	35.4	56.6	62.3	364.924	/Users/mary/Desktop/listens_20180309/completed_listens/file5e57ed5c124.wav	file5e57ed5c124.wav	364.924	4454.5	6818.2	WCSP	
102	Spectrogram 1	1	368.336	368.335840291	368.479069433	0.143	5531.2	6093.8	5625.0	43.7	61.4	67.6	368.336	/Users/mary/Desktop/listens_20180309/completed_listens/file5e57ed5c124.wav	file5e57ed5c124.wav	368.336	4757.6	6393.9	WCSP	
103	Spectrogram 1	1	371.161	371.161360634	371.278548113	0.117	5437.5	6187.5	5718.8	44.9	62.8	69.5	371.161	/Users/mary/Desktop/listens_20180309/completed_listens/file5e57ed5c124.wav	file5e57ed5c124.wav	371.161	4424.2	6909.1	WCSP	
104	Spectrogram 1	1	372.685	372.684797869	372.854068673	0.169	5343.8	5906.2	5625.0	44.8	63.6	69.9	372.685	/Users/mary/Desktop/listens_20180309/completed_listens/file5e57ed5c124.wav	file5e57ed5c124.wav	372.685	4818.2	6727.3	WCSP	
105	Spectrogram 1	1	374.182	374.182193443	374.351464246	0.169	5250.0	6093.8	5718.8	45.6	66.6	71.9	374.182	/Users/mary/Desktop/listens_20180309/completed_listens/file5e57ed5c124.wav	file5e57ed5c124.wav	374.182	4484.8	7121.2	WCSP	
106	Spectrogram 1	1	375.706	375.705630678	375.900943144	0.195	5156.2	6000.0	5718.8	41.0	61.0	66.9	375.706	/Users/mary/Desktop/listens_20180309/completed_listens/file5e57ed5c124.wav	file5e57ed5c124.wav	375.706	4545.5	6545.5	WCSP	
107	Spectrogram 1	1	379.274	379.274351696	379.482684993	0.208	5437.5	6093.8	5625.0	43.2	64.0	70.2	379.274	/Users/mary/Desktop/listens_20180309/completed_listens/file5e57ed5c124.wav	file5e57ed5c124.wav	379.274	4606.1	6939.4	WCSP	
108	Spectrogram 1	1	381.644	381.644142951	381.839455417	0.195	5343.8	6000.0	5625.0	37.4	56.5	62.9	381.644	/Users/mary/Desktop/listens_20180309/completed_listens/file5e57ed5c124.wav	file5e57ed5c124.wav	381.644	4545.5	6424.2	WCSP	
109	Spectrogram 1	1	384.066	384.066017531	384.261329997	0.195	5156.2	6187.5	5625.0	43.6	64.8	69.8	384.066	/Users/mary/Desktop/listens_20180309/completed_listens/file5e57ed5c124.wav	file5e57ed5c124.wav	384.066	4545.5	6666.7	WCSP	
110	Spectrogram 1	1	385.433	385.433204794	385.654558922	0.221	5062.5	6000.0	5625.0	43.4	61.1	70.1	385.433	/Users/mary/Desktop/listens_20180309/completed_listens/file5e57ed5c124.wav	file5e57ed5c124.wav	385.433	4363.6	6454.5	WCSP	
111	Spectrogram 1	1	386.319	386.318621306	386.461850448	0.143	5062.5	6093.8	5718.8	47.2	66.9	72.8	386.319	/Users/mary/Desktop/listens_20180309/completed_listens/file5e57ed5c124.wav	file5e57ed5c124.wav	386.319	4363.6	6878.8	WCSP	
112	Spectrogram 1	1	387.425	387.425391948	387.620704414	0.195	5156.2	6000.0	5718.8	47.0	65.4	73.2	387.425	/Users/mary/Desktop/listens_20180309/completed_listens/file5e57ed5c124.wav	file5e57ed5c124.wav	387.425	4424.2	6636.4	WCSP	
113	Spectrogram 1	1	389.183	389.183204143	389.365495778	0.182	5250.0	6000.0	5625.0	43.2	63.8	69.4	389.183	/Users/mary/Desktop/listens_20180309/completed_listens/file5e57ed5c124.wav	file5e57ed5c124.wav	389.183	4393.9	6606.1	WCSP	
114	Spectrogram 1	1	390.642	390.641537223	390.849870520	0.208	4968.8	6093.8	5718.8	41.8	63.9	69.1	390.642	/Users/mary/Desktop/listens_20180309/completed_listens/file5e57ed5c124.wav	file5e57ed5c124.wav	390.642	4515.2	7060.6	WCSP	
115	Spectrogram 1	1	393.063	393.063288663	393.219538636	0.156	5156.2	5812.5	5531.2	45.3	64.6	70.2	393.063	/Users/mary/Desktop/listens_20180309/completed_listens/file5e57ed5c124.wav	file5e57ed5c124.wav	393.063	4575.8	6545.5	WCSP	
116	Spectrogram 1	1	395.173	395.172663296	395.341934100	0.169	4875.0	6187.5	5531.2	40.4	60.4	66.9	395.173	/Users/mary/Desktop/listens_20180309/completed_listens/file5e57ed5c124.wav	file5e57ed5c124.wav	395.173	4151.5	6757.6	WCSP	
117	Spectrogram 1	1	395.876	395.875788174	396.045058978	0.169	5156.2	5812.5	5437.5	52.8	75.1	79.7	395.876	/Users/mary/Desktop/listens_20180309/completed_listens/file5e57ed5c124.wav	file5e57ed5c124.wav	395.876	3909.1	6757.6	WCSP	
118	Spectrogram 1	1	396.774	396.774225518	396.930475491	0.156	5343.8	5812.5	5531.2	51.9	73.0	77.7	396.774	/Users/mary/Desktop/listens_20180309/completed_listens/file5e57ed5c124.wav	file5e57ed5c124.wav	396.774	4060.6	6545.5	WCSP	
119	Spectrogram 1	1	400.628	400.628391516	400.784641489	0.156	5343.8	5906.2	5625.0	50.0	71.4	76.1	400.628	/Users/mary/Desktop/listens_20180309/completed_listens/file5e57ed5c124.wav	file5e57ed5c124.wav	400.628	3848.5	6393.9	WCSP	
120	Spectrogram 1	1	402.738	402.737766150	402.880995292	0.143	5062.5	6000.0	5437.5	45.9	67.2	71.0	402.738	/Users/mary/Desktop/listens_20180309/completed_listens/file5e57ed5c124.wav	file5e57ed5c124.wav	402.738	4212.1	6424.2	WCSP	
121	Spectrogram 1	1	404.529	404.529330802	404.698601606	0.169	4781.2	6000.0	5343.8	34.4	50.7	58.6	404.529	/Users/mary/Desktop/listens_20180309/completed_listens/file5e57ed5c124.wav	file5e57ed5c124.wav	404.529	4606.1	6272.7	WCSP	
122	Spectrogram 1	1	407.420	407.419955300	407.589226104	0.169	5156.2	6000.0	5625.0	48.3	67.4	73.4	407.420	/Users/mary/Desktop/listens_20180309/completed_listens/file5e57ed5c124.wav	file5e57ed5c124.wav	407.420	4575.8	6515.2	WCSP	
123	Spectrogram 1	1	408.774	408.774121731	408.982455029	0.208	4968.8	6000.0	5625.0	43.3	63.4	70.4	408.774	/Users/mary/Desktop/listens_20180309/completed_listens/file5e57ed5c124.wav	file5e57ed5c124.wav	408.774	4090.9	6545.5	WCSP	
124	Spectrogram 1	1	410.662	410.662142237	410.883496365	0.221	5343.8	5812.5	5437.5	47.6	68.4	74.0	410.662	/Users/mary/Desktop/listens_20180309/completed_listens/file5e57ed5c124.wav	file5e57ed5c124.wav	410.662	4393.9	6333.3	WCSP	
125	Spectrogram 1	1	416.730	416.729849517	416.951203645	0.221	5250.0	5812.5	5531.2	47.9	68.2	74.6	416.730	/Users/mary/Desktop/listens_20180309/completed_listens/file5e57ed5c124.wav	file5e57ed5c124.wav	416.730	4303.0	6303.0	WCSP	
126	Spectrogram 1	1	419.236	419.235976212	419.379205354	0.143	4875.0	5906.2	5531.2	40.0	57.7	63.9	419.236	/Users/mary/Desktop/listens_20180309/completed_listens/file5e57ed5c124.wav	file5e57ed5c124.wav	419.236	4454.5	6151.5	WCSP	
127	Spectrogram 1	1	423.064	423.064100548	423.259413014	0.195	4406.2	5812.5	5531.2	33.3	52.1	59.6	423.064	/Users/mary/Desktop/listens_20180309/completed_listens/file5e57ed5c124.wav	file5e57ed5c124.wav	423.064	3969.7	6181.8	WCSP	
128	Spectrogram 1	1	424.909	424.909413253	425.625558962	0.716	2812.5	6843.8	5156.2	28.0	43.5	63.2	424.909	/Users/mary/Desktop/listens_20180309/completed_listens/file5e57ed5c124.wav	file5e57ed5c124.wav	424.909	2515.2	7060.6	AMPI	
129	Spectrogram 1	1	427.327	427.327330008	427.704934109	0.378	4031.2	5156.2	4593.8	27.2	41.8	54.1	427.327	/Users/mary/Desktop/listens_20180309/completed_listens/file5e57ed5c124.wav	file5e57ed5c124.wav	427.327	3878.8	5181.8	AMPI	
130	Spectrogram 1	1	427.679	427.678892447	427.887225744	0.208	4875.0	5906.2	5343.8	42.3	62.9	69.4	427.679	/Users/mary/Desktop/listens_20180309/completed_listens/file5e57ed5c124.wav	file5e57ed5c124.wav	427.679	3909.1	6303.0	WCSP	
131	Spectrogram 1	1	429.163	429.163267190	429.306496331	0.143	5156.2	6000.0	5718.8	44.1	61.9	68.7	429.163	/Users/mary/Desktop/listens_20180309/completed_listens/file5e57ed5c124.wav	file5e57ed5c124.wav	429.163	4515.2	6636.4	WCSP	
132	Spectrogram 1	1	428.786	428.785663088	429.267433838	0.482	3656.2	4968.8	4500.0	30.1	50.5	58.7	428.786	/Users/mary/Desktop/listens_20180309/completed_listens/file5e57ed5c124.wav	file5e57ed5c124.wav	428.786	3484.8	4969.7	AMPI	
133	Spectrogram 1	1	431.433	431.433004441	431.641337738	0.208	5062.5	5906.2	5531.2	44.0	63.9	69.9	431.433	/Users/mary/Desktop/listens_20180309/completed_listens/file5e57ed5c124.wav	file5e57ed5c124.wav	431.433	4515.2	6454.5	WCSP	
134	Spectrogram 1	1	433.907	433.906962344	434.063212317	0.156	5062.5	6000.0	5625.0	48.3	67.2	73.0	433.907	/Users/mary/Desktop/listens_20180309/completed_listens/file5e57ed5c124.wav	file5e57ed5c124.wav	433.907	4575.8	6393.9	WCSP	
135	Spectrogram 1	1	436.342	436.341857755	436.511128559	0.169	5343.8	5812.5	5625.0	49.5	68.9	74.9	436.342	/Users/mary/Desktop/listens_20180309/completed_listens/file5e57ed5c124.wav	file5e57ed5c124.wav	436.342	4484.8	6484.8	WCSP	
136	Spectrogram 1	1	437.840	437.840208484	438.061562612	0.221	5062.5	6000.0	5625.0	41.6	58.3	67.3	437.840	/Users/mary/Desktop/listens_20180309/completed_listens/file5e57ed5c124.wav	file5e57ed5c124.wav	437.840	4697.0	6393.9	WCSP	
137	Spectrogram 1	1	440.307	440.306700817	440.554096607	0.247	4968.8	5906.2	5625.0	47.0	66.6	74.3	440.307	/Users/mary/Desktop/listens_20180309/completed_listens/file5e57ed5c124.wav	file5e57ed5c124.wav	440.307	4151.5	6333.3	WCSP	
138	Spectrogram 1	1	442.820	442.819721214	443.028054511	0.208	4968.8	5812.5	5625.0	40.8	58.0	66.0	442.820	/Users/mary/Desktop/listens_20180309/completed_listens/file5e57ed5c124.wav	file5e57ed5c124.wav	442.820	4666.7	6272.7	WCSP	
139	Spectrogram 1	1	445.913	445.913450518	446.108762984	0.195	5343.8	5906.2	5625.0	49.8	69.7	75.2	445.913	/Users/mary/Desktop/listens_20180309/completed_listens/file5e57ed5c124.wav	file5e57ed5c124.wav	445.913	4454.5	6272.7	WCSP	
140	Spectrogram 1	1	448.505	448.504595902	448.608762550	0.104	5062.5	5812.5	5625.0	44.4	61.7	68.5	448.505	/Users/mary/Desktop/listens_20180309/completed_listens/file5e57ed5c124.wav	file5e57ed5c124.wav	448.505	3969.7	6393.9	WCSP	
141	Spectrogram 1	1	450.524	450.523664149	450.705955784	0.182	4875.0	5906.2	5437.5	40.7	58.6	66.0	450.524	/Users/mary/Desktop/listens_20180309/completed_listens/file5e57ed5c124.wav	file5e57ed5c124.wav	450.524	4454.5	6303.0	WCSP	
142	Spectrogram 1	1	452.880	452.880434573	461.705691778	8.825	4781.2	6937.5	5812.5	38.2	66.6	84.0	452.880	/Users/mary/Desktop/listens_20180309/completed_listens/file5e57ed5c124.wav	file5e57ed5c124.wav	452.880	3424.2	7666.7	WCSP	
143	Spectrogram 1	1	462.774	462.773717460	469.771127101	6.997	5531.2	7406.2	6468.8	35.9	62.4	79.4	462.774	/Users/mary/Desktop/listens_20180309/completed_listens/file5e57ed5c124.wav	file5e57ed5c124.wav	462.774	4909.1	8090.9	WCSP	
144	Spectrogram 1	1	496.176	496.176295744	499.951214103	3.775	4968.8	7031.2	6093.8	27.7	47.1	67.3	496.176	/Users/mary/Desktop/listens_20180309/completed_listens/file5e57ed5c124.wav	file5e57ed5c124.wav	496.176	4727.3	7151.5	WCSP	
145	Spectrogram 1	1	508.127	508.127134841	509.729173364	1.602	5437.5	6843.8	6281.2	28.0	44.9	62.3	508.127	/Users/mary/Desktop/listens_20180309/completed_listens/file5e57ed5c124.wav	file5e57ed5c124.wav	508.127	5272.7	7030.3	WCSP	
146	Spectrogram 1	1	502.933	502.933423025	503.246465035	0.313	5812.5	7031.2	6468.8	27.5	38.2	53.6	502.933	/Users/mary/Desktop/listens_20180309/completed_listens/file5e57ed5c124.wav	file5e57ed5c124.wav	502.933	5787.9	7121.2	WCSP	
147	Spectrogram 1	1	506.174	506.174328543	506.505784789	0.331	5531.2	6656.2	6187.5	28.0	41.1	54.7	506.174	/Users/mary/Desktop/listens_20180309/completed_listens/file5e57ed5c124.wav	file5e57ed5c124.wav	506.174	5393.9	6787.9	WCSP	
148	Spectrogram 1	1	555.931	555.930849415	556.593761907	0.663	2437.5	3750.0	3187.5	28.8	42.4	59.1	555.931	/Users/mary/Desktop/listens_20180309/completed_listens/file5e57ed5c124.wav	file5e57ed5c124.wav	555.931	2272.7	3848.5	PIKA	
152	Spectrogram 1	1	111.861	111.861211806	112.021021055	0.160	5343.8	6937.5	6281.2	32.9	48.6	58.7	111.861	/Users/mary/Desktop/listens_20180309/completed_listens/file5e57ed5c124.wav	file5e57ed5c124.wav	111.861	4997.9	7382.7	WCSP	
153	Spectrogram 1	1	112.660	112.660258051	112.846702175	0.186	5156.2	6656.2	5906.2	32.6	48.5	58.6	112.660	/Users/mary/Desktop/listens_20180309/completed_listens/file5e57ed5c124.wav	file5e57ed5c124.wav	112.660	4845.7	6976.7	WCSP	
154	Spectrogram 1	1	113.442	113.441547713	113.636870129	0.195	5625.0	6843.8	6375.0	34.9	50.4	60.9	113.442	/Users/mary/Desktop/listens_20180309/completed_listens/file5e57ed5c124.wav	file5e57ed5c124.wav	113.442	5226.2	7255.8	WCSP	
155	Spectrogram 1	1	114.276	114.276107125	114.418159791	0.142	5437.5	6843.8	6281.2	31.3	45.1	56.1	114.276	/Users/mary/Desktop/listens_20180309/completed_listens/file5e57ed5c124.wav	file5e57ed5c124.wav	114.276	5226.2	7255.8	WCSP	
156	Spectrogram 1	1	115.244	115.243840910	115.394771868	0.151	5531.2	7031.2	6468.8	33.5	47.3	58.8	115.244	/Users/mary/Desktop/listens_20180309/completed_listens/file5e57ed5c124.wav	file5e57ed5c124.wav	115.244	5074.0	7331.9	WCSP	
157	Spectrogram 1	1	116.105	116.105035197	117.028377524	0.923	5250.0	7031.2	6187.5	30.8	49.0	64.3	116.105	/Users/mary/Desktop/listens_20180309/completed_listens/file5e57ed5c124.wav	file5e57ed5c124.wav	116.105	4896.4	7331.9	WCSP	
158	Spectrogram 1	1	117.472	117.472292105	117.818545478	0.346	5437.5	7031.2	6281.2	31.6	47.1	60.7	117.472	/Users/mary/Desktop/listens_20180309/completed_listens/file5e57ed5c124.wav	file5e57ed5c124.wav	117.472	5023.3	7331.9	WCSP	
159	Spectrogram 1	1	117.978	117.978354727	118.147042267	0.169	5437.5	7031.2	6468.8	33.0	47.8	59.2	117.978	/Users/mary/Desktop/listens_20180309/completed_listens/file5e57ed5c124.wav	file5e57ed5c124.wav	117.978	5023.3	7484.1	WCSP	
160	Spectrogram 1	1	118.626	118.626470015	118.839549013	0.213	5437.5	7031.2	6468.8	31.2	46.9	57.8	118.626	/Users/mary/Desktop/listens_20180309/completed_listens/file5e57ed5c124.wav	file5e57ed5c124.wav	118.626	5124.7	7306.6	WCSP	
