Selection	View	Channel	Begin Clock Time	Begin Time (s)	End Time (s)	Delta Time (s)	Freq 5% (Hz)	Freq 95% (Hz)	Center Freq (Hz)	Avg Power (dB)	Max Power (dB)	Energy (dB)	Begin Date Time	Begin Path	Begin File	File Offset (s)	Low Freq (Hz)	High Freq (Hz)	ID	NOTES
1	Spectrogram 1	1	2.172	2.171570638	3.167664137	0.996	3281.2	4312.5	3750.0	29.0	40.7	60.1	2.172	/Users/mary/Desktop/listens_20180309/completed_listens/file5e574ce68201.wav	file5e574ce68201.wav	2.172	3107.4	4429.8	ROWR	
2	Spectrogram 1	1	2.699	2.698736279	2.884283107	0.186	6656.2	8062.5	7218.8	28.6	40.3	53.5	2.699	/Users/mary/Desktop/listens_20180309/completed_listens/file5e574ce68201.wav	file5e574ce68201.wav	2.699	6512.4	8198.3	WCSP	extremely high pitchd
3	Spectrogram 1	1	4.881	4.881253192	5.057034398	0.176	6093.8	7875.0	7125.0	28.1	40.0	53.7	4.881	/Users/mary/Desktop/listens_20180309/completed_listens/file5e574ce68201.wav	file5e574ce68201.wav	4.881	5983.5	8000.0	WCSP	
4	Spectrogram 1	1	5.453	5.453393992	5.648706443	0.195	6093.8	7781.2	7125.0	27.3	38.2	53.1	5.453	/Users/mary/Desktop/listens_20180309/completed_listens/file5e574ce68201.wav	file5e574ce68201.wav	5.453	5917.4	7966.9	WCSP	
5	Spectrogram 1	1	6.000	6.000268854	6.176050060	0.176	6281.2	7781.2	7031.2	28.1	41.5	52.8	6.000	/Users/mary/Desktop/listens_20180309/completed_listens/file5e574ce68201.wav	file5e574ce68201.wav	6.000	6115.7	7834.7	WCSP	
6	Spectrogram 1	1	6.762	6.761987412	6.888940505	0.127	6375.0	7500.0	6843.8	27.9	40.2	50.2	6.762	/Users/mary/Desktop/listens_20180309/completed_listens/file5e574ce68201.wav	file5e574ce68201.wav	6.762	6214.9	7570.2	WCSP	
7	Spectrogram 1	1	7.494	7.494409103	7.963158985	0.469	5906.2	7781.2	6937.5	27.0	39.8	57.1	7.494	/Users/mary/Desktop/listens_20180309/completed_listens/file5e574ce68201.wav	file5e574ce68201.wav	7.494	5719.0	7933.9	WCSP	
8	Spectrogram 1	1	10.050	10.049550070	11.807362127	1.758	6562.5	8062.5	7218.8	27.3	40.8	62.0	10.050	/Users/mary/Desktop/listens_20180309/completed_listens/file5e574ce68201.wav	file5e574ce68201.wav	10.050	6413.2	8132.2	WCSP	
9	Spectrogram 1	1	10.235	10.235096898	11.231190397	0.996	2906.2	4125.0	3468.8	26.9	39.0	58.0	10.235	/Users/mary/Desktop/listens_20180309/completed_listens/file5e574ce68201.wav	file5e574ce68201.wav	10.235	2843.0	4132.2	ROWR	
10	Spectrogram 1	1	15.607	15.607289432	16.661976666	1.055	3093.8	4312.5	3750.0	27.5	39.6	59.5	15.607	/Users/mary/Desktop/listens_20180309/completed_listens/file5e574ce68201.wav	file5e574ce68201.wav	15.607	2942.1	4429.8	ROWR	
11	Spectrogram 1	1	14.240	14.240102276	14.845570874	0.605	6281.2	7968.8	7218.8	28.2	42.0	58.9	14.240	/Users/mary/Desktop/listens_20180309/completed_listens/file5e574ce68201.wav	file5e574ce68201.wav	14.240	6115.7	8132.2	WCSP	
12	Spectrogram 1	1	15.373	15.372914491	15.538930074	0.166	6187.5	8062.5	7312.5	27.7	37.3	53.3	15.373	/Users/mary/Desktop/listens_20180309/completed_listens/file5e574ce68201.wav	file5e574ce68201.wav	15.373	6082.6	8231.4	WCSP	
13	Spectrogram 1	1	16.017	16.017445578	16.183461162	0.166	6187.5	7968.8	7218.8	28.0	38.7	53.3	16.017	/Users/mary/Desktop/listens_20180309/completed_listens/file5e574ce68201.wav	file5e574ce68201.wav	16.017	6049.6	8132.2	WCSP	
14	Spectrogram 1	1	17.639	17.638538920	17.794788881	0.156	6562.5	7875.0	7218.8	28.4	41.0	52.3	17.639	/Users/mary/Desktop/listens_20180309/completed_listens/file5e574ce68201.wav	file5e574ce68201.wav	17.639	6413.2	8000.0	WCSP	
15	Spectrogram 1	1	19.221	19.220569771	19.367054110	0.146	6375.0	8156.2	7218.8	28.6	39.9	53.5	19.221	/Users/mary/Desktop/listens_20180309/completed_listens/file5e574ce68201.wav	file5e574ce68201.wav	19.221	6281.0	8264.5	WCSP	
16	Spectrogram 1	1	19.924	19.923694594	20.031116442	0.107	6093.8	7968.8	7031.2	28.5	39.2	52.3	19.924	/Users/mary/Desktop/listens_20180309/completed_listens/file5e574ce68201.wav	file5e574ce68201.wav	19.924	5950.4	8165.3	WCSP	
17	Spectrogram 1	1	20.598	20.597522549	20.802600623	0.205	6281.2	8250.0	7312.5	28.4	38.9	55.0	20.598	/Users/mary/Desktop/listens_20180309/completed_listens/file5e574ce68201.wav	file5e574ce68201.wav	20.598	6148.8	8396.7	WCSP	
18	Spectrogram 1	1	21.281	21.281116127	21.476428578	0.195	6281.2	8156.2	7312.5	30.4	43.8	57.0	21.281	/Users/mary/Desktop/listens_20180309/completed_listens/file5e574ce68201.wav	file5e574ce68201.wav	21.281	6016.5	8363.6	WCSP	
19	Spectrogram 1	1	21.974	21.974475328	22.140490911	0.166	6000.0	8156.2	7125.0	30.3	42.5	56.7	21.974	/Users/mary/Desktop/listens_20180309/completed_listens/file5e574ce68201.wav	file5e574ce68201.wav	21.974	5785.1	8363.6	WCSP	
20	Spectrogram 1	1	19.914	19.913928972	21.124866167	1.211	3000.0	4218.8	3750.0	28.8	44.5	61.4	19.914	/Users/mary/Desktop/listens_20180309/completed_listens/file5e574ce68201.wav	file5e574ce68201.wav	19.914	2843.0	4330.6	ROWR	
21	Spectrogram 1	1	22.797	22.796967061	22.992279512	0.195	5718.8	7968.8	7125.0	31.5	45.8	59.1	22.797	/Users/mary/Desktop/listens_20180309/completed_listens/file5e574ce68201.wav	file5e574ce68201.wav	22.797	5322.3	8231.4	WCSP	
22	Spectrogram 1	1	23.383	23.382904414	23.529388752	0.146	6000.0	7968.8	7218.8	30.2	42.8	55.7	23.383	/Users/mary/Desktop/listens_20180309/completed_listens/file5e574ce68201.wav	file5e574ce68201.wav	23.383	5686.0	8132.2	WCSP	
23	Spectrogram 1	1	23.734	23.734466825	23.890716786	0.156	6000.0	7687.5	7031.2	30.0	40.7	55.0	23.734	/Users/mary/Desktop/listens_20180309/completed_listens/file5e574ce68201.wav	file5e574ce68201.wav	23.734	5719.0	7867.8	WCSP	
24	Spectrogram 1	1	24.281	24.281341687	26.029388122	1.748	6093.8	7968.8	6843.8	28.9	50.2	65.0	24.281	/Users/mary/Desktop/listens_20180309/completed_listens/file5e574ce68201.wav	file5e574ce68201.wav	24.281	5818.2	8165.3	WCSP	
25	Spectrogram 1	1	27.074	27.074309734	27.240325317	0.166	6281.2	7687.5	6937.5	30.3	44.8	55.2	27.074	/Users/mary/Desktop/listens_20180309/completed_listens/file5e574ce68201.wav	file5e574ce68201.wav	27.074	6049.6	7900.8	WCSP	
26	Spectrogram 1	1	28.500	28.500090624	28.695403075	0.195	6656.2	7781.2	7218.8	29.6	40.8	54.0	28.500	/Users/mary/Desktop/listens_20180309/completed_listens/file5e574ce68201.wav	file5e574ce68201.wav	28.500	6545.5	7900.8	WCSP	
27	Spectrogram 1	1	32.226	32.225753629	32.826518028	0.601	6000.0	8250.0	7218.8	28.3	43.0	60.1	32.226	/Users/mary/Desktop/listens_20180309/completed_listens/file5e574ce68201.wav	file5e574ce68201.wav	32.226	5851.2	8396.7	WCSP	
28	Spectrogram 1	1	33.400	33.399661075	33.579199861	0.180	6093.8	8062.5	7312.5	28.9	39.5	55.0	33.400	/Users/mary/Desktop/listens_20180309/completed_listens/file5e574ce68201.wav	file5e574ce68201.wav	33.400	5983.5	8198.3	WCSP	
29	Spectrogram 1	1	33.911	33.910656081	34.835971363	0.925	6281.2	8156.2	7218.8	27.5	40.8	60.5	33.911	/Users/mary/Desktop/listens_20180309/completed_listens/file5e574ce68201.wav	file5e574ce68201.wav	33.911	6148.8	8330.6	WCSP	
30	Spectrogram 1	1	35.259	35.258620086	36.384190167	1.126	3000.0	4031.2	3562.5	30.0	45.1	62.0	35.259	/Users/mary/Desktop/listens_20180309/completed_listens/file5e574ce68201.wav	file5e574ce68201.wav	35.259	2809.9	4132.2	ROWR	
31	Spectrogram 1	1	36.260	36.259894085	36.356568815	0.097	6750.0	7968.8	7218.8	29.9	41.8	51.5	36.260	/Users/mary/Desktop/listens_20180309/completed_listens/file5e574ce68201.wav	file5e574ce68201.wav	36.260	6578.5	8099.2	WCSP	
32	Spectrogram 1	1	41.478	41.478166169	42.603736250	1.126	3000.0	4031.2	3562.5	30.0	43.8	61.7	41.478	/Users/mary/Desktop/listens_20180309/completed_listens/file5e574ce68201.wav	file5e574ce68201.wav	41.478	2876.0	4132.2	ROWR	
33	Spectrogram 1	1	45.939	45.939440939	47.251455144	1.312	3093.8	4125.0	3562.5	29.7	43.6	62.0	45.939	/Users/mary/Desktop/listens_20180309/completed_listens/file5e574ce68201.wav	file5e574ce68201.wav	45.939	2942.1	4297.5	ROWR	
34	Spectrogram 1	1	50.809	50.808824771	52.024164245	1.215	2812.5	4125.0	3281.2	30.2	47.7	63.5	50.809	/Users/mary/Desktop/listens_20180309/completed_listens/file5e574ce68201.wav	file5e574ce68201.wav	50.809	2578.5	4363.6	ROWR	
35	Spectrogram 1	1	50.540	50.539516592	50.663812675	0.124	6281.2	7593.8	6937.5	28.7	39.7	51.6	50.540	/Users/mary/Desktop/listens_20180309/completed_listens/file5e574ce68201.wav	file5e574ce68201.wav	50.540	6115.7	7735.5	WCSP	
36	Spectrogram 1	1	52.024	52.024164245	52.231324383	0.207	6281.2	7875.0	7218.8	29.8	43.7	55.7	52.024	/Users/mary/Desktop/listens_20180309/completed_listens/file5e574ce68201.wav	file5e574ce68201.wav	52.024	6115.7	8033.1	WCSP	
37	Spectrogram 1	1	55.760	55.760289055	56.961817854	1.202	3187.5	4031.2	3656.2	32.2	48.1	63.9	55.760	/Users/mary/Desktop/listens_20180309/completed_listens/file5e574ce68201.wav	file5e574ce68201.wav	55.760	2975.2	4198.3	ROWR	
38	Spectrogram 1	1	56.987	56.986610970	57.097096377	0.110	5156.2	5906.2	5437.5	39.8	55.2	61.8	56.987	/Users/mary/Desktop/listens_20180309/completed_listens/file5e574ce68201.wav	file5e574ce68201.wav	56.987	4760.3	6181.8	WCSP	
39	Spectrogram 1	1	58.250	58.250287809	58.374583892	0.124	5437.5	6093.8	5625.0	36.8	51.5	59.6	58.250	/Users/mary/Desktop/listens_20180309/completed_listens/file5e574ce68201.wav	file5e574ce68201.wav	58.250	5090.9	6644.6	WCSP	
40	Spectrogram 1	1	59.507	59.507059311	59.617544718	0.110	5343.8	6093.8	5531.2	38.0	54.5	61.5	59.507	/Users/mary/Desktop/listens_20180309/completed_listens/file5e574ce68201.wav	file5e574ce68201.wav	59.507	4661.2	6644.6	WCSP	
41	Spectrogram 1	1	60.173	60.172778978	61.360497100	1.188	2906.2	3750.0	3281.2	33.5	54.3	65.7	60.173	/Users/mary/Desktop/listens_20180309/completed_listens/file5e574ce68201.wav	file5e574ce68201.wav	60.173	2710.7	4033.1	ROWR	
42	Spectrogram 1	1	61.430	61.429550479	61.540035886	0.110	4968.8	6281.2	5437.5	29.8	41.7	52.1	61.430	/Users/mary/Desktop/listens_20180309/completed_listens/file5e574ce68201.wav	file5e574ce68201.wav	61.430	4793.4	6413.2	WCSP	
43	Spectrogram 1	1	63.170	63.169695635	63.307802393	0.138	4875.0	6093.8	5437.5	31.0	44.8	54.7	63.170	/Users/mary/Desktop/listens_20180309/completed_listens/file5e574ce68201.wav	file5e574ce68201.wav	63.170	4760.3	6413.2	WCSP	
44	Spectrogram 1	1	64.399	64.398845785	64.516236529	0.117	4968.8	6281.2	5531.2	29.6	42.7	52.3	64.399	/Users/mary/Desktop/listens_20180309/completed_listens/file5e574ce68201.wav	file5e574ce68201.wav	64.399	4793.4	6413.2	WCSP	
46	Spectrogram 1	1	59.880	59.880116642	59.973338704	0.093	5343.8	6656.2	6000.0	29.6	41.3	51.7	59.880	/Users/mary/Desktop/listens_20180309/completed_listens/file5e574ce68201.wav	file5e574ce68201.wav	59.880	5090.9	6843.0	WCSP	
47	Spectrogram 1	1	60.063	60.063108097	60.142519483	0.079	4968.8	6750.0	5812.5	28.6	39.1	51.0	60.063	/Users/mary/Desktop/listens_20180309/completed_listens/file5e574ce68201.wav	file5e574ce68201.wav	60.063	4727.3	6909.1	WCSP	
48	Spectrogram 1	1	67.009	67.009348301	67.071496342	0.062	4875.0	5812.5	5250.0	31.1	40.7	50.0	67.009	/Users/mary/Desktop/listens_20180309/completed_listens/file5e574ce68201.wav	file5e574ce68201.wav	67.009	4727.3	6016.5	WCSP	
49	Spectrogram 1	1	69.159	69.159126049	70.371012854	1.212	2812.5	5062.5	3562.5	29.6	48.9	65.0	69.159	/Users/mary/Desktop/listens_20180309/completed_listens/file5e574ce68201.wav	file5e574ce68201.wav	69.159	2512.4	5256.2	ROWR	
50	Spectrogram 1	1	74.713	74.713020731	74.778621441	0.066	4687.5	5718.8	5062.5	33.3	44.9	53.4	74.713	/Users/mary/Desktop/listens_20180309/completed_listens/file5e574ce68201.wav	file5e574ce68201.wav	74.713	4495.9	6016.5	WCSP	
51	Spectrogram 1	1	75.038	75.037571613	76.332322473	1.295	3187.5	4218.8	3562.5	33.2	48.8	66.4	75.038	/Users/mary/Desktop/listens_20180309/completed_listens/file5e574ce68201.wav	file5e574ce68201.wav	75.038	2876.0	4462.8	ROWR	
52	Spectrogram 1	1	78.253	78.252590431	78.521898610	0.269	3937.5	5531.2	4593.8	27.5	39.4	54.5	78.253	/Users/mary/Desktop/listens_20180309/completed_listens/file5e574ce68201.wav	file5e574ce68201.wav	78.253	3834.7	5652.9	ROWR	
53	Spectrogram 1	1	81.972	81.971820171	82.047778888	0.076	4968.8	5906.2	5250.0	29.5	40.5	49.1	81.972	/Users/mary/Desktop/listens_20180309/completed_listens/file5e574ce68201.wav	file5e574ce68201.wav	81.972	4793.4	6016.5	WCSP	
54	Spectrogram 1	1	82.932	82.931662142	83.014526197	0.083	3468.8	6000.0	5062.5	30.3	42.4	54.6	82.932	/Users/mary/Desktop/listens_20180309/completed_listens/file5e574ce68201.wav	file5e574ce68201.wav	82.932	3074.4	6214.9	WCSP	
55	Spectrogram 1	1	85.165	85.165021785	85.240980503	0.076	5156.2	5718.8	5343.8	39.9	52.7	61.1	85.165	/Users/mary/Desktop/listens_20180309/completed_listens/file5e574ce68201.wav	file5e574ce68201.wav	85.165	4528.9	6314.0	WCSP	
56	Spectrogram 1	1	85.821	85.821028888	85.900440274	0.079	4593.8	6093.8	5531.2	33.9	47.3	57.5	85.821	/Users/mary/Desktop/listens_20180309/completed_listens/file5e574ce68201.wav	file5e574ce68201.wav	85.821	3867.8	6710.7	WCSP	
57	Spectrogram 1	1	86.736	86.735986162	86.811944879	0.076	5062.5	6562.5	5812.5	35.2	49.5	59.1	86.736	/Users/mary/Desktop/listens_20180309/completed_listens/file5e574ce68201.wav	file5e574ce68201.wav	86.736	4297.5	7338.8	WCSP	
58	Spectrogram 1	1	88.014	88.013791467	89.173888238	1.160	2906.2	3843.8	3468.8	29.3	46.7	60.8	88.014	/Users/mary/Desktop/listens_20180309/completed_listens/file5e574ce68201.wav	file5e574ce68201.wav	88.014	2809.9	4000.0	ROWR	
59	Spectrogram 1	1	91.257	91.257206597	91.340070652	0.083	4968.8	6187.5	5437.5	29.2	39.0	50.6	91.257	/Users/mary/Desktop/listens_20180309/completed_listens/file5e574ce68201.wav	file5e574ce68201.wav	91.257	4826.4	6380.2	WCSP	
60	Spectrogram 1	1	94.322	94.322369518	94.391422897	0.069	5062.5	6000.0	5531.2	33.9	45.2	54.6	94.322	/Users/mary/Desktop/listens_20180309/completed_listens/file5e574ce68201.wav	file5e574ce68201.wav	94.322	4727.3	6413.2	WCSP	
61	Spectrogram 1	1	96.767	96.767169917	96.832770627	0.066	5062.5	6187.5	5625.0	31.5	43.3	51.9	96.767	/Users/mary/Desktop/listens_20180309/completed_listens/file5e574ce68201.wav	file5e574ce68201.wav	96.767	4793.4	6380.2	WCSP	
62	Spectrogram 1	1	100.270	100.269586782	101.478020918	1.208	2906.2	4125.0	3375.0	28.4	46.1	61.0	100.270	/Users/mary/Desktop/listens_20180309/completed_listens/file5e574ce68201.wav	file5e574ce68201.wav	100.270	2743.8	4297.5	ROWR	
63	Spectrogram 1	1	110.836	110.836303756	110.943336493	0.107	4875.0	6000.0	5343.8	27.8	38.0	49.9	110.836	/Users/mary/Desktop/listens_20180309/completed_listens/file5e574ce68201.wav	file5e574ce68201.wav	110.836	4694.2	6247.9	WCSP	
64	Spectrogram 1	1	111.586	111.585532920	112.300235395	0.715	2906.2	3843.8	3187.5	31.5	48.5	61.8	111.586	/Users/mary/Desktop/listens_20180309/completed_listens/file5e574ce68201.wav	file5e574ce68201.wav	111.586	2545.5	4066.1	ROWR	
65	Spectrogram 1	1	115.500	115.500346479	116.764023318	1.264	3187.5	4125.0	3750.0	32.1	46.9	64.8	115.500	/Users/mary/Desktop/listens_20180309/completed_listens/file5e574ce68201.wav	file5e574ce68201.wav	115.500	2876.0	4330.6	ROWR	
66	Spectrogram 1	1	121.668	121.668223782	121.799425202	0.131	6562.5	7500.0	7125.0	30.4	39.1	52.5	121.668	/Users/mary/Desktop/listens_20180309/completed_listens/file5e574ce68201.wav	file5e574ce68201.wav	121.668	6380.2	7636.4	WCSP	
67	Spectrogram 1	1	121.617	121.617378065	121.700242120	0.083	3000.0	3843.8	3468.8	28.5	37.9	47.3	121.617	/Users/mary/Desktop/listens_20180309/completed_listens/file5e574ce68201.wav	file5e574ce68201.wav	121.617	2909.1	3933.9	ROWR	
68	Spectrogram 1	1	122.075	122.075165573	122.240893683	0.166	3000.0	4031.2	3468.8	29.2	44.9	52.6	122.075	/Users/mary/Desktop/listens_20180309/completed_listens/file5e574ce68201.wav	file5e574ce68201.wav	122.075	2876.0	4132.2	ROWR	
69	Spectrogram 1	1	122.607	122.606876593	122.751888689	0.145	3093.8	4031.2	3656.2	29.5	44.6	51.6	122.607	/Users/mary/Desktop/listens_20180309/completed_listens/file5e574ce68201.wav	file5e574ce68201.wav	122.607	3041.3	4198.3	ROWR	
70	Spectrogram 1	1	129.962	129.962424529	130.152321322	0.190	2906.2	3937.5	3281.2	28.6	38.9	52.6	129.962	/Users/mary/Desktop/listens_20180309/completed_listens/file5e574ce68201.wav	file5e574ce68201.wav	129.962	2743.8	4033.1	ROWR	
71	Spectrogram 1	1	133.970	133.969806444	135.198956594	1.229	2812.5	4031.2	3281.2	27.0	41.2	59.4	133.970	/Users/mary/Desktop/listens_20180309/completed_listens/file5e574ce68201.wav	file5e574ce68201.wav	133.970	2710.7	4033.1	ROWR	
72	Spectrogram 1	1	136.086	136.086292517	136.138082551	0.052	4218.8	5531.2	5062.5	33.1	43.4	53.1	136.086	/Users/mary/Desktop/listens_20180309/completed_listens/file5e574ce68201.wav	file5e574ce68201.wav	136.086	3768.6	5851.2	WCSP	
73	Spectrogram 1	1	138.679	138.678508057	139.810983476	1.132	3000.0	4125.0	3656.2	28.9	43.3	61.0	138.679	/Users/mary/Desktop/listens_20180309/completed_listens/file5e574ce68201.wav	file5e574ce68201.wav	138.679	2876.0	4231.4	ROWR	
74	Spectrogram 1	1	142.687	142.687499895	143.343506998	0.656	3000.0	4125.0	3468.8	27.7	42.8	57.4	142.687	/Users/mary/Desktop/listens_20180309/completed_listens/file5e574ce68201.wav	file5e574ce68201.wav	142.687	2843.0	4231.4	ROWR	
75	Spectrogram 1	1	144.219	144.219121631	144.633441906	0.414	4875.0	6375.0	5625.0	28.2	42.6	56.9	144.219	/Users/mary/Desktop/listens_20180309/completed_listens/file5e574ce68201.wav	file5e574ce68201.wav	144.219	4760.3	6545.5	WCSP	
76	Spectrogram 1	1	146.398	146.398316044	147.030154464	0.632	2062.5	5531.2	3281.2	29.8	49.5	64.2	146.398	/Users/mary/Desktop/listens_20180309/completed_listens/file5e574ce68201.wav	file5e574ce68201.wav	146.398	1686.0	5983.5	PIKA	
77	Spectrogram 1	1	147.587	147.587308174	147.663266891	0.076	5250.0	6000.0	5625.0	30.2	40.2	48.6	147.587	/Users/mary/Desktop/listens_20180309/completed_listens/file5e574ce68201.wav	file5e574ce68201.wav	147.587	5124.0	6049.6	WCSP	
78	Spectrogram 1	1	148.171	148.170809228	149.292926640	1.122	3281.2	4031.2	3843.8	31.7	45.0	63.1	148.171	/Users/mary/Desktop/listens_20180309/completed_listens/file5e574ce68201.wav	file5e574ce68201.wav	148.171	3041.3	4297.5	ROWR	
79	Spectrogram 1	1	149.500	149.500086778	149.579498164	0.079	4968.8	6093.8	5625.0	35.4	47.6	57.6	149.500	/Users/mary/Desktop/listens_20180309/completed_listens/file5e574ce68201.wav	file5e574ce68201.wav	149.500	4495.9	6479.3	WCSP	
80	Spectrogram 1	1	148.523	148.522981462	148.626561531	0.104	5156.2	6562.5	5625.0	29.3	41.7	51.6	148.523	/Users/mary/Desktop/listens_20180309/completed_listens/file5e574ce68201.wav	file5e574ce68201.wav	148.523	4991.7	6743.8	WCSP	
81	Spectrogram 1	1	152.167	152.167131998	152.232732708	0.066	4500.0	5812.5	5250.0	35.7	50.4	58.2	152.167	/Users/mary/Desktop/listens_20180309/completed_listens/file5e574ce68201.wav	file5e574ce68201.wav	152.167	3768.6	6578.5	WCSP	
82	Spectrogram 1	1	152.820	152.819686431	153.013035893	0.193	4875.0	6750.0	5812.5	31.6	47.1	58.6	152.820	/Users/mary/Desktop/listens_20180309/completed_listens/file5e574ce68201.wav	file5e574ce68201.wav	152.820	4462.8	7041.3	WCSP	
83	Spectrogram 1	1	151.231	151.231458710	151.352302123	0.121	2343.8	4687.5	3375.0	32.7	46.8	58.3	151.231	/Users/mary/Desktop/listens_20180309/completed_listens/file5e574ce68201.wav	file5e574ce68201.wav	151.231	2115.7	5090.9	PIKA	
84	Spectrogram 1	1	151.566	151.566367599	151.690663681	0.124	2343.8	4875.0	3562.5	32.5	48.6	59.2	151.566	/Users/mary/Desktop/listens_20180309/completed_listens/file5e574ce68201.wav	file5e574ce68201.wav	151.566	1950.4	5586.8	PIKA	
85	Spectrogram 1	1	151.915	151.915087164	152.053193922	0.138	2250.0	4687.5	3562.5	32.5	48.6	59.3	151.915	/Users/mary/Desktop/listens_20180309/completed_listens/file5e574ce68201.wav	file5e574ce68201.wav	151.915	1851.2	5355.4	PIKA	
86	Spectrogram 1	1	152.305	152.305238756	152.429534839	0.124	2250.0	4687.5	3468.8	33.7	48.6	60.2	152.305	/Users/mary/Desktop/listens_20180309/completed_listens/file5e574ce68201.wav	file5e574ce68201.wav	152.305	1917.4	5586.8	PIKA	
87	Spectrogram 1	1	152.726	152.726464369	152.871476466	0.145	2250.0	5250.0	3187.5	33.3	48.4	60.2	152.726	/Users/mary/Desktop/listens_20180309/completed_listens/file5e574ce68201.wav	file5e574ce68201.wav	152.726	1983.5	5355.4	PIKA	
88	Spectrogram 1	1	153.196	153.196027348	153.299607417	0.104	2250.0	5343.8	3375.0	33.3	46.5	59.4	153.196	/Users/mary/Desktop/listens_20180309/completed_listens/file5e574ce68201.wav	file5e574ce68201.wav	153.196	2016.5	6049.6	PIKA	
89	Spectrogram 1	1	153.649	153.649048954	153.787155712	0.138	2250.0	5250.0	3562.5	32.8	49.3	60.4	153.649	/Users/mary/Desktop/listens_20180309/completed_listens/file5e574ce68201.wav	file5e574ce68201.wav	153.649	2082.6	6347.1	PIKA	
90	Spectrogram 1	1	154.191	154.191117980	154.343035415	0.152	2343.8	5531.2	3468.8	33.3	48.9	61.2	154.191	/Users/mary/Desktop/listens_20180309/completed_listens/file5e574ce68201.wav	file5e574ce68201.wav	154.191	2148.8	6115.7	PIKA	
91	Spectrogram 1	1	154.699	154.698660317	154.812598393	0.114	2250.0	4593.8	3281.2	34.8	47.8	61.0	154.699	/Users/mary/Desktop/listens_20180309/completed_listens/file5e574ce68201.wav	file5e574ce68201.wav	154.699	1983.5	5752.1	PIKA	
92	Spectrogram 1	1	155.261	155.261445358	155.575638233	0.314	2250.0	6187.5	3562.5	32.2	51.2	64.1	155.261	/Users/mary/Desktop/listens_20180309/completed_listens/file5e574ce68201.wav	file5e574ce68201.wav	155.261	1917.4	6876.0	PIKA	
93	Spectrogram 1	1	155.943	155.943437180	156.181671338	0.238	2437.5	6468.8	3468.8	33.5	53.0	64.7	155.943	/Users/mary/Desktop/listens_20180309/completed_listens/file5e574ce68201.wav	file5e574ce68201.wav	155.943	1950.4	7338.8	PIKA	
94	Spectrogram 1	1	156.620	156.620160296	156.865299792	0.245	2250.0	6843.8	3562.5	32.7	49.9	64.4	156.620	/Users/mary/Desktop/listens_20180309/completed_listens/file5e574ce68201.wav	file5e574ce68201.wav	156.620	1785.1	7933.9	PIKA	
95	Spectrogram 1	1	157.345	157.345220778	157.597265612	0.252	2250.0	6281.2	3468.8	32.9	52.0	64.5	157.345	/Users/mary/Desktop/listens_20180309/completed_listens/file5e574ce68201.wav	file5e574ce68201.wav	157.345	1586.8	7405.0	PIKA	
96	Spectrogram 1	1	157.879	157.879472798	158.193665674	0.314	6093.8	7125.0	6562.5	32.1	45.1	58.5	157.879	/Users/mary/Desktop/listens_20180309/completed_listens/file5e574ce68201.wav	file5e574ce68201.wav	157.879	5917.4	7371.9	WCSP	
97	Spectrogram 1	1	158.135	158.134970301	158.373204460	0.238	2343.8	4687.5	3375.0	33.8	49.7	63.2	158.135	/Users/mary/Desktop/listens_20180309/completed_listens/file5e574ce68201.wav	file5e574ce68201.wav	158.135	1917.4	5652.9	PIKA	
99	Spectrogram 1	1	158.981	158.980874197	159.232919031	0.252	2250.0	5250.0	3468.8	32.2	47.9	62.7	158.981	/Users/mary/Desktop/listens_20180309/completed_listens/file5e574ce68201.wav	file5e574ce68201.wav	158.981	1818.2	6115.7	PIKA	
100	Spectrogram 1	1	159.872	159.871662788	160.140970967	0.269	2343.8	4500.0	3468.8	33.9	51.0	63.7	159.872	/Users/mary/Desktop/listens_20180309/completed_listens/file5e574ce68201.wav	file5e574ce68201.wav	159.872	1917.4	5355.4	PIKA	
101	Spectrogram 1	1	160.214	160.214077733	160.338373815	0.124	6093.8	7500.0	6937.5	32.6	45.1	56.4	160.214	/Users/mary/Desktop/listens_20180309/completed_listens/file5e574ce68201.wav	file5e574ce68201.wav	160.214	5785.1	7735.5	WCSP	
102	Spectrogram 1	1	160.373	160.372900505	160.455764560	0.083	4687.5	5812.5	5250.0	30.9	41.5	52.3	160.373	/Users/mary/Desktop/listens_20180309/completed_listens/file5e574ce68201.wav	file5e574ce68201.wav	160.373	4462.8	6049.6	WCSP	
103	Spectrogram 1	1	160.808	160.807936794	161.056528959	0.249	2343.8	4781.2	3468.8	33.7	49.9	63.5	160.808	/Users/mary/Desktop/listens_20180309/completed_listens/file5e574ce68201.wav	file5e574ce68201.wav	160.808	1983.5	5719.0	PIKA	
104	Spectrogram 1	1	161.844	161.843737482	162.109592992	0.266	2343.8	4687.5	3468.8	33.3	50.7	63.3	161.844	/Users/mary/Desktop/listens_20180309/completed_listens/file5e574ce68201.wav	file5e574ce68201.wav	161.844	1851.2	5619.8	PIKA	
105	Spectrogram 1	1	161.157	161.156656359	161.277499772	0.121	6000.0	7687.5	6843.8	28.8	41.9	52.8	161.157	/Users/mary/Desktop/listens_20180309/completed_listens/file5e574ce68201.wav	file5e574ce68201.wav	161.157	5818.2	7966.9	WCSP	
106	Spectrogram 1	1	162.313	162.312921243	162.713430843	0.401	6281.2	7593.8	6937.5	28.2	40.0	56.2	162.313	/Users/mary/Desktop/listens_20180309/completed_listens/file5e574ce68201.wav	file5e574ce68201.wav	162.313	6181.8	7702.5	WCSP	
107	Spectrogram 1	1	162.593	162.592587429	162.671998815	0.079	4968.8	5718.8	5156.2	33.0	43.5	52.5	162.593	/Users/mary/Desktop/listens_20180309/completed_listens/file5e574ce68201.wav	file5e574ce68201.wav	162.593	4793.4	5950.4	WCSP	
108	Spectrogram 1	1	163.104	163.103582435	163.376343283	0.273	2343.8	5531.2	3562.5	32.9	50.4	63.9	163.104	/Users/mary/Desktop/listens_20180309/completed_listens/file5e574ce68201.wav	file5e574ce68201.wav	163.104	1950.4	6512.4	PIKA	
109	Spectrogram 1	1	164.450	164.450123330	164.722884177	0.273	2343.8	5812.5	3468.8	32.1	48.0	62.8	164.450	/Users/mary/Desktop/listens_20180309/completed_listens/file5e574ce68201.wav	file5e574ce68201.wav	164.450	2115.7	6512.4	PIKA	
110	Spectrogram 1	1	163.725	163.725062848	163.959844337	0.235	4968.8	6562.5	5625.0	30.5	45.7	57.2	163.725	/Users/mary/Desktop/listens_20180309/completed_listens/file5e574ce68201.wav	file5e574ce68201.wav	163.725	4826.4	6809.9	WCSP	
111	Spectrogram 1	1	165.674	165.673831670	165.756695725	0.083	4968.8	6281.2	5343.8	31.2	42.0	53.3	165.674	/Users/mary/Desktop/listens_20180309/completed_listens/file5e574ce68201.wav	file5e574ce68201.wav	165.674	4628.1	6479.3	WCSP	
112	Spectrogram 1	1	166.292	166.291859414	166.443776848	0.152	6093.8	7593.8	6843.8	28.8	39.4	53.5	166.292	/Users/mary/Desktop/listens_20180309/completed_listens/file5e574ce68201.wav	file5e574ce68201.wav	166.292	5884.3	7735.5	WCSP	
113	Spectrogram 1	1	167.134	167.134310640	167.237890709	0.104	5531.2	7125.0	6375.0	29.7	41.2	52.9	167.134	/Users/mary/Desktop/listens_20180309/completed_listens/file5e574ce68201.wav	file5e574ce68201.wav	167.134	5322.3	7305.8	WCSP	
114	Spectrogram 1	1	168.765	168.764699376	169.389632457	0.625	2437.5	5531.2	3656.2	32.7	53.3	67.2	168.765	/Users/mary/Desktop/listens_20180309/completed_listens/file5e574ce68201.wav	file5e574ce68201.wav	168.765	1950.4	6446.3	PIKA	
115	Spectrogram 1	1	169.531	169.531191885	170.221725677	0.691	2625.0	4125.0	3375.0	27.4	44.6	58.2	169.531	/Users/mary/Desktop/listens_20180309/completed_listens/file5e574ce68201.wav	file5e574ce68201.wav	169.531	2479.3	4264.5	ROWR	
116	Spectrogram 1	1	169.738	169.738352022	169.914438139	0.176	6093.8	8062.5	6937.5	28.6	40.0	54.6	169.738	/Users/mary/Desktop/listens_20180309/completed_listens/file5e574ce68201.wav	file5e574ce68201.wav	169.738	5950.4	8231.4	WCSP	
117	Spectrogram 1	1	172.904	172.904198511	172.997420573	0.093	6000.0	7406.2	6562.5	28.2	38.1	50.3	172.904	/Users/mary/Desktop/listens_20180309/completed_listens/file5e574ce68201.wav	file5e574ce68201.wav	172.904	5851.2	7537.2	WCSP	
118	Spectrogram 1	1	174.386	174.386256306	175.404793649	1.019	3000.0	4125.0	3656.2	28.2	42.0	59.7	174.386	/Users/mary/Desktop/listens_20180309/completed_listens/file5e574ce68201.wav	file5e574ce68201.wav	174.386	2843.0	4231.4	ROWR	
119	Spectrogram 1	1	176.151	176.150570145	176.554532413	0.404	2250.0	5718.8	3562.5	33.7	52.7	67.2	176.151	/Users/mary/Desktop/listens_20180309/completed_listens/file5e574ce68201.wav	file5e574ce68201.wav	176.151	1388.4	6975.2	PIKA	
120	Spectrogram 1	1	178.468	178.467528385	178.612540482	0.145	5906.2	7968.8	6937.5	27.9	37.5	53.2	178.468	/Users/mary/Desktop/listens_20180309/completed_listens/file5e574ce68201.wav	file5e574ce68201.wav	178.468	5752.1	8099.2	WCSP	
121	Spectrogram 1	1	178.699	178.698857206	178.933638695	0.235	5812.5	7218.8	6468.8	28.5	37.3	54.5	178.699	/Users/mary/Desktop/listens_20180309/completed_listens/file5e574ce68201.wav	file5e574ce68201.wav	178.699	5686.0	7405.0	WCSP	
122	Spectrogram 1	1	179.151	179.151156840	180.331969624	1.181	2625.0	4125.0	3281.2	27.2	43.3	60.5	179.151	/Users/mary/Desktop/listens_20180309/completed_listens/file5e574ce68201.wav	file5e574ce68201.wav	179.151	2479.3	4231.4	ROWR	
123	Spectrogram 1	1	186.434	186.434438620	186.779705516	0.345	2250.0	5250.0	3468.8	28.3	41.5	59.3	186.434	/Users/mary/Desktop/listens_20180309/completed_listens/file5e574ce68201.wav	file5e574ce68201.wav	186.434	1950.4	5553.7	PIKA	
124	Spectrogram 1	1	192.427	192.427088486	192.551384568	0.124	6656.2	7781.2	7125.0	28.8	36.2	51.2	192.427	/Users/mary/Desktop/listens_20180309/completed_listens/file5e574ce68201.wav	file5e574ce68201.wav	192.427	6479.3	7900.8	WCSP	
125	Spectrogram 1	1	194.399	194.398759776	201.781570416	7.383	2250.0	3750.0	3093.8	27.1	47.3	68.3	194.399	/Users/mary/Desktop/listens_20180309/completed_listens/file5e574ce68201.wav	file5e574ce68201.wav	194.399	2115.7	3900.8	PIKA	
126	Spectrogram 1	1	204.868	204.867507138	212.289380268	7.422	2718.8	4125.0	3468.8	26.8	46.0	67.8	204.868	/Users/mary/Desktop/listens_20180309/completed_listens/file5e574ce68201.wav	file5e574ce68201.wav	204.868	2611.6	4231.4	PIKA	
127	Spectrogram 1	1	202.836	202.836257650	203.461257493	0.625	2531.2	3843.8	3281.2	27.3	39.2	57.0	202.836	/Users/mary/Desktop/listens_20180309/completed_listens/file5e574ce68201.wav	file5e574ce68201.wav	202.836	2446.3	3966.9	PIKA	
128	Spectrogram 1	1	203.852	203.851882394	204.359694766	0.508	2718.8	3937.5	3375.0	27.4	38.9	55.9	203.852	/Users/mary/Desktop/listens_20180309/completed_listens/file5e574ce68201.wav	file5e574ce68201.wav	203.852	2677.7	4099.2	PIKA	
129	Spectrogram 1	1	217.016	217.015941577	217.640941420	0.625	2156.2	3750.0	3281.2	29.1	44.3	59.8	217.016	/Users/mary/Desktop/listens_20180309/completed_listens/file5e574ce68201.wav	file5e574ce68201.wav	217.016	1983.5	3900.8	PIKA	
130	Spectrogram 1	1	217.914	217.914378851	218.617503674	0.703	2250.0	3843.8	3375.0	30.1	47.0	61.3	217.914	/Users/mary/Desktop/listens_20180309/completed_listens/file5e574ce68201.wav	file5e574ce68201.wav	217.914	2148.8	3966.9	PIKA	
131	Spectrogram 1	1	219.360	219.359690987	220.375315731	1.016	2250.0	3750.0	3281.2	28.8	43.7	61.4	219.360	/Users/mary/Desktop/listens_20180309/completed_listens/file5e574ce68201.wav	file5e574ce68201.wav	219.360	2082.6	3933.9	PIKA	
132	Spectrogram 1	1	205.361	205.361420408	206.474701378	1.113	5531.2	7781.2	6750.0	27.0	42.2	61.5	205.361	/Users/mary/Desktop/listens_20180309/completed_listens/file5e574ce68201.wav	file5e574ce68201.wav	205.361	5421.5	7900.8	WCSP	
133	Spectrogram 1	1	202.146	202.146182591	202.478213758	0.332	2250.0	3937.5	3281.2	27.4	39.5	55.3	202.146	/Users/mary/Desktop/listens_20180309/completed_listens/file5e574ce68201.wav	file5e574ce68201.wav	202.146	2247.9	4099.2	PIKA	
134	Spectrogram 1	1	212.982	212.982159335	214.487523002	1.505	6000.0	7593.8	6750.0	28.0	44.9	62.5	212.982	/Users/mary/Desktop/listens_20180309/completed_listens/file5e574ce68201.wav	file5e574ce68201.wav	212.982	5851.2	7735.5	WCSP	
135	Spectrogram 1	1	216.159	216.158614779	217.277279522	1.119	5906.2	7593.8	6656.2	28.1	47.2	61.6	216.159	/Users/mary/Desktop/listens_20180309/completed_listens/file5e574ce68201.wav	file5e574ce68201.wav	216.159	5719.0	7768.6	WCSP	
136	Spectrogram 1	1	225.404	225.404272542	232.240557083	6.836	6468.8	7687.5	7125.0	27.2	42.9	66.8	225.404	/Users/mary/Desktop/listens_20180309/completed_listens/file5e574ce68201.wav	file5e574ce68201.wav	225.404	6380.2	7768.6	WCSP	
137	Spectrogram 1	1	235.486	235.485955608	235.603143079	0.117	5156.2	6000.0	5437.5	38.2	51.8	60.9	235.486	/Users/mary/Desktop/listens_20180309/completed_listens/file5e574ce68201.wav	file5e574ce68201.wav	235.486	4727.3	6347.1	WCSP	
138	Spectrogram 1	1	236.681	236.680903865	236.905513183	0.225	6281.2	7687.5	6937.5	27.6	39.1	53.1	236.681	/Users/mary/Desktop/listens_20180309/completed_listens/file5e574ce68201.wav	file5e574ce68201.wav	236.681	6115.7	7702.5	WCSP	
139	Spectrogram 1	1	237.404	237.403559932	237.579341138	0.176	6281.2	7781.2	7031.2	28.2	37.8	53.2	237.404	/Users/mary/Desktop/listens_20180309/completed_listens/file5e574ce68201.wav	file5e574ce68201.wav	237.404	6181.8	7900.8	WCSP	
140	Spectrogram 1	1	238.322	238.321528451	238.516840902	0.195	6281.2	7406.2	6843.8	27.7	37.2	51.7	238.322	/Users/mary/Desktop/listens_20180309/completed_listens/file5e574ce68201.wav	file5e574ce68201.wav	238.322	6247.9	7537.2	WCSP	
141	Spectrogram 1	1	245.102	245.101653559	245.267669143	0.166	5062.5	6000.0	5531.2	32.7	47.5	56.9	245.102	/Users/mary/Desktop/listens_20180309/completed_listens/file5e574ce68201.wav	file5e574ce68201.wav	245.102	4595.0	6281.0	WCSP	
142	Spectrogram 1	1	245.688	245.687590912	245.814544005	0.127	5343.8	6656.2	5812.5	32.3	45.5	55.9	245.688	/Users/mary/Desktop/listens_20180309/completed_listens/file5e574ce68201.wav	file5e574ce68201.wav	245.688	5124.0	6909.1	WCSP	
143	Spectrogram 1	1	246.908	246.908341286	247.982559765	1.074	4968.8	7218.8	6187.5	28.4	45.0	63.0	246.908	/Users/mary/Desktop/listens_20180309/completed_listens/file5e574ce68201.wav	file5e574ce68201.wav	246.908	4760.3	7438.0	WCSP	
144	Spectrogram 1	1	253.403	253.403002565	254.115893010	0.713	5812.5	7312.5	6468.8	28.1	40.7	59.1	253.403	/Users/mary/Desktop/listens_20180309/completed_listens/file5e574ce68201.wav	file5e574ce68201.wav	253.403	5652.9	7471.1	WCSP	
145	Spectrogram 1	1	256.469	256.469408042	257.397142183	0.928	5812.5	7406.2	6656.2	27.1	40.8	59.5	256.469	/Users/mary/Desktop/listens_20180309/completed_listens/file5e574ce68201.wav	file5e574ce68201.wav	256.469	5686.0	7570.2	WCSP	
146	Spectrogram 1	1	258.383	258.383470060	259.340501069	0.957	5812.5	7593.8	6656.2	28.1	39.8	61.1	258.383	/Users/mary/Desktop/listens_20180309/completed_listens/file5e574ce68201.wav	file5e574ce68201.wav	258.383	5652.9	7702.5	WCSP	
147	Spectrogram 1	1	261.146	261.145643591	263.626111716	2.480	6000.0	7593.8	6750.0	28.9	47.6	65.5	261.146	/Users/mary/Desktop/listens_20180309/completed_listens/file5e574ce68201.wav	file5e574ce68201.wav	261.146	5884.3	7768.6	WCSP	
148	Spectrogram 1	1	264.183	264.182752200	264.465955254	0.283	5906.2	7312.5	6656.2	26.9	36.4	53.7	264.183	/Users/mary/Desktop/listens_20180309/completed_listens/file5e574ce68201.wav	file5e574ce68201.wav	264.183	5785.1	7471.1	WCSP	
149	Spectrogram 1	1	265.189	265.188611322	265.374158150	0.186	6000.0	7406.2	6750.0	32.1	47.0	57.9	265.189	/Users/mary/Desktop/listens_20180309/completed_listens/file5e574ce68201.wav	file5e574ce68201.wav	265.189	5652.9	7702.5	WCSP	
150	Spectrogram 1	1	266.097	266.096814218	266.243298556	0.146	6000.0	7593.8	6750.0	31.9	46.2	56.8	266.097	/Users/mary/Desktop/listens_20180309/completed_listens/file5e574ce68201.wav	file5e574ce68201.wav	266.097	5785.1	7933.9	WCSP	
151	Spectrogram 1	1	266.614	266.614392213	266.799939041	0.186	6093.8	7687.5	6937.5	28.9	42.7	54.2	266.614	/Users/mary/Desktop/listens_20180309/completed_listens/file5e574ce68201.wav	file5e574ce68201.wav	266.614	5917.4	7834.7	WCSP	
152	Spectrogram 1	1	267.353	267.353498062	267.490216778	0.137	5718.8	7500.0	6750.0	27.8	37.5	52.4	267.353	/Users/mary/Desktop/listens_20180309/completed_listens/file5e574ce68201.wav	file5e574ce68201.wav	267.353	5586.8	7603.3	WCSP	
153	Spectrogram 1	1	267.881	267.880841679	268.037091640	0.156	5812.5	7500.0	6750.0	28.5	39.0	53.3	267.881	/Users/mary/Desktop/listens_20180309/completed_listens/file5e574ce68201.wav	file5e574ce68201.wav	267.881	5652.9	7669.4	WCSP	
154	Spectrogram 1	1	268.555	268.554669635	268.720685218	0.166	6000.0	7593.8	6843.8	28.9	40.7	53.6	268.555	/Users/mary/Desktop/listens_20180309/completed_listens/file5e574ce68201.wav	file5e574ce68201.wav	268.555	5917.4	7735.5	WCSP	
155	Spectrogram 1	1	269.141	269.140606987	270.078106751	0.937	5718.8	7593.8	6750.0	29.6	44.3	63.0	269.141	/Users/mary/Desktop/listens_20180309/completed_listens/file5e574ce68201.wav	file5e574ce68201.wav	269.141	5520.7	7801.7	WCSP	
156	Spectrogram 1	1	270.508	270.507794143	270.908184667	0.400	6468.8	7781.2	7125.0	27.0	37.9	54.5	270.508	/Users/mary/Desktop/listens_20180309/completed_listens/file5e574ce68201.wav	file5e574ce68201.wav	270.508	6380.2	7801.7	WCSP	
157	Spectrogram 1	1	275.774	275.774273536	276.789898280	1.016	5625.0	7781.2	6562.5	28.9	44.9	63.2	275.774	/Users/mary/Desktop/listens_20180309/completed_listens/file5e574ce68201.wav	file5e574ce68201.wav	275.774	5421.5	8033.1	WCSP	
158	Spectrogram 1	1	278.265	278.264507283	278.430522866	0.166	6000.0	7687.5	6843.8	27.9	40.1	53.1	278.265	/Users/mary/Desktop/listens_20180309/completed_listens/file5e574ce68201.wav	file5e574ce68201.wav	278.265	5884.3	7834.7	WCSP	
159	Spectrogram 1	1	279.134	279.133647689	279.358257008	0.225	5906.2	7031.2	6562.5	27.6	42.5	52.6	279.134	/Users/mary/Desktop/listens_20180309/completed_listens/file5e574ce68201.wav	file5e574ce68201.wav	279.134	5785.1	7173.6	WCSP	
160	Spectrogram 1	1	279.925	279.924663115	280.080913076	0.156	5812.5	7218.8	6562.5	29.0	40.7	53.3	279.925	/Users/mary/Desktop/listens_20180309/completed_listens/file5e574ce68201.wav	file5e574ce68201.wav	279.925	5652.9	7405.0	WCSP	
161	Spectrogram 1	1	280.686	280.686381673	280.832866011	0.146	5906.2	7218.8	6562.5	27.4	38.6	50.9	280.686	/Users/mary/Desktop/listens_20180309/completed_listens/file5e574ce68201.wav	file5e574ce68201.wav	280.686	5785.1	7272.7	WCSP	
162	Spectrogram 1	1	281.360	281.360209628	281.584818947	0.225	5718.8	7312.5	6468.8	28.5	41.0	54.7	281.360	/Users/mary/Desktop/listens_20180309/completed_listens/file5e574ce68201.wav	file5e574ce68201.wav	281.360	5619.8	7438.0	WCSP	
163	Spectrogram 1	1	283.941	283.941142823	284.146220896	0.205	6281.2	7593.8	7031.2	28.4	39.2	53.6	283.941	/Users/mary/Desktop/listens_20180309/completed_listens/file5e574ce68201.wav	file5e574ce68201.wav	283.941	6115.7	7735.5	WCSP	
164	Spectrogram 1	1	285.201	285.200908131	286.128642272	0.928	6187.5	7593.8	6843.8	29.7	44.2	61.6	285.201	/Users/mary/Desktop/listens_20180309/completed_listens/file5e574ce68201.wav	file5e574ce68201.wav	285.201	6016.5	7702.5	WCSP	
165	Spectrogram 1	1	286.744	286.743876492	287.710673123	0.967	5812.5	7875.0	6656.2	28.3	42.9	61.8	286.744	/Users/mary/Desktop/listens_20180309/completed_listens/file5e574ce68201.wav	file5e574ce68201.wav	286.744	5652.9	8033.1	WCSP	
166	Spectrogram 1	1	289.127	289.126688391	289.331766465	0.205	6000.0	7593.8	6843.8	30.4	46.7	56.6	289.127	/Users/mary/Desktop/listens_20180309/completed_listens/file5e574ce68201.wav	file5e574ce68201.wav	289.127	5752.1	7801.7	WCSP	
167	Spectrogram 1	1	289.731	289.730560228	289.877044566	0.146	6093.8	7593.8	6843.8	30.1	43.9	54.2	289.731	/Users/mary/Desktop/listens_20180309/completed_listens/file5e574ce68201.wav	file5e574ce68201.wav	289.731	5917.4	7702.5	WCSP	
168	Spectrogram 1	1	290.619	290.619231879	290.755950594	0.137	6093.8	7218.8	6656.2	31.5	43.1	54.5	290.619	/Users/mary/Desktop/listens_20180309/completed_listens/file5e574ce68201.wav	file5e574ce68201.wav	290.619	5917.4	7438.0	WCSP	
169	Spectrogram 1	1	291.215	291.214934854	291.302825457	0.088	6093.8	7500.0	6843.8	28.8	38.1	50.7	291.215	/Users/mary/Desktop/listens_20180309/completed_listens/file5e574ce68201.wav	file5e574ce68201.wav	291.215	5983.5	7636.4	WCSP	
170	Spectrogram 1	1	291.586	291.586028510	291.761809716	0.176	6093.8	7500.0	6750.0	28.3	40.2	53.0	291.586	/Users/mary/Desktop/listens_20180309/completed_listens/file5e574ce68201.wav	file5e574ce68201.wav	291.586	5983.5	7603.3	WCSP	
171	Spectrogram 1	1	295.910	295.909504571	296.089043357	0.180	6093.8	7593.8	6843.8	29.9	41.6	54.9	295.910	/Users/mary/Desktop/listens_20180309/completed_listens/file5e574ce68201.wav	file5e574ce68201.wav	295.910	5950.4	7702.5	WCSP	
172	Spectrogram 1	1	296.697	296.696713094	297.097222693	0.401	1687.5	5625.0	3750.0	32.8	54.5	66.0	296.697	/Users/mary/Desktop/listens_20180309/completed_listens/file5e574ce68201.wav	file5e574ce68201.wav	296.697	925.6	6082.6	PIKA	
173	Spectrogram 1	1	298.368	298.367804870	299.445037586	1.077	6093.8	7406.2	6750.0	29.0	43.1	61.4	298.368	/Users/mary/Desktop/listens_20180309/completed_listens/file5e574ce68201.wav	file5e574ce68201.wav	298.368	5950.4	7537.2	WCSP	
174	Spectrogram 1	1	314.223	314.222633110	317.222633110	3.000	1968.8	10968.8	7312.5	26.7	38.6	71.4	314.223	/Users/mary/Desktop/listens_20180309/completed_listens/file5e574ce68201.wav	file5e574ce68201.wav	314.223	1413.0	11220.0	background	1413-11220
175	Spectrogram 1	1	329.071	329.070643138	329.461268039	0.391	5812.5	7218.8	6656.2	28.1	39.7	56.0	329.071	/Users/mary/Desktop/listens_20180309/completed_listens/file5e574ce68201.wav	file5e574ce68201.wav	329.071	5785.1	7371.9	WCSP	
176	Spectrogram 1	1	336.901	336.901200545	337.282059824	0.381	6562.5	7312.5	6937.5	28.1	40.8	53.2	336.901	/Users/mary/Desktop/listens_20180309/completed_listens/file5e574ce68201.wav	file5e574ce68201.wav	336.901	6545.5	7405.0	WCSP	
177	Spectrogram 1	1	343.372	343.371648467	344.172429515	0.801	5812.5	7781.2	6656.2	27.5	40.0	60.0	343.372	/Users/mary/Desktop/listens_20180309/completed_listens/file5e574ce68201.wav	file5e574ce68201.wav	343.372	5652.9	7933.9	WCSP	
178	Spectrogram 1	1	346.272	346.272159253	346.496768571	0.225	6187.5	7687.5	6937.5	27.8	38.2	53.8	346.272	/Users/mary/Desktop/listens_20180309/completed_listens/file5e574ce68201.wav	file5e574ce68201.wav	346.272	6049.6	7867.8	WCSP	
179	Spectrogram 1	1	352.775	352.775120517	352.892511262	0.117	5156.2	6281.2	5812.5	31.4	45.8	53.6	352.775	/Users/mary/Desktop/listens_20180309/completed_listens/file5e574ce68201.wav	file5e574ce68201.wav	352.775	5024.8	6413.2	WCSP	
180	Spectrogram 1	1	356.517	356.517179373	356.620759442	0.104	5531.2	6375.0	5906.2	30.0	42.0	50.8	356.517	/Users/mary/Desktop/listens_20180309/completed_listens/file5e574ce68201.wav	file5e574ce68201.wav	356.517	5355.4	6512.4	WCSP	
181	Spectrogram 1	1	360.060	360.059617726	360.453221988	0.394	6000.0	7406.2	6656.2	27.6	38.4	55.8	360.060	/Users/mary/Desktop/listens_20180309/completed_listens/file5e574ce68201.wav	file5e574ce68201.wav	360.060	5818.2	7537.2	WCSP	
182	Spectrogram 1	1	362.348	362.348365045	362.486471803	0.138	5531.2	6187.5	5812.5	30.3	42.6	51.4	362.348	/Users/mary/Desktop/listens_20180309/completed_listens/file5e574ce68201.wav	file5e574ce68201.wav	362.348	5355.4	6347.1	WCSP	
183	Spectrogram 1	1	369.146	369.146170643	369.224295623	0.078	5343.8	6187.5	5812.5	29.7	39.1	48.5	369.146	/Users/mary/Desktop/listens_20180309/completed_listens/file5e574ce68201.wav	file5e574ce68201.wav	369.146	5289.3	6247.9	WCSP	
184	Spectrogram 1	1	377.262	377.262321717	377.340446697	0.078	5625.0	6375.0	6000.0	28.8	37.8	47.1	377.262	/Users/mary/Desktop/listens_20180309/completed_listens/file5e574ce68201.wav	file5e574ce68201.wav	377.262	5619.8	6446.3	WCSP	
185	Spectrogram 1	1	383.859	383.858764319	383.971068978	0.112	5343.8	6468.8	5812.5	27.7	40.2	49.3	383.859	/Users/mary/Desktop/listens_20180309/completed_listens/file5e574ce68201.wav	file5e574ce68201.wav	383.859	5190.1	6512.4	WCSP	
186	Spectrogram 1	1	390.080	390.079916346	390.145517057	0.066	5343.8	6375.0	5718.8	31.3	44.1	51.4	390.080	/Users/mary/Desktop/listens_20180309/completed_listens/file5e574ce68201.wav	file5e574ce68201.wav	390.080	5124.0	6578.5	WCSP	
187	Spectrogram 1	1	390.249	390.249097126	390.338866518	0.090	5625.0	6656.2	6281.2	31.4	44.4	52.7	390.249	/Users/mary/Desktop/listens_20180309/completed_listens/file5e574ce68201.wav	file5e574ce68201.wav	390.249	5421.5	6876.0	WCSP	
188	Spectrogram 1	1	443.408	443.407748623	443.473349333	0.066	5343.8	6375.0	5812.5	31.7	44.1	51.3	443.408	/Users/mary/Desktop/listens_20180309/completed_listens/file5e574ce68201.wav	file5e574ce68201.wav	443.408	5157.0	6545.5	WCSP	
189	Spectrogram 1	1	446.909	446.909076870	447.050636298	0.142	5343.8	6843.8	6187.5	32.4	46.5	57.5	446.909	/Users/mary/Desktop/listens_20180309/completed_listens/file5e574ce68201.wav	file5e574ce68201.wav	446.909	5024.8	7371.9	WCSP	
190	Spectrogram 1	1	447.451	447.451145897	448.542189288	1.091	5531.2	7593.8	6187.5	30.8	48.9	65.5	447.451	/Users/mary/Desktop/listens_20180309/completed_listens/file5e574ce68201.wav	file5e574ce68201.wav	447.451	5157.0	7966.9	WCSP	
191	Spectrogram 1	1	449.174	449.174027708	450.033742279	0.860	5531.2	7218.8	6093.8	29.9	48.8	62.8	449.174	/Users/mary/Desktop/listens_20180309/completed_listens/file5e574ce68201.wav	file5e574ce68201.wav	449.174	5157.0	7471.1	WCSP	
192	Spectrogram 1	1	450.583	450.583486048	451.425937275	0.842	5625.0	7593.8	6468.8	33.1	54.8	67.3	450.583	/Users/mary/Desktop/listens_20180309/completed_listens/file5e574ce68201.wav	file5e574ce68201.wav	450.583	5057.9	8066.1	WCSP	
193	Spectrogram 1	1	451.726	451.726319474	451.864426233	0.138	5625.0	7875.0	6750.0	31.1	44.3	57.4	451.726	/Users/mary/Desktop/listens_20180309/completed_listens/file5e574ce68201.wav	file5e574ce68201.wav	451.726	5124.0	8198.3	WCSP	
194	Spectrogram 1	1	452.411	452.411343191	452.618503328	0.207	5531.2	7406.2	6562.5	32.0	44.5	59.6	452.411	/Users/mary/Desktop/listens_20180309/completed_listens/file5e574ce68201.wav	file5e574ce68201.wav	452.411	5057.9	7867.8	WCSP	
195	Spectrogram 1	1	452.922	452.922338197	453.074255631	0.152	5531.2	7500.0	6656.2	33.0	46.0	59.8	452.922	/Users/mary/Desktop/listens_20180309/completed_listens/file5e574ce68201.wav	file5e574ce68201.wav	452.922	4892.6	8000.0	WCSP	
196	Spectrogram 1	1	453.489	453.488575906	453.637040671	0.148	5812.5	7406.2	6656.2	36.2	48.8	62.3	453.489	/Users/mary/Desktop/listens_20180309/completed_listens/file5e574ce68201.wav	file5e574ce68201.wav	453.489	5024.8	7834.7	WCSP	
197	Spectrogram 1	1	454.020	454.020286926	454.220541726	0.200	5718.8	7593.8	6656.2	34.2	48.1	61.9	454.020	/Users/mary/Desktop/listens_20180309/completed_listens/file5e574ce68201.wav	file5e574ce68201.wav	454.020	5157.0	8132.2	WCSP	
198	Spectrogram 1	1	454.759	454.759158083	454.924886193	0.166	5531.2	7687.5	6843.8	34.8	48.8	62.2	454.759	/Users/mary/Desktop/listens_20180309/completed_listens/file5e574ce68201.wav	file5e574ce68201.wav	454.759	4892.6	8330.6	WCSP	
199	Spectrogram 1	1	455.457	455.457221647	455.626402426	0.169	5343.8	7593.8	6656.2	32.6	46.1	59.7	455.457	/Users/mary/Desktop/listens_20180309/completed_listens/file5e574ce68201.wav	file5e574ce68201.wav	455.457	4793.4	7933.9	WCSP	
200	Spectrogram 1	1	455.948	455.947500639	456.137397432	0.190	5718.8	7500.0	6750.0	36.1	51.6	63.7	455.948	/Users/mary/Desktop/listens_20180309/completed_listens/file5e574ce68201.wav	file5e574ce68201.wav	455.948	4826.4	7966.9	WCSP	
201	Spectrogram 1	1	456.572	456.572433721	456.738161831	0.166	5250.0	7781.2	6843.8	33.5	48.7	61.3	456.572	/Users/mary/Desktop/listens_20180309/completed_listens/file5e574ce68201.wav	file5e574ce68201.wav	456.572	4396.7	8033.1	WCSP	
202	Spectrogram 1	1	457.077	457.076523389	457.280230858	0.204	5437.5	7406.2	6468.8	34.7	50.7	63.4	457.077	/Users/mary/Desktop/listens_20180309/completed_listens/file5e574ce68201.wav	file5e574ce68201.wav	457.077	4595.0	8198.3	WCSP	
203	Spectrogram 1	1	457.539	457.539181030	457.673835119	0.135	5437.5	7968.8	6843.8	30.6	42.5	56.6	457.539	/Users/mary/Desktop/listens_20180309/completed_listens/file5e574ce68201.wav	file5e574ce68201.wav	457.539	5157.0	8198.3	WCSP	
204	Spectrogram 1	1	458.244	458.243525498	458.416158946	0.173	5437.5	7593.8	6093.8	31.7	47.0	59.0	458.244	/Users/mary/Desktop/listens_20180309/completed_listens/file5e574ce68201.wav	file5e574ce68201.wav	458.244	4958.7	7933.9	WCSP	
205	Spectrogram 1	1	458.906	458.905775794	459.071503904	0.166	5437.5	7593.8	6281.2	29.5	42.4	56.2	458.906	/Users/mary/Desktop/listens_20180309/completed_listens/file5e574ce68201.wav	file5e574ce68201.wav	458.906	5090.9	7900.8	WCSP	
206	Spectrogram 1	1	459.403	459.402960124	459.903597123	0.501	5250.0	7500.0	6562.5	31.0	45.7	62.8	459.403	/Users/mary/Desktop/listens_20180309/completed_listens/file5e574ce68201.wav	file5e574ce68201.wav	459.403	4727.3	7801.7	WCSP	
207	Spectrogram 1	1	460.556	460.556151557	460.960113825	0.404	5343.8	7687.5	6468.8	31.7	48.1	63.0	460.556	/Users/mary/Desktop/listens_20180309/completed_listens/file5e574ce68201.wav	file5e574ce68201.wav	460.556	4859.5	8099.2	WCSP	
208	Spectrogram 1	1	461.635	461.635165849	461.787083283	0.152	5250.0	7312.5	6468.8	30.4	44.7	56.7	461.635	/Users/mary/Desktop/listens_20180309/completed_listens/file5e574ce68201.wav	file5e574ce68201.wav	461.635	4826.4	7504.1	WCSP	
209	Spectrogram 1	1	462.899	462.898842688	463.030044109	0.131	4968.8	6937.5	6000.0	28.6	40.6	53.4	462.899	/Users/mary/Desktop/listens_20180309/completed_listens/file5e574ce68201.wav	file5e574ce68201.wav	462.899	4793.4	7041.3	WCSP	
210	Spectrogram 1	1	464.066	464.065844797	464.224667569	0.159	4875.0	7125.0	6375.0	30.5	45.7	57.1	464.066	/Users/mary/Desktop/listens_20180309/completed_listens/file5e574ce68201.wav	file5e574ce68201.wav	464.066	4429.8	7338.8	WCSP	
211	Spectrogram 1	1	466.428	466.427780882	468.188642052	1.761	5625.0	7593.8	6562.5	35.0	57.3	72.8	466.428	/Users/mary/Desktop/listens_20180309/completed_listens/file5e574ce68201.wav	file5e574ce68201.wav	466.428	4793.4	8231.4	WCSP	
212	Spectrogram 1	1	469.142	469.141651083	469.321189869	0.180	5437.5	7875.0	6656.2	31.7	45.4	59.6	469.142	/Users/mary/Desktop/listens_20180309/completed_listens/file5e574ce68201.wav	file5e574ce68201.wav	469.142	4826.4	8264.5	WCSP	
213	Spectrogram 1	1	469.836	469.835637544	470.305200522	0.470	5531.2	7687.5	6468.8	32.8	48.9	64.9	469.836	/Users/mary/Desktop/listens_20180309/completed_listens/file5e574ce68201.wav	file5e574ce68201.wav	469.836	4760.3	8165.3	WCSP	
214	Spectrogram 1	1	470.861	470.861229327	471.389487678	0.528	5625.0	7218.8	6468.8	37.1	53.6	68.2	470.861	/Users/mary/Desktop/listens_20180309/completed_listens/file5e574ce68201.wav	file5e574ce68201.wav	470.861	5157.0	7603.3	WCSP	*WCSP = WCSP?
215	Spectrogram 1	1	471.825	471.824523967	471.938462043	0.114	5718.8	7500.0	6375.0	36.1	49.0	61.5	471.825	/Users/mary/Desktop/listens_20180309/completed_listens/file5e574ce68201.wav	file5e574ce68201.wav	471.825	4826.4	7966.9	WCSP	
216	Spectrogram 1	1	472.373	472.373498332	472.521963097	0.148	5718.8	7781.2	6937.5	35.4	48.9	62.2	472.373	/Users/mary/Desktop/listens_20180309/completed_listens/file5e574ce68201.wav	file5e574ce68201.wav	472.373	4826.4	8099.2	WCSP	
217	Spectrogram 1	1	473.334	473.333924318	475.868183335	2.534	562.5	1218.8	843.8	29.3	40.3	62.1	473.334	/Users/mary/Desktop/listens_20180309/completed_listens/file5e574ce68201.wav	file5e574ce68201.wav	473.334	528.9	1256.2	UNK3	very low hoo hoo
218	Spectrogram 1	1	474.346	474.345556324	474.456041730	0.110	5625.0	7687.5	6187.5	33.8	46.6	59.0	474.346	/Users/mary/Desktop/listens_20180309/completed_listens/file5e574ce68201.wav	file5e574ce68201.wav	474.346	5024.8	8033.1	WCSP	
219	Spectrogram 1	1	474.660	474.659749199	475.529821777	0.870	5343.8	7406.2	6375.0	28.6	43.5	61.8	474.660	/Users/mary/Desktop/listens_20180309/completed_listens/file5e574ce68201.wav	file5e574ce68201.wav	474.660	5124.0	7570.2	WCSP	
220	Spectrogram 1	1	477.152	477.151806788	478.332619573	1.181	5437.5	7312.5	6375.0	30.5	47.3	64.9	477.152	/Users/mary/Desktop/listens_20180309/completed_listens/file5e574ce68201.wav	file5e574ce68201.wav	477.152	5124.0	7438.0	WCSP	
221	Spectrogram 1	1	478.920	478.919573296	479.043869379	0.124	5343.8	7406.2	6562.5	32.7	46.8	57.9	478.920	/Users/mary/Desktop/listens_20180309/completed_listens/file5e574ce68201.wav	file5e574ce68201.wav	478.920	4892.6	7603.3	WCSP	
222	Spectrogram 1	1	479.472	479.472000330	479.651539116	0.180	5343.8	7687.5	6562.5	29.0	41.5	55.9	479.472	/Users/mary/Desktop/listens_20180309/completed_listens/file5e574ce68201.wav	file5e574ce68201.wav	479.472	5124.0	7933.9	WCSP	
223	Spectrogram 1	1	480.211	480.210871487	480.397315611	0.186	5531.2	7312.5	6468.8	32.3	44.6	58.9	480.211	/Users/mary/Desktop/listens_20180309/completed_listens/file5e574ce68201.wav	file5e574ce68201.wav	480.211	5256.2	7768.6	WCSP	
224	Spectrogram 1	1	481.102	481.101660079	481.585033733	0.483	5625.0	7687.5	6750.0	32.2	47.8	63.9	481.102	/Users/mary/Desktop/listens_20180309/completed_listens/file5e574ce68201.wav	file5e574ce68201.wav	481.102	5124.0	8099.2	WCSP	
225	Spectrogram 1	1	482.690	482.689887800	482.883237262	0.193	5531.2	7500.0	6656.2	31.3	45.2	58.0	482.690	/Users/mary/Desktop/listens_20180309/completed_listens/file5e574ce68201.wav	file5e574ce68201.wav	482.690	5322.3	7768.6	WCSP	
226	Spectrogram 1	1	479.800	479.800485728	480.774138375	0.974	750.0	1406.2	1031.2	29.2	41.2	57.8	479.800	/Users/mary/Desktop/listens_20180309/completed_listens/file5e574ce68201.wav	file5e574ce68201.wav	479.800	694.2	1421.5	UNK3	
227	Spectrogram 1	1	484.525	484.525304947	485.222744077	0.697	5437.5	7968.8	6750.0	30.1	46.3	63.6	484.525	/Users/mary/Desktop/listens_20180309/completed_listens/file5e574ce68201.wav	file5e574ce68201.wav	484.525	5057.9	8231.4	WCSP	
228	Spectrogram 1	1	486.155	486.154964696	486.327598144	0.173	5625.0	7125.0	6562.5	31.7	44.5	56.8	486.155	/Users/mary/Desktop/listens_20180309/completed_listens/file5e574ce68201.wav	file5e574ce68201.wav	486.155	5421.5	7305.8	WCSP	
229	Spectrogram 1	1	487.025	487.025037274	487.142428018	0.117	5531.2	7406.2	6562.5	30.5	42.3	54.9	487.025	/Users/mary/Desktop/listens_20180309/completed_listens/file5e574ce68201.wav	file5e574ce68201.wav	487.025	5256.2	7669.4	WCSP	
230	Spectrogram 1	1	487.536	487.536032280	487.701760390	0.166	5531.2	7406.2	6562.5	33.2	46.8	59.4	487.536	/Users/mary/Desktop/listens_20180309/completed_listens/file5e574ce68201.wav	file5e574ce68201.wav	487.536	5157.0	7768.6	WCSP	
231	Spectrogram 1	1	488.606	488.606359658	488.730655740	0.124	5437.5	7406.2	6468.8	31.3	43.1	56.1	488.606	/Users/mary/Desktop/listens_20180309/completed_listens/file5e574ce68201.wav	file5e574ce68201.wav	488.606	5190.1	7669.4	WCSP	
232	Spectrogram 1	1	489.352	489.352136153	489.476432236	0.124	5625.0	7031.2	6375.0	36.2	47.9	60.1	489.352	/Users/mary/Desktop/listens_20180309/completed_listens/file5e574ce68201.wav	file5e574ce68201.wav	489.352	5190.1	7140.5	WCSP	
233	Spectrogram 1	1	490.220	490.220207020	490.344503103	0.124	5718.8	7218.8	6468.8	36.0	49.4	60.7	490.220	/Users/mary/Desktop/listens_20180309/completed_listens/file5e574ce68201.wav	file5e574ce68201.wav	490.220	5256.2	7702.5	WCSP	
234	Spectrogram 1	1	490.952	490.952172840	491.145522301	0.193	5625.0	7500.0	6656.2	31.6	43.5	58.3	490.952	/Users/mary/Desktop/listens_20180309/completed_listens/file5e574ce68201.wav	file5e574ce68201.wav	490.952	5289.3	7768.6	WCSP	
235	Spectrogram 1	1	492.527	492.526589885	492.588737927	0.062	5250.0	7125.0	6093.8	30.8	44.5	52.9	492.527	/Users/mary/Desktop/listens_20180309/completed_listens/file5e574ce68201.wav	file5e574ce68201.wav	492.527	4958.7	7471.1	WCSP	
236	Spectrogram 1	1	493.528	493.527863884	493.707402670	0.180	5625.0	7218.8	6562.5	30.5	42.6	56.0	493.528	/Users/mary/Desktop/listens_20180309/completed_listens/file5e574ce68201.wav	file5e574ce68201.wav	493.528	5421.5	7338.8	WCSP	
237	Spectrogram 1	1	494.757	494.757014034	494.902026130	0.145	5812.5	7406.2	6562.5	29.2	41.4	53.9	494.757	/Users/mary/Desktop/listens_20180309/completed_listens/file5e574ce68201.wav	file5e574ce68201.wav	494.757	5553.7	7537.2	WCSP	
238	Spectrogram 1	1	495.689	495.688664491	496.979962682	1.291	5718.8	7593.8	6656.2	31.7	48.7	67.1	495.689	/Users/mary/Desktop/listens_20180309/completed_listens/file5e574ce68201.wav	file5e574ce68201.wav	495.689	5322.3	8033.1	WCSP	
239	Spectrogram 1	1	498.271	498.271260873	498.443894321	0.173	6000.0	7687.5	7031.2	29.6	42.1	55.2	498.271	/Users/mary/Desktop/listens_20180309/completed_listens/file5e574ce68201.wav	file5e574ce68201.wav	498.271	5719.0	7834.7	WCSP	
240	Spectrogram 1	1	512.634	512.634484861	512.717348916	0.083	5625.0	6281.2	5812.5	37.8	48.6	57.6	512.634	/Users/mary/Desktop/listens_20180309/completed_listens/file5e574ce68201.wav	file5e574ce68201.wav	512.634	5454.5	6611.6	WCSP	
241	Spectrogram 1	1	511.882	511.881803028	512.296123303	0.414	5718.8	7687.5	6937.5	28.3	40.7	58.2	511.882	/Users/mary/Desktop/listens_20180309/completed_listens/file5e574ce68201.wav	file5e574ce68201.wav	511.882	5487.6	7801.7	WCSP	
242	Spectrogram 1	1	513.560	513.559800142	513.684096225	0.124	5906.2	7968.8	7125.0	31.0	44.8	56.2	513.560	/Users/mary/Desktop/listens_20180309/completed_listens/file5e574ce68201.wav	file5e574ce68201.wav	513.560	5454.5	8231.4	WCSP	
243	Spectrogram 1	1	514.368	514.367724679	514.567979479	0.200	5812.5	8250.0	7125.0	28.0	44.2	55.6	514.368	/Users/mary/Desktop/listens_20180309/completed_listens/file5e574ce68201.wav	file5e574ce68201.wav	514.368	5553.7	8363.6	WCSP	
244	Spectrogram 1	1	515.549	515.548537463	515.686644222	0.138	5531.2	7593.8	6750.0	30.1	40.6	55.3	515.549	/Users/mary/Desktop/listens_20180309/completed_listens/file5e574ce68201.wav	file5e574ce68201.wav	515.549	5421.5	7735.5	WCSP	
245	Spectrogram 1	1	516.749	516.748754543	516.935198667	0.186	5437.5	7593.8	6468.8	28.1	39.0	54.8	516.749	/Users/mary/Desktop/listens_20180309/completed_listens/file5e574ce68201.wav	file5e574ce68201.wav	516.749	5223.1	7702.5	WCSP	
246	Spectrogram 1	1	517.405	517.404761645	517.556679080	0.152	6000.0	7687.5	6937.5	28.0	38.6	52.7	517.405	/Users/mary/Desktop/listens_20180309/completed_listens/file5e574ce68201.wav	file5e574ce68201.wav	517.405	5818.2	7867.8	WCSP	
247	Spectrogram 1	1	527.899	527.899138375	528.244405271	0.345	6187.5	7593.8	6937.5	28.9	40.0	56.5	527.899	/Users/mary/Desktop/listens_20180309/completed_listens/file5e574ce68201.wav	file5e574ce68201.wav	527.899	6049.6	7768.6	WCSP	
248	Spectrogram 1	1	530.993	530.992729763	531.282753956	0.290	6093.8	7687.5	6937.5	28.7	40.5	56.1	530.993	/Users/mary/Desktop/listens_20180309/completed_listens/file5e574ce68201.wav	file5e574ce68201.wav	530.993	5950.4	7834.7	WCSP	
249	Spectrogram 1	1	544.543	544.542847662	544.845581961	0.303	2343.8	4500.0	3187.5	31.9	46.5	61.8	544.543	/Users/mary/Desktop/listens_20180309/completed_listens/file5e574ce68201.wav	file5e574ce68201.wav	544.543	1917.4	5090.9	PIKA	
250	Spectrogram 1	1	547.580	547.580227834	547.658352814	0.078	5531.2	6937.5	6000.0	34.7	47.6	56.8	547.580	/Users/mary/Desktop/listens_20180309/completed_listens/file5e574ce68201.wav	file5e574ce68201.wav	547.580	5024.8	7140.5	WCSP	
251	Spectrogram 1	1	550.349	550.349480562	550.979363216	0.630	1968.8	4875.0	3000.0	29.4	44.4	62.9	550.349	/Users/mary/Desktop/listens_20180309/completed_listens/file5e574ce68201.wav	file5e574ce68201.wav	550.349	1752.1	5256.2	PIKA	
252	Spectrogram 1	1	551.838	551.837954508	552.028384148	0.190	281.2	2343.8	1500.0	42.2	52.3	68.9	551.838	/Users/mary/Desktop/listens_20180309/completed_listens/file5e574ce68201.wav	file5e574ce68201.wav	551.838	198.3	2644.6	MALL	some kind of duck
253	Spectrogram 1	1	552.281	552.280595081	552.597977814	0.317	2343.8	5625.0	4031.2	29.6	46.4	60.5	552.281	/Users/mary/Desktop/listens_20180309/completed_listens/file5e574ce68201.wav	file5e574ce68201.wav	552.281	2115.7	5950.4	PIKA	
254	Spectrogram 1	1	551.685	551.684892107	551.772782709	0.088	2062.5	4875.0	3656.2	30.4	41.9	55.2	551.685	/Users/mary/Desktop/listens_20180309/completed_listens/file5e574ce68201.wav	file5e574ce68201.wav	551.685	1884.3	5190.1	GCRF	
255	Spectrogram 1	1	554.105	554.105001287	554.236837191	0.132	1968.8	6187.5	3468.8	34.3	50.3	63.2	554.105	/Users/mary/Desktop/listens_20180309/completed_listens/file5e574ce68201.wav	file5e574ce68201.wav	554.105	1487.6	7173.6	GCRF	
257	Spectrogram 1	1	553.646	553.646113557	553.701356261	0.055	8062.5	8812.5	8250.0	36.4	50.5	54.9	553.646	/Users/mary/Desktop/listens_20180309/completed_listens/file5e574ce68201.wav	file5e574ce68201.wav	553.646	7834.7	9057.9	UNK5	very high tink
258	Spectrogram 1	1	555.799	555.799144457	555.923440539	0.124	1875.0	7687.5	3656.2	34.6	50.0	64.2	555.799	/Users/mary/Desktop/listens_20180309/completed_listens/file5e574ce68201.wav	file5e574ce68201.wav	555.799	1289.3	8595.0	GCRF	
259	Spectrogram 1	1	557.006	557.006481535	557.324127080	0.318	375.0	2625.0	1968.8	49.6	63.1	79.9	557.006	/Users/mary/Desktop/listens_20180309/completed_listens/file5e574ce68201.wav	file5e574ce68201.wav	557.006	99.2	3471.1	MALL	some kind of duck
260	Spectrogram 1	1	559.622	559.622019923	559.739410668	0.117	1781.2	4312.5	3093.8	27.5	39.2	52.7	559.622	/Users/mary/Desktop/listens_20180309/completed_listens/file5e574ce68201.wav	file5e574ce68201.wav	559.622	1686.0	4495.9	GCRF	
261	Spectrogram 1	1	566.448	566.448073028	566.517126407	0.069	5156.2	6093.8	5625.0	33.7	47.8	53.8	566.448	/Users/mary/Desktop/listens_20180309/completed_listens/file5e574ce68201.wav	file5e574ce68201.wav	566.448	4859.5	6413.2	WCSP	
262	Spectrogram 1	1	564.401	564.401048927	564.501176327	0.100	5718.8	6937.5	6375.0	30.6	43.1	52.4	564.401	/Users/mary/Desktop/listens_20180309/completed_listens/file5e574ce68201.wav	file5e574ce68201.wav	564.401	5520.7	7074.4	WCSP	
263	Spectrogram 1	1	570.106	570.105638600	570.292082724	0.186	5250.0	7125.0	5906.2	35.3	52.2	62.9	570.106	/Users/mary/Desktop/listens_20180309/completed_listens/file5e574ce68201.wav	file5e574ce68201.wav	570.106	4562.0	7669.4	WCSP	
264	Spectrogram 1	1	572.798	572.797792019	572.880656074	0.083	5718.8	7125.0	6375.0	34.8	48.2	57.7	572.798	/Users/mary/Desktop/listens_20180309/completed_listens/file5e574ce68201.wav	file5e574ce68201.wav	572.798	5289.3	7504.1	WCSP	
265	Spectrogram 1	1	573.115	573.115437564	573.412367094	0.297	5718.8	7218.8	6468.8	32.9	45.3	61.6	573.115	/Users/mary/Desktop/listens_20180309/completed_listens/file5e574ce68201.wav	file5e574ce68201.wav	573.115	5090.9	7636.4	WCSP	
266	Spectrogram 1	1	573.692	573.692033280	573.774897335	0.083	6093.8	6656.2	6375.0	31.6	39.0	48.8	573.692	/Users/mary/Desktop/listens_20180309/completed_listens/file5e574ce68201.wav	file5e574ce68201.wav	573.692	6016.5	6743.8	WCSP	
267	Spectrogram 1	1	574.502	574.502047203	574.612532609	0.110	5062.5	7312.5	6281.2	29.1	42.4	54.2	574.502	/Users/mary/Desktop/listens_20180309/completed_listens/file5e574ce68201.wav	file5e574ce68201.wav	574.502	4628.1	7669.4	WCSP	
268	Spectrogram 1	1	576.162	576.162175948	576.869973085	0.708	468.8	2531.2	1968.8	48.5	72.0	86.3	576.162	/Users/mary/Desktop/listens_20180309/completed_listens/file5e574ce68201.wav	file5e574ce68201.wav	576.162	198.3	8760.3	MALL	some kind of duck
269	Spectrogram 1	1	578.254	578.254493338	578.347715400	0.093	4781.2	6656.2	5718.8	33.0	47.8	57.2	578.254	/Users/mary/Desktop/listens_20180309/completed_listens/file5e574ce68201.wav	file5e574ce68201.wav	578.254	4396.7	7074.4	WCSP	
270	Spectrogram 1	1	579.512	579.511929691	579.622415098	0.110	5250.0	6937.5	6093.8	30.6	43.2	54.4	579.512	/Users/mary/Desktop/listens_20180309/completed_listens/file5e574ce68201.wav	file5e574ce68201.wav	579.512	4991.7	7206.6	WCSP	
272	Spectrogram 1	1	580.830	580.829634133	580.933214202	0.104	5250.0	7218.8	6375.0	29.1	39.4	52.8	580.830	/Users/mary/Desktop/listens_20180309/completed_listens/file5e574ce68201.wav	file5e574ce68201.wav	580.830	5057.9	7338.8	WCSP	
273	Spectrogram 1	1	584.535	584.534992866	584.655836280	0.121	5437.5	7875.0	6937.5	28.8	40.1	54.1	584.535	/Users/mary/Desktop/listens_20180309/completed_listens/file5e574ce68201.wav	file5e574ce68201.wav	584.535	5190.1	8132.2	WCSP	
274	Spectrogram 1	1	585.857	585.857365078	585.933323795	0.076	5437.5	7031.2	6187.5	29.4	40.9	51.1	585.857	/Users/mary/Desktop/listens_20180309/completed_listens/file5e574ce68201.wav	file5e574ce68201.wav	585.857	5190.1	7206.6	WCSP	
275	Spectrogram 1	1	586.879	586.879355090	587.007103842	0.128	5250.0	7031.2	6187.5	31.4	45.6	56.3	586.879	/Users/mary/Desktop/listens_20180309/completed_listens/file5e574ce68201.wav	file5e574ce68201.wav	586.879	4958.7	7371.9	WCSP	
276	Spectrogram 1	1	588.361	588.361174508	588.785852790	0.425	5343.8	7406.2	6281.2	33.0	51.2	64.0	588.361	/Users/mary/Desktop/listens_20180309/completed_listens/file5e574ce68201.wav	file5e574ce68201.wav	588.361	4760.3	7768.6	WCSP	
277	Spectrogram 1	1	589.611	589.611040671	589.700810064	0.090	5156.2	6750.0	6093.8	30.9	43.7	53.3	589.611	/Users/mary/Desktop/listens_20180309/completed_listens/file5e574ce68201.wav	file5e574ce68201.wav	589.611	4793.4	6876.0	WCSP	
278	Spectrogram 1	1	592.949	592.948866902	593.059352309	0.110	5531.2	7312.5	6281.2	30.7	43.5	55.3	592.949	/Users/mary/Desktop/listens_20180309/completed_listens/file5e574ce68201.wav	file5e574ce68201.wav	592.949	5223.1	7702.5	WCSP	
279	Spectrogram 1	1	594.226	594.226354417	594.323148392	0.097	5718.8	7406.2	6562.5	31.8	43.1	55.4	594.226	/Users/mary/Desktop/listens_20180309/completed_listens/file5e574ce68201.wav	file5e574ce68201.wav	594.226	5421.5	7801.7	WCSP	
280	Spectrogram 1	1	595.095	595.094632573	595.241116911	0.146	5437.5	7125.0	5812.5	32.9	49.0	57.8	595.095	/Users/mary/Desktop/listens_20180309/completed_listens/file5e574ce68201.wav	file5e574ce68201.wav	595.095	5157.0	7371.9	WCSP	
281	Spectrogram 1	1	591.047	591.047193604	591.198560753	0.151	5437.5	6937.5	6281.2	28.6	39.5	53.1	591.047	/Users/mary/Desktop/listens_20180309/completed_listens/file5e574ce68201.wav	file5e574ce68201.wav	591.047	5190.1	7041.3	WCSP	
282	Spectrogram 1	1	596.592	596.591972633	596.704277292	0.112	5531.2	7125.0	6468.8	32.3	44.0	56.3	596.592	/Users/mary/Desktop/listens_20180309/completed_listens/file5e574ce68201.wav	file5e574ce68201.wav	596.592	5223.1	7371.9	WCSP	
283	Spectrogram 1	1	597.798	597.798027016	597.944511354	0.146	5625.0	6843.8	6187.5	31.1	42.8	55.0	597.798	/Users/mary/Desktop/listens_20180309/completed_listens/file5e574ce68201.wav	file5e574ce68201.wav	597.798	5421.5	7041.3	WCSP	
284	Spectrogram 1	1	598.701	598.701347101	598.769706459	0.068	5437.5	6093.8	5625.0	40.7	53.3	61.4	598.701	/Users/mary/Desktop/listens_20180309/completed_listens/file5e574ce68201.wav	file5e574ce68201.wav	598.701	4859.5	6479.3	WCSP	
285	Spectrogram 1	1	599.336	599.336402371	599.404761728	0.068	5343.8	7031.2	6281.2	28.6	39.2	49.9	599.336	/Users/mary/Desktop/listens_20180309/completed_listens/file5e574ce68201.wav	file5e574ce68201.wav	599.336	5223.1	7206.6	WCSP	
