Selection	View	Channel	Begin Clock Time	Begin Time (s)	End Time (s)	Delta Time (s)	Freq 5% (Hz)	Freq 95% (Hz)	Center Freq (Hz)	Avg Power (dB)	Max Power (dB)	Energy (dB)	Begin Date Time	Begin Path	Begin File	File Offset (s)	Low Freq (Hz)	High Freq (Hz)	ID	NOTES
1	Spectrogram 1	1	5.856	5.855726556	6.463396293	0.608	2156.2	4312.5	3187.5	32.4	50.0	64.8	5.856	/Users/mary/Desktop/listens_20180309/completed_listens/file5e571b08873c.wav	file5e571b08873c.wav	5.856	1939.4	4787.9	PIKA	
2	Spectrogram 1	1	13.682	13.682323605	14.207129287	0.525	1968.8	4312.5	3281.2	31.1	46.3	63.1	13.682	/Users/mary/Desktop/listens_20180309/completed_listens/file5e571b08873c.wav	file5e571b08873c.wav	13.682	1606.1	4727.3	PIKA	
3	Spectrogram 1	1	15.762	15.762189294	16.839422010	1.077	2718.8	3375.0	3093.8	27.9	39.0	57.0	15.762	/Users/mary/Desktop/listens_20180309/completed_listens/file5e571b08873c.wav	file5e571b08873c.wav	15.762	2636.4	3454.5	ROWR	
4	Spectrogram 1	1	18.766	18.765551236	19.980890710	1.215	2812.5	3468.8	3093.8	28.4	40.8	58.0	18.766	/Users/mary/Desktop/listens_20180309/completed_listens/file5e571b08873c.wav	file5e571b08873c.wav	18.766	2757.6	3545.5	ROWR	
5	Spectrogram 1	1	20.486	20.486403489	21.121694577	0.635	2250.0	4031.2	3468.8	32.6	49.8	64.5	20.486	/Users/mary/Desktop/listens_20180309/completed_listens/file5e571b08873c.wav	file5e571b08873c.wav	20.486	2030.3	4484.8	PIKA	
6	Spectrogram 1	1	23.028	23.027567843	23.690480284	0.663	3093.8	4218.8	3843.8	39.0	61.3	70.7	23.028	/Users/mary/Desktop/listens_20180309/completed_listens/file5e571b08873c.wav	file5e571b08873c.wav	23.028	2515.2	4757.6	GCRF	
7	Spectrogram 1	1	24.215	24.215285966	24.822955703	0.608	3187.5	4312.5	3750.0	39.4	58.5	70.2	24.215	/Users/mary/Desktop/listens_20180309/completed_listens/file5e571b08873c.wav	file5e571b08873c.wav	24.215	2666.7	4636.4	GCRF	
8	Spectrogram 1	1	25.596	25.596353550	26.148780583	0.552	3093.8	4125.0	3750.0	39.5	60.1	69.8	25.596	/Users/mary/Desktop/listens_20180309/completed_listens/file5e571b08873c.wav	file5e571b08873c.wav	25.596	2636.4	4666.7	GCRF	
9	Spectrogram 1	1	27.255	27.254512739	27.558347608	0.304	2812.5	4031.2	3750.0	31.2	49.5	58.1	27.255	/Users/mary/Desktop/listens_20180309/completed_listens/file5e571b08873c.wav	file5e571b08873c.wav	27.255	2606.1	4181.8	GCRF	
10	Spectrogram 1	1	28.249	28.248881400	28.939415192	0.691	2906.2	3937.5	3468.8	32.9	51.6	63.6	28.249	/Users/mary/Desktop/listens_20180309/completed_listens/file5e571b08873c.wav	file5e571b08873c.wav	28.249	2606.1	4272.7	GCRF	
11	Spectrogram 1	1	30.115	30.114600778	30.970862680	0.856	2531.2	3375.0	2906.2	28.1	39.9	57.2	30.115	/Users/mary/Desktop/listens_20180309/completed_listens/file5e571b08873c.wav	file5e571b08873c.wav	30.115	2484.8	3454.5	ROWR	
12	Spectrogram 1	1	29.866	29.866008613	30.059358074	0.193	2718.8	4031.2	3375.0	30.3	44.2	55.3	29.866	/Users/mary/Desktop/listens_20180309/completed_listens/file5e571b08873c.wav	file5e571b08873c.wav	29.866	2545.5	4151.5	GCRF	
13	Spectrogram 1	1	31.026	31.026105383	31.468047010	0.442	3093.8	3937.5	3375.0	32.9	52.1	60.8	31.026	/Users/mary/Desktop/listens_20180309/completed_listens/file5e571b08873c.wav	file5e571b08873c.wav	31.026	2818.2	4242.4	GCRF	
14	Spectrogram 1	1	32.407	32.407172967	32.876735946	0.470	3000.0	4031.2	3656.2	33.1	52.3	61.3	32.407	/Users/mary/Desktop/listens_20180309/completed_listens/file5e571b08873c.wav	file5e571b08873c.wav	32.407	2818.2	4242.4	GCRF	
15	Spectrogram 1	1	32.945	32.945325140	33.552994877	0.608	2250.0	3843.8	3375.0	38.7	56.6	70.7	32.945	/Users/mary/Desktop/listens_20180309/completed_listens/file5e571b08873c.wav	file5e571b08873c.wav	32.945	1939.4	4545.5	PIKA	
16	Spectrogram 1	1	34.886	34.885942464	35.521233553	0.635	2812.5	4125.0	3750.0	30.8	48.9	61.5	34.886	/Users/mary/Desktop/listens_20180309/completed_listens/file5e571b08873c.wav	file5e571b08873c.wav	34.886	2606.1	4454.5	GCRF	
17	Spectrogram 1	1	36.460	36.460359510	37.068029247	0.608	2625.0	4218.8	3656.2	28.6	46.2	59.3	36.460	/Users/mary/Desktop/listens_20180309/completed_listens/file5e571b08873c.wav	file5e571b08873c.wav	36.460	2515.2	4454.5	GCRF	
18	Spectrogram 1	1	37.676	37.675698984	38.310990073	0.635	2812.5	4125.0	3468.8	28.1	43.3	57.9	37.676	/Users/mary/Desktop/listens_20180309/completed_listens/file5e571b08873c.wav	file5e571b08873c.wav	37.676	2697.0	4181.8	GCRF	
19	Spectrogram 1	1	39.222	39.222494678	39.995892525	0.773	3093.8	4125.0	3656.2	27.9	43.2	58.0	39.222	/Users/mary/Desktop/listens_20180309/completed_listens/file5e571b08873c.wav	file5e571b08873c.wav	39.222	2909.1	4272.7	GCRF	
20	Spectrogram 1	1	41.073	41.073125241	41.404581461	0.331	3187.5	4031.2	3656.2	28.6	44.8	54.4	41.073	/Users/mary/Desktop/listens_20180309/completed_listens/file5e571b08873c.wav	file5e571b08873c.wav	41.073	3060.6	4212.1	GCRF	
21	Spectrogram 1	1	45.147	45.147450140	45.423663657	0.276	3093.8	4125.0	3562.5	30.9	45.3	56.4	45.147	/Users/mary/Desktop/listens_20180309/completed_listens/file5e571b08873c.wav	file5e571b08873c.wav	45.147	2939.4	4272.7	GCRF	
22	Spectrogram 1	1	43.960	43.959732018	44.318809590	0.359	2718.8	4031.2	3375.0	29.4	43.6	56.7	43.960	/Users/mary/Desktop/listens_20180309/completed_listens/file5e571b08873c.wav	file5e571b08873c.wav	43.960	2575.8	4121.2	GCRF	
23	Spectrogram 1	1	47.993	47.992723056	48.890416986	0.898	2718.8	3750.0	3187.5	27.7	39.6	58.1	47.993	/Users/mary/Desktop/listens_20180309/completed_listens/file5e571b08873c.wav	file5e571b08873c.wav	47.993	2697.0	3848.5	ROWR	
24	Spectrogram 1	1	50.925	50.924522598	52.664667753	1.740	2531.2	3656.2	3000.0	27.5	41.7	61.3	50.925	/Users/mary/Desktop/listens_20180309/completed_listens/file5e571b08873c.wav	file5e571b08873c.wav	50.925	2363.6	3757.6	ROWR	
25	Spectrogram 1	1	55.177	55.176592394	56.309067813	1.132	2718.8	4125.0	3375.0	26.8	39.0	59.6	55.177	/Users/mary/Desktop/listens_20180309/completed_listens/file5e571b08873c.wav	file5e571b08873c.wav	55.177	2606.1	4242.4	UNK1	faint warble
26	Spectrogram 1	1	61.578	61.578335387	63.166563108	1.588	2437.5	3468.8	3000.0	29.6	44.4	62.8	61.578	/Users/mary/Desktop/listens_20180309/completed_listens/file5e571b08873c.wav	file5e571b08873c.wav	61.578	2333.3	3636.4	ROWR	
28	Spectrogram 1	1	65.171	65.171210020	65.723637053	0.552	3000.0	4500.0	3843.8	31.4	48.5	61.9	65.171	/Users/mary/Desktop/listens_20180309/completed_listens/file5e571b08873c.wav	file5e571b08873c.wav	65.171	2757.6	4787.9	GCRF	
29	Spectrogram 1	1	66.311	66.310546023	67.581128200	1.271	2812.5	3562.5	3187.5	29.4	41.5	59.7	66.311	/Users/mary/Desktop/listens_20180309/completed_listens/file5e571b08873c.wav	file5e571b08873c.wav	66.311	2787.9	3636.4	ROWR	
30	Spectrogram 1	1	66.131	66.131007237	66.296735347	0.166	3093.8	4218.8	3843.8	28.9	41.6	52.6	66.131	/Users/mary/Desktop/listens_20180309/completed_listens/file5e571b08873c.wav	file5e571b08873c.wav	66.131	2939.4	4393.9	GCRF	
31	Spectrogram 1	1	67.581	67.581128200	67.871152393	0.290	3093.8	4687.5	4031.2	27.5	39.2	54.8	67.581	/Users/mary/Desktop/listens_20180309/completed_listens/file5e571b08873c.wav	file5e571b08873c.wav	67.581	2909.1	4787.9	GCRF	
32	Spectrogram 1	1	69.470	69.469527591	69.759551784	0.290	2906.2	4312.5	3656.2	26.7	37.4	53.3	69.470	/Users/mary/Desktop/listens_20180309/completed_listens/file5e571b08873c.wav	file5e571b08873c.wav	69.470	2878.8	4454.5	GCRF	
33	Spectrogram 1	1	70.160	70.160061383	70.505328279	0.345	3000.0	4406.2	3750.0	26.7	38.3	54.3	70.160	/Users/mary/Desktop/listens_20180309/completed_listens/file5e571b08873c.wav	file5e571b08873c.wav	70.160	2818.2	4545.5	GCRF	
34	Spectrogram 1	1	71.320	71.320158154	71.582560995	0.262	2718.8	4406.2	3562.5	27.4	39.2	54.3	71.320	/Users/mary/Desktop/listens_20180309/completed_listens/file5e571b08873c.wav	file5e571b08873c.wav	71.320	2697.0	4545.5	GCRF	
35	Spectrogram 1	1	71.817	71.817342484	72.328337490	0.511	3093.8	4312.5	3562.5	27.7	42.0	56.6	71.817	/Users/mary/Desktop/listens_20180309/completed_listens/file5e571b08873c.wav	file5e571b08873c.wav	71.817	2909.1	4484.8	GCRF	
36	Spectrogram 1	1	72.839	72.839332497	73.336516827	0.497	3000.0	4500.0	3656.2	30.1	44.7	60.0	72.839	/Users/mary/Desktop/listens_20180309/completed_listens/file5e571b08873c.wav	file5e571b08873c.wav	72.839	2757.6	4727.3	GCRF	
37	Spectrogram 1	1	74.730	74.730130801	77.809911513	3.080	2437.5	4406.2	3562.5	27.7	46.7	66.1	74.730	/Users/mary/Desktop/listens_20180309/completed_listens/file5e571b08873c.wav	file5e571b08873c.wav	74.730	2333.3	4515.2	GCRF	
38	Spectrogram 1	1	78.725	78.724739095	80.299156140	1.574	2343.8	3750.0	3093.8	27.0	42.6	61.3	78.725	/Users/mary/Desktop/listens_20180309/completed_listens/file5e571b08873c.wav	file5e571b08873c.wav	78.725	2212.1	3848.5	ROWR	
39	Spectrogram 1	1	80.672	80.672044388	81.555927642	0.884	3093.8	4406.2	3843.8	27.0	38.3	58.5	80.672	/Users/mary/Desktop/listens_20180309/completed_listens/file5e571b08873c.wav	file5e571b08873c.wav	80.672	2939.4	4545.5	GCRF	
40	Spectrogram 1	1	82.491	82.490874651	82.698034789	0.207	3000.0	4125.0	3656.2	28.4	40.2	52.3	82.491	/Users/mary/Desktop/listens_20180309/completed_listens/file5e571b08873c.wav	file5e571b08873c.wav	82.491	2969.7	4181.8	GCRF	
41	Spectrogram 1	1	83.126	83.126165740	83.319515201	0.193	3281.2	4312.5	3750.0	27.3	35.8	50.7	83.126	/Users/mary/Desktop/listens_20180309/completed_listens/file5e571b08873c.wav	file5e571b08873c.wav	83.126	3242.4	4363.6	GCRF	
42	Spectrogram 1	1	84.121	84.120534400	84.203398455	0.083	3187.5	3937.5	3656.2	29.0	39.5	48.0	84.121	/Users/mary/Desktop/listens_20180309/completed_listens/file5e571b08873c.wav	file5e571b08873c.wav	84.121	3181.8	4060.6	GCRF	
43	Spectrogram 1	1	84.424	84.424369269	84.742014813	0.318	2718.8	4125.0	3468.8	26.5	38.3	53.6	84.424	/Users/mary/Desktop/listens_20180309/completed_listens/file5e571b08873c.wav	file5e571b08873c.wav	84.424	2697.0	4303.0	GCRF	
44	Spectrogram 1	1	84.977	84.976796302	85.584466039	0.608	2625.0	4312.5	3656.2	29.4	48.6	60.6	84.977	/Users/mary/Desktop/listens_20180309/completed_listens/file5e571b08873c.wav	file5e571b08873c.wav	84.977	2424.2	4515.2	GCRF	
45	Spectrogram 1	1	82.795	82.794709520	83.637160746	0.842	2812.5	3562.5	3187.5	28.3	39.0	56.8	82.795	/Users/mary/Desktop/listens_20180309/completed_listens/file5e571b08873c.wav	file5e571b08873c.wav	82.795	2757.6	3636.4	ROWR	
46	Spectrogram 1	1	86.458	86.457938298	86.941311952	0.483	2906.2	4218.8	3468.8	29.4	43.8	58.3	86.458	/Users/mary/Desktop/listens_20180309/completed_listens/file5e571b08873c.wav	file5e571b08873c.wav	86.458	2787.9	4333.3	GCRF	
47	Spectrogram 1	1	87.397	87.397064255	87.977112640	0.580	2812.5	4593.8	3656.2	29.3	45.3	60.3	87.397	/Users/mary/Desktop/listens_20180309/completed_listens/file5e571b08873c.wav	file5e571b08873c.wav	87.397	2666.7	4818.2	GCRF	
48	Spectrogram 1	1	88.354	88.354291228	89.528198674	1.174	2906.2	4406.2	3750.0	27.3	44.7	60.5	88.354	/Users/mary/Desktop/listens_20180309/completed_listens/file5e571b08873c.wav	file5e571b08873c.wav	88.354	2787.9	4545.5	GCRF	
49	Spectrogram 1	1	91.462	91.461693292	93.478051964	2.016	2625.0	4312.5	3468.8	27.4	46.6	63.4	91.462	/Users/mary/Desktop/listens_20180309/completed_listens/file5e571b08873c.wav	file5e571b08873c.wav	91.462	2454.5	4454.5	GCRF	
50	Spectrogram 1	1	93.657	93.657113995	95.093424283	1.436	2718.8	3562.5	3093.8	29.9	42.9	62.0	93.657	/Users/mary/Desktop/listens_20180309/completed_listens/file5e571b08873c.wav	file5e571b08873c.wav	93.657	2545.5	3727.3	ROWR	*
51	Spectrogram 1	1	96.403	96.402614384	96.927420065	0.525	2906.2	4312.5	3656.2	29.5	44.7	58.9	96.403	/Users/mary/Desktop/listens_20180309/completed_listens/file5e571b08873c.wav	file5e571b08873c.wav	96.403	2787.9	4454.5	GCRF	
52	Spectrogram 1	1	97.480	97.479847099	97.700817913	0.221	3000.0	4406.2	3937.5	32.8	47.5	59.0	97.480	/Users/mary/Desktop/listens_20180309/completed_listens/file5e571b08873c.wav	file5e571b08873c.wav	97.480	2787.9	4606.1	GCRF	
53	Spectrogram 1	1	98.157	98.156570215	98.349919677	0.193	3093.8	4312.5	3750.0	30.5	47.0	55.1	98.157	/Users/mary/Desktop/listens_20180309/completed_listens/file5e571b08873c.wav	file5e571b08873c.wav	98.157	2909.1	4484.8	GCRF	
54	Spectrogram 1	1	98.971	98.971400090	99.427152393	0.456	2906.2	4406.2	3562.5	27.7	43.0	56.8	98.971	/Users/mary/Desktop/listens_20180309/completed_listens/file5e571b08873c.wav	file5e571b08873c.wav	98.971	2787.9	4545.5	GCRF	
55	Spectrogram 1	1	99.703	99.703365909	99.896715371	0.193	2906.2	4406.2	3843.8	30.7	44.1	56.0	99.703	/Users/mary/Desktop/listens_20180309/completed_listens/file5e571b08873c.wav	file5e571b08873c.wav	99.703	2727.3	4545.5	GCRF	
56	Spectrogram 1	1	100.380	100.380089026	100.932516059	0.552	2812.5	4406.2	3843.8	27.8	46.0	57.9	100.380	/Users/mary/Desktop/listens_20180309/completed_listens/file5e571b08873c.wav	file5e571b08873c.wav	100.380	2697.0	4545.5	GCRF	
57	Spectrogram 1	1	101.885	101.885452692	102.106423506	0.221	2625.0	4218.8	3656.2	29.2	42.1	55.3	101.885	/Users/mary/Desktop/listens_20180309/completed_listens/file5e571b08873c.wav	file5e571b08873c.wav	101.885	2515.2	4393.9	GCRF	
58	Spectrogram 1	1	102.396	102.396447698	102.603607836	0.207	2906.2	4218.8	3750.0	29.4	44.5	54.6	102.396	/Users/mary/Desktop/listens_20180309/completed_listens/file5e571b08873c.wav	file5e571b08873c.wav	102.396	2757.6	4363.6	GCRF	
59	Spectrogram 1	1	102.780	102.779999172	102.973348634	0.193	3000.0	4218.8	3656.2	28.4	40.9	53.0	102.780	/Users/mary/Desktop/listens_20180309/completed_listens/file5e571b08873c.wav	file5e571b08873c.wav	102.780	2848.5	4333.3	GCRF	
60	Spectrogram 1	1	103.305	103.304804854	103.484343640	0.180	3000.0	4312.5	3937.5	30.4	43.8	55.5	103.305	/Users/mary/Desktop/listens_20180309/completed_listens/file5e571b08873c.wav	file5e571b08873c.wav	103.305	2727.3	4545.5	GCRF	
61	Spectrogram 1	1	103.692	103.691503778	103.829610536	0.138	3093.8	4218.8	3750.0	33.5	45.2	56.7	103.692	/Users/mary/Desktop/listens_20180309/completed_listens/file5e571b08873c.wav	file5e571b08873c.wav	103.692	2909.1	4424.2	GCRF	
62	Spectrogram 1	1	103.236	103.235751475	104.188688108	0.953	2812.5	3843.8	3281.2	28.7	45.2	59.3	103.236	/Users/mary/Desktop/listens_20180309/completed_listens/file5e571b08873c.wav	file5e571b08873c.wav	103.236	2697.0	3909.1	ROWR	*
63	Spectrogram 1	1	104.410	104.409658922	104.644440411	0.235	3187.5	4312.5	3937.5	33.7	49.4	59.7	104.410	/Users/mary/Desktop/listens_20180309/completed_listens/file5e571b08873c.wav	file5e571b08873c.wav	104.410	2818.2	4575.8	GCRF	
64	Spectrogram 1	1	107.053	107.053354296	107.951048226	0.898	2531.2	3375.0	3000.0	29.3	43.2	58.5	107.053	/Users/mary/Desktop/listens_20180309/completed_listens/file5e571b08873c.wav	file5e571b08873c.wav	107.053	2454.5	3424.2	AMPI	
65	Spectrogram 1	1	107.578	107.578159978	107.757698764	0.180	3187.5	4125.0	3656.2	32.9	44.6	56.0	107.578	/Users/mary/Desktop/listens_20180309/completed_listens/file5e571b08873c.wav	file5e571b08873c.wav	107.578	3151.5	4272.7	GCRF	
66	Spectrogram 1	1	106.957	106.956679565	107.108597000	0.152	3375.0	4218.8	3750.0	27.9	37.7	49.8	106.957	/Users/mary/Desktop/listens_20180309/completed_listens/file5e571b08873c.wav	file5e571b08873c.wav	106.957	3333.3	4393.9	GCRF	
67	Spectrogram 1	1	108.642	108.641582018	111.210367724	2.569	2625.0	4312.5	3468.8	27.9	45.2	64.9	108.642	/Users/mary/Desktop/listens_20180309/completed_listens/file5e571b08873c.wav	file5e571b08873c.wav	108.642	2484.8	4454.5	GCRF	
68	Spectrogram 1	1	112.146	112.146184559	113.720601605	1.574	3187.5	4312.5	3750.0	26.8	40.6	59.6	112.146	/Users/mary/Desktop/listens_20180309/completed_listens/file5e571b08873c.wav	file5e571b08873c.wav	112.146	3121.2	4393.9	GCRF	
69	Spectrogram 1	1	114.756	114.756402293	116.289387311	1.533	2718.8	3656.2	3187.5	29.1	44.3	61.5	114.756	/Users/mary/Desktop/listens_20180309/completed_listens/file5e571b08873c.wav	file5e571b08873c.wav	114.756	2545.5	3727.3	ROWR	
70	Spectrogram 1	1	115.129	115.129290541	115.350261354	0.221	3093.8	4218.8	3656.2	29.4	44.2	54.4	115.129	/Users/mary/Desktop/listens_20180309/completed_listens/file5e571b08873c.wav	file5e571b08873c.wav	115.129	2939.4	4363.6	GCRF	
71	Spectrogram 1	1	115.737	115.736960278	115.888877712	0.152	3375.0	4406.2	4031.2	28.9	40.4	51.3	115.737	/Users/mary/Desktop/listens_20180309/completed_listens/file5e571b08873c.wav	file5e571b08873c.wav	115.737	3333.3	4484.8	GCRF	
72	Spectrogram 1	1	117.173	117.173270565	117.711886923	0.539	2906.2	4406.2	3656.2	27.5	46.1	57.3	117.173	/Users/mary/Desktop/listens_20180309/completed_listens/file5e571b08873c.wav	file5e571b08873c.wav	117.173	2787.9	4545.5	GCRF	
73	Spectrogram 1	1	118.347	118.347178012	118.581959501	0.235	3000.0	4406.2	3843.8	30.0	42.4	56.4	118.347	/Users/mary/Desktop/listens_20180309/completed_listens/file5e571b08873c.wav	file5e571b08873c.wav	118.347	2757.6	4606.1	GCRF	
74	Spectrogram 1	1	119.121	119.120575859	119.341546672	0.221	2718.8	4312.5	3562.5	28.1	40.5	54.4	119.121	/Users/mary/Desktop/listens_20180309/completed_listens/file5e571b08873c.wav	file5e571b08873c.wav	119.121	2575.8	4515.2	GCRF	
75	Spectrogram 1	1	120.244	120.243885018	121.113957596	0.870	2906.2	3937.5	3187.5	29.1	42.1	59.3	120.244	/Users/mary/Desktop/listens_20180309/completed_listens/file5e571b08873c.wav	file5e571b08873c.wav	120.244	2727.3	4000.0	ROWR	
76	Spectrogram 1	1	123.096	123.096373594	123.538315221	0.442	3093.8	4312.5	3750.0	30.7	48.1	59.2	123.096	/Users/mary/Desktop/listens_20180309/completed_listens/file5e571b08873c.wav	file5e571b08873c.wav	123.096	2909.1	4545.5	GCRF	
77	Spectrogram 1	1	124.022	124.021688876	124.201227662	0.180	3375.0	4500.0	3937.5	29.8	42.5	53.7	124.022	/Users/mary/Desktop/listens_20180309/completed_listens/file5e571b08873c.wav	file5e571b08873c.wav	124.022	3272.7	4606.1	GCRF	
78	Spectrogram 1	1	126.709	126.709352572	128.283769617	1.574	2062.5	3000.0	2531.2	27.6	40.1	59.7	126.709	/Users/mary/Desktop/listens_20180309/completed_listens/file5e571b08873c.wav	file5e571b08873c.wav	126.709	2030.3	3030.3	ROWR	
79	Spectrogram 1	1	130.977	130.976851406	131.998841418	1.022	2625.0	3562.5	2906.2	31.3	47.3	62.8	130.977	/Users/mary/Desktop/listens_20180309/completed_listens/file5e571b08873c.wav	file5e571b08873c.wav	130.977	2424.2	3787.9	ROWR	
80	Spectrogram 1	1	134.365	134.365260506	135.221522408	0.856	2718.8	3750.0	3281.2	27.8	39.5	57.7	134.365	/Users/mary/Desktop/listens_20180309/completed_listens/file5e571b08873c.wav	file5e571b08873c.wav	134.365	2666.7	3818.2	ROWR	
81	Spectrogram 1	1	154.954	154.954411902	156.418343541	1.464	2531.2	3843.8	3000.0	28.5	44.4	62.2	154.954	/Users/mary/Desktop/listens_20180309/completed_listens/file5e571b08873c.wav	file5e571b08873c.wav	154.954	2363.6	3969.7	ROWR	
82	Spectrogram 1	1	177.440	177.440154605	177.605882715	0.166	2156.2	5062.5	3468.8	27.8	38.0	55.1	177.440	/Users/mary/Desktop/listens_20180309/completed_listens/file5e571b08873c.wav	file5e571b08873c.wav	177.440	2000.0	5333.3	GCRF	*PIKA?
84	Spectrogram 1	1	179.270	179.270453945	179.712395572	0.442	1687.5	4593.8	3000.0	29.6	44.6	61.4	179.270	/Users/mary/Desktop/listens_20180309/completed_listens/file5e571b08873c.wav	file5e571b08873c.wav	179.270	1484.8	4878.8	GCRF	*pika
85	Spectrogram 1	1	180.865	180.865010018	181.666029217	0.801	1500.0	4781.2	2906.2	29.0	46.9	63.9	180.865	/Users/mary/Desktop/listens_20180309/completed_listens/file5e571b08873c.wav	file5e571b08873c.wav	180.865	1303.0	5151.5	GCRF	
86	Spectrogram 1	1	179.884	179.884452033	180.865010018	0.981	2718.8	3468.8	3093.8	28.0	40.0	57.2	179.884	/Users/mary/Desktop/listens_20180309/completed_listens/file5e571b08873c.wav	file5e571b08873c.wav	179.884	2636.4	3484.8	ROWR	
87	Spectrogram 1	1	182.854	182.853747339	184.359111006	1.505	2718.8	3656.2	3000.0	31.6	46.2	64.2	182.854	/Users/mary/Desktop/listens_20180309/completed_listens/file5e571b08873c.wav	file5e571b08873c.wav	182.854	2606.1	3787.9	ROWR	
88	Spectrogram 1	1	186.082	186.082447139	186.303417952	0.221	3093.8	4406.2	3656.2	27.6	40.1	53.0	186.082	/Users/mary/Desktop/listens_20180309/completed_listens/file5e571b08873c.wav	file5e571b08873c.wav	186.082	3000.0	4545.5	GCRF	
89	Spectrogram 1	1	190.384	190.383575887	190.576925348	0.193	3375.0	4406.2	4031.2	27.2	38.7	51.4	190.384	/Users/mary/Desktop/listens_20180309/completed_listens/file5e571b08873c.wav	file5e571b08873c.wav	190.384	3212.1	4545.5	GCRF	
90	Spectrogram 1	1	191.350	191.350323195	191.502240630	0.152	3468.8	4500.0	3937.5	28.2	38.4	50.8	191.350	/Users/mary/Desktop/listens_20180309/completed_listens/file5e571b08873c.wav	file5e571b08873c.wav	191.350	3393.9	4606.1	GCRF	
91	Spectrogram 1	1	192.856	192.855686862	193.573842006	0.718	3187.5	4500.0	3937.5	26.9	41.1	57.5	192.856	/Users/mary/Desktop/listens_20180309/completed_listens/file5e571b08873c.wav	file5e571b08873c.wav	192.856	3030.3	4666.7	GCRF	
92	Spectrogram 1	1	194.437	194.436851705	195.472652393	1.036	2625.0	4125.0	3375.0	27.2	39.8	59.9	194.437	/Users/mary/Desktop/listens_20180309/completed_listens/file5e571b08873c.wav	file5e571b08873c.wav	194.437	2454.5	4242.4	ROWR	
93	Spectrogram 1	1	196.785	196.784666597	196.991826735	0.207	3187.5	4500.0	4125.0	28.8	42.9	53.9	196.785	/Users/mary/Desktop/listens_20180309/completed_listens/file5e571b08873c.wav	file5e571b08873c.wav	196.785	3030.3	4636.4	GCRF	
94	Spectrogram 1	1	197.323	197.323282955	197.544253769	0.221	3281.2	4500.0	4031.2	28.8	43.9	53.9	197.323	/Users/mary/Desktop/listens_20180309/completed_listens/file5e571b08873c.wav	file5e571b08873c.wav	197.323	3121.2	4606.1	GCRF	
95	Spectrogram 1	1	198.028	198.027627423	198.248598237	0.221	3562.5	4781.2	4218.8	27.8	40.7	53.0	198.028	/Users/mary/Desktop/listens_20180309/completed_listens/file5e571b08873c.wav	file5e571b08873c.wav	198.028	3424.2	4878.8	GCRF	
96	Spectrogram 1	1	199.174	199.173913518	199.367262980	0.193	3375.0	4312.5	3937.5	31.0	45.5	54.7	199.174	/Users/mary/Desktop/listens_20180309/completed_listens/file5e571b08873c.wav	file5e571b08873c.wav	199.174	3212.1	4484.8	GCRF	
97	Spectrogram 1	1	199.588	199.588233793	199.809204606	0.221	3000.0	4500.0	3937.5	30.1	46.2	56.4	199.588	/Users/mary/Desktop/listens_20180309/completed_listens/file5e571b08873c.wav	file5e571b08873c.wav	199.588	2818.2	4697.0	GCRF	
98	Spectrogram 1	1	200.237	200.237335558	200.416874343	0.180	3093.8	4500.0	4031.2	30.5	44.5	55.6	200.237	/Users/mary/Desktop/listens_20180309/completed_listens/file5e571b08873c.wav	file5e571b08873c.wav	200.237	2878.8	4606.1	GCRF	
99	Spectrogram 1	1	200.817	200.817383943	201.010733405	0.193	3281.2	4312.5	4031.2	30.1	45.6	54.4	200.817	/Users/mary/Desktop/listens_20180309/completed_listens/file5e571b08873c.wav	file5e571b08873c.wav	200.817	3151.5	4515.2	GCRF	
100	Spectrogram 1	1	201.301	201.300757597	201.425053680	0.124	3187.5	4406.2	3937.5	29.3	41.8	52.1	201.301	/Users/mary/Desktop/listens_20180309/completed_listens/file5e571b08873c.wav	file5e571b08873c.wav	201.301	3090.9	4515.2	GCRF	
101	Spectrogram 1	1	201.729	201.728888548	201.949859362	0.221	3187.5	4500.0	4031.2	31.3	48.4	57.0	201.729	/Users/mary/Desktop/listens_20180309/completed_listens/file5e571b08873c.wav	file5e571b08873c.wav	201.729	3000.0	4606.1	GCRF	
102	Spectrogram 1	1	202.295	202.295126258	202.488475720	0.193	3281.2	4406.2	4031.2	29.2	43.2	53.8	202.295	/Users/mary/Desktop/listens_20180309/completed_listens/file5e571b08873c.wav	file5e571b08873c.wav	202.295	3090.9	4545.5	GCRF	
103	Spectrogram 1	1	202.806	202.806121264	202.985660050	0.180	3281.2	4406.2	3937.5	28.2	40.6	52.1	202.806	/Users/mary/Desktop/listens_20180309/completed_listens/file5e571b08873c.wav	file5e571b08873c.wav	202.806	3151.5	4545.5	GCRF	
104	Spectrogram 1	1	203.289	203.289494918	203.455223028	0.166	3093.8	4500.0	3937.5	28.8	41.1	53.2	203.289	/Users/mary/Desktop/listens_20180309/completed_listens/file5e571b08873c.wav	file5e571b08873c.wav	203.289	3000.0	4666.7	GCRF	
105	Spectrogram 1	1	203.828	203.828111276	204.021460738	0.193	3093.8	4312.5	3937.5	30.1	46.0	55.1	203.828	/Users/mary/Desktop/listens_20180309/completed_listens/file5e571b08873c.wav	file5e571b08873c.wav	203.828	2939.4	4545.5	GCRF	
106	Spectrogram 1	1	204.381	204.380538310	204.560077096	0.180	3187.5	4406.2	4125.0	31.3	46.4	55.7	204.381	/Users/mary/Desktop/listens_20180309/completed_listens/file5e571b08873c.wav	file5e571b08873c.wav	204.381	3060.6	4575.8	GCRF	
107	Spectrogram 1	1	204.795	204.794858585	205.029640074	0.235	3187.5	4593.8	4125.0	29.7	47.0	55.9	204.795	/Users/mary/Desktop/listens_20180309/completed_listens/file5e571b08873c.wav	file5e571b08873c.wav	204.795	3030.3	4818.2	GCRF	
108	Spectrogram 1	1	205.333	205.333474943	205.526824404	0.193	3375.0	4312.5	3937.5	34.5	51.0	59.4	205.333	/Users/mary/Desktop/listens_20180309/completed_listens/file5e571b08873c.wav	file5e571b08873c.wav	205.333	3030.3	4666.7	GCRF	
109	Spectrogram 1	1	205.831	205.830659273	205.968766031	0.138	3937.5	4500.0	4218.8	29.9	41.9	50.0	205.831	/Users/mary/Desktop/listens_20180309/completed_listens/file5e571b08873c.wav	file5e571b08873c.wav	205.831	3848.5	4606.1	GCRF	
110	Spectrogram 1	1	206.438	206.438329010	206.617867796	0.180	3375.0	4593.8	4218.8	30.3	44.2	55.0	206.438	/Users/mary/Desktop/listens_20180309/completed_listens/file5e571b08873c.wav	file5e571b08873c.wav	206.438	3121.2	4818.2	GCRF	
111	Spectrogram 1	1	206.894	206.894081313	207.128862802	0.235	3562.5	4218.8	4031.2	35.4	53.5	60.9	206.894	/Users/mary/Desktop/listens_20180309/completed_listens/file5e571b08873c.wav	file5e571b08873c.wav	206.894	3121.2	4636.4	GCRF	
112	Spectrogram 1	1	207.566	207.565521815	207.800303304	0.235	2718.8	4312.5	3843.8	29.2	45.0	55.9	207.566	/Users/mary/Desktop/listens_20180309/completed_listens/file5e571b08873c.wav	file5e571b08873c.wav	207.566	2606.1	4545.5	GCRF	
113	Spectrogram 1	1	208.021	208.021274118	208.269866283	0.249	3281.2	4500.0	4125.0	32.4	48.8	58.9	208.021	/Users/mary/Desktop/listens_20180309/completed_listens/file5e571b08873c.wav	file5e571b08873c.wav	208.021	2909.1	4697.0	GCRF	
114	Spectrogram 1	1	208.822	208.822293316	208.988021426	0.166	3375.0	4406.2	4125.0	34.2	50.5	58.6	208.822	/Users/mary/Desktop/listens_20180309/completed_listens/file5e571b08873c.wav	file5e571b08873c.wav	208.822	3090.9	4727.3	GCRF	
115	Spectrogram 1	1	209.195	209.195181564	209.360909674	0.166	3281.2	4406.2	4031.2	29.2	43.1	52.5	209.195	/Users/mary/Desktop/listens_20180309/completed_listens/file5e571b08873c.wav	file5e571b08873c.wav	209.195	3212.1	4545.5	GCRF	
116	Spectrogram 1	1	209.594	209.594092015	210.353679186	0.760	1125.0	6656.2	4031.2	28.9	49.5	65.6	209.594	/Users/mary/Desktop/listens_20180309/completed_listens/file5e571b08873c.wav	file5e571b08873c.wav	209.594	787.9	7030.3	PIKA	
117	Spectrogram 1	1	210.437	210.436543241	210.588460676	0.152	3375.0	4312.5	4031.2	35.6	51.6	58.9	210.437	/Users/mary/Desktop/listens_20180309/completed_listens/file5e571b08873c.wav	file5e571b08873c.wav	210.437	3121.2	4515.2	GCRF	
118	Spectrogram 1	1	210.906	210.906106220	211.071834330	0.166	3468.8	4500.0	4125.0	29.5	43.7	52.5	210.906	/Users/mary/Desktop/listens_20180309/completed_listens/file5e571b08873c.wav	file5e571b08873c.wav	210.906	3393.9	4666.7	GCRF	
119	Spectrogram 1	1	209.829	209.828873504	210.036033642	0.207	3562.5	4406.2	4031.2	33.1	45.6	56.4	209.829	/Users/mary/Desktop/listens_20180309/completed_listens/file5e571b08873c.wav	file5e571b08873c.wav	209.829	3484.8	4545.5	GCRF	
120	Spectrogram 1	1	211.610	211.610450688	211.900474880	0.290	3375.0	4500.0	4125.0	33.4	52.4	60.3	211.610	/Users/mary/Desktop/listens_20180309/completed_listens/file5e571b08873c.wav	file5e571b08873c.wav	211.610	3090.9	4697.0	GCRF	
121	Spectrogram 1	1	212.149	212.149067046	212.328605831	0.180	3093.8	4406.2	3843.8	30.6	45.3	55.7	212.149	/Users/mary/Desktop/listens_20180309/completed_listens/file5e571b08873c.wav	file5e571b08873c.wav	212.149	2848.5	4666.7	GCRF	
122	Spectrogram 1	1	212.784	212.784358134	212.950086244	0.166	3375.0	4500.0	4125.0	32.1	46.9	56.3	212.784	/Users/mary/Desktop/listens_20180309/completed_listens/file5e571b08873c.wav	file5e571b08873c.wav	212.784	3212.1	4787.9	GCRF	
123	Spectrogram 1	1	213.282	213.281542464	223.556685290	10.275	3000.0	4500.0	4031.2	30.4	54.8	73.9	213.282	/Users/mary/Desktop/listens_20180309/completed_listens/file5e571b08873c.wav	file5e571b08873c.wav	213.282	2697.0	4818.2	GCRF	
124	Spectrogram 1	1	223.767	223.766999750	223.946538536	0.180	3093.8	4875.0	4125.0	28.6	42.2	54.6	223.767	/Users/mary/Desktop/listens_20180309/completed_listens/file5e571b08873c.wav	file5e571b08873c.wav	223.767	2878.8	5090.9	GCRF	
125	Spectrogram 1	1	224.623	224.623261653	224.913285845	0.290	3281.2	4593.8	4031.2	29.6	44.5	56.6	224.623	/Users/mary/Desktop/listens_20180309/completed_listens/file5e571b08873c.wav	file5e571b08873c.wav	224.623	3121.2	4787.9	GCRF	
126	Spectrogram 1	1	225.176	225.175688686	225.396659500	0.221	3187.5	4218.8	4031.2	31.6	47.7	56.5	225.176	/Users/mary/Desktop/listens_20180309/completed_listens/file5e571b08873c.wav	file5e571b08873c.wav	225.176	3030.3	4424.2	GCRF	
127	Spectrogram 1	1	226.142	226.142435995	226.294353429	0.152	3187.5	4312.5	3843.8	32.1	46.3	56.2	226.142	/Users/mary/Desktop/listens_20180309/completed_listens/file5e571b08873c.wav	file5e571b08873c.wav	226.142	2969.7	4666.7	GCRF	
128	Spectrogram 1	1	226.833	226.832969787	227.053940601	0.221	3281.2	4406.2	3937.5	27.7	39.6	52.3	226.833	/Users/mary/Desktop/listens_20180309/completed_listens/file5e571b08873c.wav	file5e571b08873c.wav	226.833	3212.1	4515.2	GCRF	
129	Spectrogram 1	1	227.303	227.302532766	227.537314255	0.235	3468.8	4406.2	4031.2	29.9	43.5	54.4	227.303	/Users/mary/Desktop/listens_20180309/completed_listens/file5e571b08873c.wav	file5e571b08873c.wav	227.303	3303.0	4545.5	GCRF	
130	Spectrogram 1	1	228.117	228.117362640	228.338333454	0.221	3187.5	4312.5	3843.8	30.3	46.1	55.2	228.117	/Users/mary/Desktop/listens_20180309/completed_listens/file5e571b08873c.wav	file5e571b08873c.wav	228.117	3090.9	4484.8	GCRF	
131	Spectrogram 1	1	228.573	228.573114943	228.807896432	0.235	3093.8	4218.8	3750.0	26.9	37.4	51.8	228.573	/Users/mary/Desktop/listens_20180309/completed_listens/file5e571b08873c.wav	file5e571b08873c.wav	228.573	3030.3	4363.6	GCRF	
132	Spectrogram 1	1	229.167	229.166974004	229.387944818	0.221	3093.8	4406.2	3843.8	27.8	40.6	53.3	229.167	/Users/mary/Desktop/listens_20180309/completed_listens/file5e571b08873c.wav	file5e571b08873c.wav	229.167	2909.1	4575.8	GCRF	
133	Spectrogram 1	1	230.189	230.188964016	230.396124154	0.207	3000.0	4031.2	3656.2	28.8	42.0	53.2	230.189	/Users/mary/Desktop/listens_20180309/completed_listens/file5e571b08873c.wav	file5e571b08873c.wav	230.189	2848.5	4212.1	GCRF	
134	Spectrogram 1	1	230.686	230.686148347	230.851876457	0.166	3187.5	4218.8	3656.2	28.0	38.2	51.0	230.686	/Users/mary/Desktop/listens_20180309/completed_listens/file5e571b08873c.wav	file5e571b08873c.wav	230.686	3090.9	4242.4	GCRF	
135	Spectrogram 1	1	231.460	231.459546194	231.708138359	0.249	3187.5	4406.2	3843.8	27.0	37.1	52.2	231.460	/Users/mary/Desktop/listens_20180309/completed_listens/file5e571b08873c.wav	file5e571b08873c.wav	231.460	3151.5	4454.5	GCRF	
136	Spectrogram 1	1	232.426	232.426293502	232.564400261	0.138	3281.2	4125.0	3750.0	29.7	42.3	51.6	232.426	/Users/mary/Desktop/listens_20180309/completed_listens/file5e571b08873c.wav	file5e571b08873c.wav	232.426	3151.5	4303.0	GCRF	
137	Spectrogram 1	1	239.632	239.631881081	239.839041218	0.207	1593.8	3750.0	3093.8	34.7	53.2	62.6	239.632	/Users/mary/Desktop/listens_20180309/completed_listens/file5e571b08873c.wav	file5e571b08873c.wav	239.632	1242.4	4272.7	GCRF	*
138	Spectrogram 1	1	246.915	246.915190709	247.619535177	0.704	1593.8	4593.8	3187.5	33.9	53.6	68.5	246.915	/Users/mary/Desktop/listens_20180309/completed_listens/file5e571b08873c.wav	file5e571b08873c.wav	246.915	1090.9	5242.4	GCRF	
139	Spectrogram 1	1	248.807	248.807253299	248.986792085	0.180	1593.8	4781.2	3375.0	31.0	49.9	59.6	248.807	/Users/mary/Desktop/listens_20180309/completed_listens/file5e571b08873c.wav	file5e571b08873c.wav	248.807	1242.4	5333.3	GCRF	
140	Spectrogram 1	1	249.898	249.898296691	250.119267504	0.221	1593.8	3937.5	3187.5	29.4	45.1	57.6	249.898	/Users/mary/Desktop/listens_20180309/completed_listens/file5e571b08873c.wav	file5e571b08873c.wav	249.898	1333.3	4272.7	GCRF	
141	Spectrogram 1	1	301.571	301.570625409	304.608974094	3.038	1875.0	10875.0	7218.8	26.6	38.2	71.3	301.571	/Users/mary/Desktop/listens_20180309/completed_listens/file5e571b08873c.wav	file5e571b08873c.wav	301.571	1413.0	11220.0	background	1413-11220
142	Spectrogram 1	1	321.681	321.680931868	322.247169578	0.566	1218.8	5343.8	3656.2	27.8	43.4	62.1	321.681	/Users/mary/Desktop/listens_20180309/completed_listens/file5e571b08873c.wav	file5e571b08873c.wav	321.681	1030.3	5697.0	PIKA	
143	Spectrogram 1	1	339.452	339.451827701	340.004254735	0.552	1312.5	6656.2	4031.2	28.8	45.0	64.1	339.452	/Users/mary/Desktop/listens_20180309/completed_listens/file5e571b08873c.wav	file5e571b08873c.wav	339.452	969.7	7090.9	PIKA	
144	Spectrogram 1	1	351.844	351.844094887	352.396521920	0.552	1312.5	6375.0	4031.2	28.0	45.9	63.0	351.844	/Users/mary/Desktop/listens_20180309/completed_listens/file5e571b08873c.wav	file5e571b08873c.wav	351.844	1090.9	6666.7	PIKA	
145	Spectrogram 1	1	362.194	362.194213646	362.788072708	0.594	1312.5	5625.0	3843.8	28.4	46.8	63.0	362.194	/Users/mary/Desktop/listens_20180309/completed_listens/file5e571b08873c.wav	file5e571b08873c.wav	362.194	1090.9	5909.1	PIKA	
146	Spectrogram 1	1	364.649	364.649012420	365.532895674	0.884	2812.5	3750.0	3281.2	27.2	37.7	56.8	364.649	/Users/mary/Desktop/listens_20180309/completed_listens/file5e571b08873c.wav	file5e571b08873c.wav	364.649	2727.3	3787.9	ROWR	
147	Spectrogram 1	1	369.240	369.239750419	370.358415162	1.119	2437.5	3000.0	2718.8	27.6	38.7	56.3	369.240	/Users/mary/Desktop/listens_20180309/completed_listens/file5e571b08873c.wav	file5e571b08873c.wav	369.240	2393.9	3030.3	ROWR	
148	Spectrogram 1	1	370.928	370.928375897	371.536045634	0.608	1406.2	6656.2	4125.0	29.9	51.1	65.5	370.928	/Users/mary/Desktop/listens_20180309/completed_listens/file5e571b08873c.wav	file5e571b08873c.wav	370.928	939.4	7030.3	PIKA	
149	Spectrogram 1	1	380.139	380.139271442	380.733130503	0.594	1406.2	6468.8	4125.0	31.7	53.6	67.2	380.139	/Users/mary/Desktop/listens_20180309/completed_listens/file5e571b08873c.wav	file5e571b08873c.wav	380.139	969.7	6969.7	PIKA	
150	Spectrogram 1	1	396.409	396.409106120	396.989154506	0.580	1406.2	5718.8	4031.2	32.9	53.8	68.1	396.409	/Users/mary/Desktop/listens_20180309/completed_listens/file5e571b08873c.wav	file5e571b08873c.wav	396.409	1090.9	6757.6	PIKA	
151	Spectrogram 1	1	398.901	398.900698096	400.198901625	1.298	3375.0	4031.2	3656.2	30.1	49.3	61.0	398.901	/Users/mary/Desktop/listens_20180309/completed_listens/file5e571b08873c.wav	file5e571b08873c.wav	398.901	3242.4	4151.5	GCRF	*pip pip pip
152	Spectrogram 1	1	434.396	434.396419397	435.708433602	1.312	3187.5	4031.2	3656.2	34.8	52.9	67.7	434.396	/Users/mary/Desktop/listens_20180309/completed_listens/file5e571b08873c.wav	file5e571b08873c.wav	434.396	2848.5	4363.6	ROWR	*DEJU
153	Spectrogram 1	1	438.927	438.926695983	440.031550050	1.105	3281.2	4031.2	3562.5	31.5	45.7	62.7	438.927	/Users/mary/Desktop/listens_20180309/completed_listens/file5e571b08873c.wav	file5e571b08873c.wav	438.927	3060.6	4272.7	ROWR	*
154	Spectrogram 1	1	444.120	444.119510099	445.403902952	1.284	3187.5	4031.2	3750.0	31.0	46.3	62.9	444.120	/Users/mary/Desktop/listens_20180309/completed_listens/file5e571b08873c.wav	file5e571b08873c.wav	444.120	3060.6	4242.4	ROWR	
155	Spectrogram 1	1	445.525	445.524566757	445.717916218	0.193	3468.8	4406.2	3937.5	27.1	41.3	50.2	445.525	/Users/mary/Desktop/listens_20180309/completed_listens/file5e571b08873c.wav	file5e571b08873c.wav	445.525	3393.9	4454.5	CAFI	
156	Spectrogram 1	1	471.764	471.763869179	472.993019328	1.229	2906.2	4031.2	3468.8	27.4	41.1	59.5	471.764	/Users/mary/Desktop/listens_20180309/completed_listens/file5e571b08873c.wav	file5e571b08873c.wav	471.764	2757.6	4060.6	ROWR	
157	Spectrogram 1	1	474.405	474.405269617	474.640051107	0.235	2812.5	3750.0	3281.2	28.5	40.8	52.8	474.405	/Users/mary/Desktop/listens_20180309/completed_listens/file5e571b08873c.wav	file5e571b08873c.wav	474.405	2757.6	3848.5	GCRF	
158	Spectrogram 1	1	575.773	575.773276923	576.021869088	0.249	6000.0	7875.0	6750.0	33.2	53.3	61.5	575.773	/Users/mary/Desktop/listens_20180309/completed_listens/file5e571b08873c.wav	file5e571b08873c.wav	575.773	5545.5	8333.3	WCSP	
159	Spectrogram 1	1	576.364	576.364132047	576.833695026	0.470	6000.0	7875.0	7031.2	35.3	56.5	67.2	576.364	/Users/mary/Desktop/listens_20180309/completed_listens/file5e571b08873c.wav	file5e571b08873c.wav	576.364	5242.4	8484.8	WCSP	
160	Spectrogram 1	1	577.013	577.013233812	577.234204625	0.221	6093.8	7500.0	6843.8	38.8	56.9	66.8	577.013	/Users/mary/Desktop/listens_20180309/completed_listens/file5e571b08873c.wav	file5e571b08873c.wav	577.013	5363.6	8242.4	WCSP	
161	Spectrogram 1	1	577.497	577.496607466	577.759010307	0.262	5906.2	7687.5	6843.8	32.4	49.9	60.7	577.497	/Users/mary/Desktop/listens_20180309/completed_listens/file5e571b08873c.wav	file5e571b08873c.wav	577.497	5393.9	7969.7	WCSP	
162	Spectrogram 1	1	578.077	578.076655851	578.863864374	0.787	5531.2	7781.2	6656.2	32.0	50.0	66.0	578.077	/Users/mary/Desktop/listens_20180309/completed_listens/file5e571b08873c.wav	file5e571b08873c.wav	578.077	4969.7	8181.8	WCSP	
163	Spectrogram 1	1	579.361	579.361048705	579.554398166	0.193	5906.2	7968.8	7031.2	30.4	47.2	57.1	579.361	/Users/mary/Desktop/listens_20180309/completed_listens/file5e571b08873c.wav	file5e571b08873c.wav	579.361	5697.0	8121.2	WCSP	
164	Spectrogram 1	1	580.245	580.244931958	580.438281420	0.193	6000.0	7406.2	6937.5	33.2	50.0	59.3	580.245	/Users/mary/Desktop/listens_20180309/completed_listens/file5e571b08873c.wav	file5e571b08873c.wav	580.245	5697.0	7757.6	WCSP	
165	Spectrogram 1	1	581.143	581.142625888	581.308353998	0.166	6281.2	7968.8	7031.2	31.9	47.1	58.0	581.143	/Users/mary/Desktop/listens_20180309/completed_listens/file5e571b08873c.wav	file5e571b08873c.wav	581.143	5848.5	8272.7	WCSP	
166	Spectrogram 1	1	581.999	581.998887790	582.164615900	0.166	6375.0	7875.0	7031.2	33.3	49.7	58.9	581.999	/Users/mary/Desktop/listens_20180309/completed_listens/file5e571b08873c.wav	file5e571b08873c.wav	581.999	5939.4	8121.2	WCSP	
167	Spectrogram 1	1	583.062	583.062309830	583.228037940	0.166	6281.2	7687.5	7125.0	32.5	44.6	57.6	583.062	/Users/mary/Desktop/listens_20180309/completed_listens/file5e571b08873c.wav	file5e571b08873c.wav	583.062	5939.4	7909.1	WCSP	
